0.0 -0.0978823596071
0.09503 0.289011478048
0.19006 0.65161053857
0.28509 0.928698953903
0.38012 1.0780870607
0.47515 1.08996354192
0.57018 0.986746675686
0.66521 0.810459602751
0.76024 0.603821459525
0.85527 0.393299727862
0.9503 0.181955494514
1.04533 -0.044637446398
1.14036 -0.302799370719
1.23539 -0.592759503867
1.33042 -0.886645976535
1.42545 -1.129381331
1.52048 -1.25383409585
1.61551 -1.20371751211
1.71054 -0.951422750991
1.80557 -0.502189098373
1.9006 0.110402279548
1.99563 0.82730547749
2.09066 1.56228268805
2.18569 2.19963172399
2.28072 2.59608451047
2.37575 2.59337480772
2.47078 2.05006311267
2.56581 0.892388352148
2.66084 -0.832313767838
2.75587 -2.92366747162
2.8509 -5.03404313453
2.94593 -6.71567944934
3.04096 -7.50423360233
3.13599 -7.02750495817
3.23102 -5.12084026555
3.32605 -1.91844101911
3.42108 2.12075420206
3.51611 6.28272126154
3.61114 9.75674163773
3.70617 11.8362223721
3.8012 12.0979652557
3.89623 10.5046945913
3.99126 7.40204102064
4.08629 3.41427847258
4.18132 -0.726930950903
4.27635 -4.36723306278
4.37138 -7.07132245146
4.46641 -8.68158371997
4.56144 -9.28430470337
4.65647 -9.10849020445
4.7515 -8.40475024509
4.84653 -7.35279263566
4.94156 -6.02848405575
5.03659 -4.43318812903
5.13162 -2.56005769636
5.22665 -0.457904894271
5.32168 1.73981393624
5.41671 3.83196346285
5.51174 5.60136847427
5.60677 6.8765011335
5.7018 7.57697261406
5.79683 7.72518746128
5.89186 7.42105334857
5.98689 6.79184455998
6.08192 5.93987198962
6.17695 4.91133065849
6.27198 3.69960356998
6.36701 2.27989382112
6.46204 0.657101139758
6.55707 -1.09756545346
6.6521 -2.84091858105
6.74713 -4.38835803611
6.84216 -5.56861987359
6.93719 -6.27916299886
7.03222 -6.51825762423
7.12725 -6.38013036185
7.22228 -6.01512000947
7.31731 -5.57075992074
7.41234 -5.13701375715
7.50737 -4.71696190897
7.6024 -4.23403175216
7.69743 -3.5723438364
7.79246 -2.63325398086
7.88749 -1.38472743727
7.98252 0.116256884572
8.07755 1.73623955639
8.17258 3.30575228316
8.26761 4.66959867025
8.36264 5.72646741404
8.45767 6.44395983508
8.5527 6.84659651616
8.64773 6.98551305727
8.74276 6.90501620716
8.83779 6.62063460501
8.93282 6.11674043193
9.02785 5.3627438202
9.12288 4.33910055566
9.21791 3.06080054903
9.31294 1.58781900114
9.40797 0.0183892797876
9.503 -1.53125943623
9.59803 -2.95173977936
9.69306 -4.16015230961
9.78809 -5.1084442195
9.88312 -5.78042638386
9.97815 -6.18228296249
10.07318 -6.33271310869
10.16821 -6.25670016215
10.26324 -5.98331648151
10.35827 -5.54527771628
10.4533 -4.97739607964
10.54833 -4.31252000141
10.64336 -3.57603659828
10.73839 -2.78197702519
10.83342 -1.93376730218
10.92845 -1.0304945548
11.02348 -0.0764474711705
11.11851 0.910453303767
11.21354 1.89562108664
11.30857 2.83212048673
11.4036 3.67079932419
11.49863 4.37172302974
11.59366 4.91164324428
11.68869 5.28434467832
11.78372 5.49452640073
11.87875 5.54916221176
11.97378 5.45126598429
12.06881 5.19929009124
12.16384 4.79205447678
12.25887 4.23593216598
12.3539 3.54971382607
12.44893 2.76387349946
12.54396 1.91416607978
12.63899 1.03282054206
12.73402 0.142158503123
12.82905 -0.745641396604
12.92408 -1.62217182116
13.01911 -2.47308262789
13.11414 -3.2704658315
13.20917 -3.9721373435
13.3042 -4.52936084475
13.39923 -4.90032293386
13.49426 -5.0636145332
13.58929 -5.02567176511
13.68432 -4.81874924103
13.77935 -4.49023256407
13.87438 -4.08786812326
13.96941 -3.64701305631
14.06444 -3.18466493188
14.15947 -2.70162627157
14.2545 -2.19045698864
14.34953 -1.64466937018
14.44456 -1.06484266413
14.53959 -0.459599669798
14.63462 0.157665536512
14.72965 0.773372059541
14.82468 1.37652454425
14.91971 1.95811308741
15.01474 2.50786534651
15.10977 3.0107542652
15.2048 3.44584994955
15.29983 3.78879282164
15.39486 4.01717210497
15.48989 4.11654542957
15.58492 4.08453203278
15.67995 3.93141723488
15.77498 3.67737385708
15.87001 3.34779960153
15.96504 2.96870444246
16.06007 2.56348501365
16.1551 2.15130815238
16.25013 1.74643584419
16.34516 1.35766532962
16.44019 0.987613402839
16.53522 0.632351815652
16.63025 0.282279139353
16.72528 -0.0752460997615
16.82031 -0.451916003426
16.91534 -0.854451818173
17.01037 -1.28215663691
17.1054 -1.7270244452
17.20043 -2.17614124839
17.29546 -2.61494086511
17.39049 -3.02948314025
17.48552 -3.40659088966
17.58055 -3.73208027398
17.67558 -3.98865616877
17.77061 -4.15551121591
17.86564 -4.21091341944
17.96067 -4.13743015278
18.0557 -3.92778830546
18.15073 -3.58864913241
18.24576 -3.14025961703
18.34079 -2.61175736632
18.43582 -2.03394956061
18.53085 -1.43259549802
18.62588 -0.82494711214
18.72091 -0.220664563413
18.81594 0.373936568266
18.91097 0.950920990437
19.006 1.49785277804
19.10103 1.99853995606
19.19606 2.43694157467
19.29109 2.80209178302
19.38612 3.09140077876
19.48115 3.31059420128
19.57618 3.47031516304
19.67121 3.58107268203
19.76624 3.64891821965
19.86127 3.67367007425
19.9563 3.65007603888
20.05133 3.57083867328
20.14636 3.42971272287
20.24139 3.2232327458
20.33642 2.95073142072
20.43145 2.61344643417
20.52648 2.21399452609
20.62151 1.75705470593
20.71654 1.25105996004
20.81157 0.709732150381
20.9066 0.15204932806
21.00163 -0.400082243271
21.09666 -0.92592346168
21.19169 -1.41013100823
21.28672 -1.8451976096
21.38175 -2.23093546897
21.47678 -2.5712595917
21.57181 -2.8698618687
21.66684 -3.12687791363
21.76187 -3.33805085322
21.8569 -3.49651663274
21.95193 -3.59593589877
22.04696 -3.63305006867
22.14199 -3.60819277143
22.23702 -3.52357214125
22.33205 -3.38051649995
22.42708 -3.17755515684
22.52211 -2.91078943253
22.61714 -2.57671689172
22.71217 -2.17622205834
22.8072 -1.71765576554
22.90223 -1.21725234757
22.99726 -0.696424956151
23.09229 -0.177049233034
23.18732 0.323146269899
23.28235 0.793054837211
23.37738 1.2276346993
23.47241 1.62498103708
23.56744 1.98283831376
23.66247 2.29651198041
23.7575 2.55923920187
23.85253 2.76465214872
23.94756 2.9098032572
24.04259 2.99694201004
24.13762 3.0329599293
24.23265 3.02672531718
24.32768 2.98568082822
24.42271 2.91345048618
24.51774 2.80961780973
24.61277 2.67164175646
24.7078 2.49774210373
24.80283 2.28912518255
24.89786 2.05036018122
24.99289 1.7877834868
25.08792 1.50690155543
25.18295 1.21029038408
25.27798 0.897191853005
25.37301 0.565080117407
25.46804 0.212437193364
25.56307 -0.158615597004
25.6581 -0.541056314063
25.75313 -0.923572212735
25.84816 -1.29264462727
25.94319 -1.63511773938
26.03822 -1.94022856274
26.13325 -2.20053704556
26.22828 -2.41182339352
26.32331 -2.5724461643
26.41834 -2.68268578411
26.51337 -2.74430774765
26.6084 -2.76023203067
26.70343 -2.73405599282
26.79846 -2.66933786304
26.89349 -2.56886799114
26.98852 -2.43436748917
27.08355 -2.26695008705
27.17858 -2.0682681792
27.27361 -1.8417748705
27.36864 -1.5933013533
27.46367 -1.33038590364
27.5587 -1.06043546092
27.65373 -0.788521089882
27.74876 -0.515977182762
27.84379 -0.240719719977
27.93882 0.0406133732958
28.03385 0.329569470862
28.12888 0.623310635759
28.22391 0.91390966543
28.31894 1.19000630327
28.41397 1.44015629238
28.509 1.65633693234
28.60403 1.83585184477
28.69906 1.98102586543
28.79409 2.09685366031
28.88912 2.18761637798
28.98415 2.25446837839
29.07918 2.29504071351
29.17421 2.30508286755
29.26924 2.28108252378
29.36427 2.22233719136
29.4593 2.13134005678
29.55433 2.01235142332
29.64936 1.8690830173
29.74439 1.70293211705
29.83942 1.5128823737
29.93445 1.29722063884
30.02948 1.05614937582
30.12451 0.793806437579
30.21954 0.518464870039
30.31457 0.240642337532
30.4096 -0.0300164514377
30.50463 -0.287529960354
30.59966 -0.530619733085
30.69469 -0.761463762239
30.78972 -0.982795258898
30.88475 -1.1948093979
30.97978 -1.39340607041
31.07481 -1.57058619877
31.16984 -1.71673224657
31.26487 -1.82362075991
31.3599 -1.88677823913
31.45493 -1.90627360937
31.54996 -1.88592414386
31.64499 -1.83166623526
31.74002 -1.7500964726
31.83505 -1.64783335708
31.93008 -1.5316515268
32.02511 -1.40874883188
32.12014 -1.28638823817
32.21517 -1.17058227929
32.3102 -1.06419765565
32.40523 -0.965416494716
32.50026 -0.867542882706
32.59529 -0.760618607072
32.69032 -0.634469271825
32.78535 -0.482085235509
32.88038 -0.302034761706
32.97541 -0.0990220314927
33.07044 0.117476394957
33.16547 0.335759510607
33.2605 0.544507945837
33.35553 0.734507518447
33.45056 0.899158649676
33.54559 1.0341089641
33.64062 1.13670952527
33.73565 1.20588635482
33.83068 1.24255167303
33.92571 1.25016614199
34.02074 1.23482620517
34.11577 1.20443436565
34.2108 1.16700547538
34.30583 1.12867643413
34.40086 1.09221892605
34.49589 1.05666849409
34.59092 1.01818043632
34.68595 0.971679685851
34.78098 0.912576629951
34.87601 0.837912416544
34.97104 0.746693184933
35.06607 0.639626428161
35.1611 0.518722415287
35.25613 0.387143293925
35.35116 0.249349802733
35.44619 0.111239232256
35.54122 -0.0201711325404
35.63625 -0.137775536994
35.73128 -0.235967585153
35.82631 -0.312213035043
35.92134 -0.367883119145
36.01637 -0.407850449559
36.1114 -0.438869229969
36.20643 -0.467321806653
36.30146 -0.49722820922
36.39649 -0.529316033608
36.49152 -0.561474304018
36.58655 -0.590294173815
36.68158 -0.612929718054
36.77661 -0.62841211773
36.87164 -0.637853638767
36.96667 -0.643524053599
37.0617 -0.647306027106
37.15673 -0.649299742094
37.25176 -0.647250004178
37.34679 -0.63708155977
37.44182 -0.614341826512
37.53685 -0.575977797545
37.63188 -0.521755256201
37.72691 -0.454782657774
37.82194 -0.380940660992
37.91697 -0.307400255467
38.012 -0.240706258124
38.10703 -0.185027912899
38.20206 -0.141115133901
38.29709 -0.106278799047
38.39212 -0.0754010937706
38.48715 -0.0426615730628
38.58218 -0.00342822376545
38.67721 0.0443084505697
38.77224 0.099443289249
38.86727 0.158368767314
38.9623 0.216445540147
39.05733 0.269743153111
39.15236 0.316337581096
39.24739 0.356620303822
39.34242 0.392489297125
39.43745 0.425790732937
39.53248 0.456740481969
39.62751 0.483099979366
39.72254 0.500569068622
39.81757 0.504313061336
39.9126 0.491005365892
40.00763 0.460492328077
40.10266 0.416312476235
40.19769 0.364782784821
40.29272 0.312986028412
40.38775 0.266472458562
40.48278 0.227607535171
40.57781 0.195205581295
40.67284 0.165527581606
40.76787 0.134150396346
40.8629 0.0978887283485
40.95793 0.0559998177751
41.05296 0.0102752076242
41.14799 -0.0358690201498
41.24302 -0.0787892442787
41.33805 -0.115852542705
41.43308 -0.146035893492
41.52811 -0.16975704995
41.62314 -0.188161400131
41.71817 -0.202286131208
41.8132 -0.21249929703
41.90823 -0.218414701414
42.00326 -0.219234072431
42.09829 -0.214289446381
42.19332 -0.203517923158
42.28835 -0.187686003739
42.38338 -0.168322061946
42.47841 -0.147433166608
42.57344 -0.127129669646
42.66847 -0.10926119273
42.7635 -0.0951200362369
42.85853 -0.0852347630908
42.95356 -0.0792745725011
43.04859 -0.0760984612866
43.14362 -0.0739803957468
43.23865 -0.071001896066
43.33368 -0.0655350997839
43.42871 -0.0566783498432
43.52374 -0.0444941455047
43.61877 -0.0299557319453
43.7138 -0.0146162336675
43.80883 -0.000124674964523
43.90386 0.0122276174539
43.99889 0.0217690295841
44.09392 0.0284498560001
44.18895 0.0326336927291
44.28398 0.0348112040969
44.37901 0.0353821646973
44.47404 0.0345927069335
44.56907 0.0326200534781
44.6641 0.0297181693083
44.75913 0.026313939022
44.85416 0.0229820409413
44.94919 0.0203017277274
45.04422 0.018667214811
45.13925 0.0181492422336
45.23428 0.0184779678565
45.32931 0.019154979471
45.42434 0.0196399908315
45.51937 0.0195276001354
45.6144 0.0186435181848
45.70943 0.0170359657555
45.80446 0.0148892826467
45.89949 0.0124167610688
45.99452 0.00978648698767
46.08955 0.00710465345743
46.18458 0.00444506077009
46.27961 0.00189124027828
46.37464 -0.000441767718322
46.46967 -0.00242005033738
46.5647 -0.00392852760797
46.65973 -0.00491035309944
46.75476 -0.00538622142042
46.84979 -0.00544534216427
46.94482 -0.00521557622471
47.03985 -0.0048289234092
47.13488 -0.00439675804454
47.22991 -0.00400025064377
47.32494 -0.00369214551374
47.41997 -0.00350205290083
47.515 -0.0034397079186
47.61003 -0.0034397079186
47.70506 -0.0034397079186
47.80009 -0.0034397079186
47.89512 -0.0034397079186
47.99015 -0.0034397079186
48.08518 -0.0034397079186
48.18021 -0.0034397079186
48.27524 -0.0034397079186
48.37027 -0.0034397079186
48.4653 -0.0034397079186
48.56033 -0.0034397079186
48.65536 -0.0034397079186
48.75039 -0.0034397079186
48.84542 -0.0034397079186
48.94045 -0.0034397079186
49.03548 -0.0034397079186
49.13051 -0.0034397079186
49.22554 -0.0034397079186
49.32057 -0.0034397079186
49.4156 -0.0034397079186
49.51063 -0.0034397079186
49.60566 -0.0034397079186
49.70069 -0.0034397079186
49.79572 -0.0034397079186
49.89075 -0.0034397079186
49.98578 -0.0034397079186
50.08081 -0.0034397079186
50.17584 -0.0034397079186
50.27087 -0.0034397079186
50.3659 -0.0034397079186
50.46093 -0.0034397079186
50.55596 -0.0034397079186
50.65099 -0.0034397079186
50.74602 -0.0034397079186
50.84105 -0.0034397079186
50.93608 -0.0034397079186
51.03111 -0.0034397079186
51.12614 -0.0034397079186
51.22117 -0.0034397079186
51.3162 -0.0034397079186
51.41123 -0.0034397079186
51.50626 -0.0034397079186
51.60129 -0.0034397079186
51.69632 -0.0034397079186
51.79135 -0.0034397079186
51.88638 -0.0034397079186
51.98141 -0.0034397079186
52.07644 -0.0034397079186
52.17147 -0.0034397079186
52.2665 -0.0034397079186
52.36153 -0.0034397079186
52.45656 -0.0034397079186
52.55159 -0.0034397079186
52.64662 -0.0034397079186
52.74165 -0.0034397079186
52.83668 -0.0034397079186
52.93171 -0.0034397079186
53.02674 -0.0034397079186
53.12177 -0.0034397079186
53.2168 -0.0034397079186
53.31183 -0.0034397079186
53.40686 -0.0034397079186
53.50189 -0.0034397079186
53.59692 -0.0034397079186
53.69195 -0.0034397079186
53.78698 -0.0034397079186
53.88201 -0.0034397079186
53.97704 -0.0034397079186
54.07207 -0.0034397079186
54.1671 -0.0034397079186
54.26213 -0.0034397079186
54.35716 -0.0034397079186
54.45219 -0.0034397079186
54.54722 -0.0034397079186
54.64225 -0.0034397079186
54.73728 -0.0034397079186
54.83231 -0.0034397079186
54.92734 -0.0034397079186
55.02237 -0.0034397079186
55.1174 -0.0034397079186
55.21243 -0.0034397079186
55.30746 -0.0034397079186
55.40249 -0.0034397079186
55.49752 -0.0034397079186
55.59255 -0.0034397079186
55.68758 -0.0034397079186
55.78261 -0.0034397079186
55.87764 -0.0034397079186
55.97267 -0.0034397079186
56.0677 -0.0034397079186
56.16273 -0.0034397079186
56.25776 -0.0034397079186
56.35279 -0.0034397079186
56.44782 -0.0034397079186
56.54285 -0.0034397079186
56.63788 -0.0034397079186
56.73291 -0.0034397079186
56.82794 -0.0034397079186
56.92297 -0.0034397079186
57.018 -0.0034397079186
57.11303 -0.0034397079186
57.20806 -0.0034397079186
57.30309 -0.0034397079186
57.39812 -0.0034397079186
57.49315 -0.0034397079186
57.58818 -0.0034397079186
57.68321 -0.0034397079186
57.77824 -0.0034397079186
57.87327 -0.0034397079186
57.9683 -0.0034397079186
58.06333 -0.0034397079186
58.15836 -0.0034397079186
58.25339 -0.0034397079186
58.34842 -0.0034397079186
58.44345 -0.0034397079186
58.53848 -0.0034397079186
58.63351 -0.0034397079186
58.72854 -0.0034397079186
58.82357 -0.0034397079186
58.9186 -0.0034397079186
59.01363 -0.0034397079186
59.10866 -0.0034397079186
59.20369 -0.0034397079186
59.29872 -0.0034397079186
59.39375 -0.0034397079186
59.48878 -0.0034397079186
59.58381 -0.0034397079186
59.67884 -0.0034397079186
59.77387 -0.0034397079186
59.8689 -0.0034397079186
59.96393 -0.0034397079186
60.05896 -0.0034397079186
60.15399 -0.0034397079186
60.24902 -0.0034397079186
60.34405 -0.0034397079186
60.43908 -0.0034397079186
60.53411 -0.0034397079186
60.62914 -0.0034397079186
60.72417 -0.0034397079186
60.8192 -0.0034397079186
60.91423 -0.0034397079186
61.00926 -0.0034397079186
61.10429 -0.0034397079186
61.19932 -0.0034397079186
61.29435 -0.0034397079186
61.38938 -0.0034397079186
61.48441 -0.0034397079186
61.57944 -0.0034397079186
61.67447 -0.0034397079186
61.7695 -0.0034397079186
61.86453 -0.0034397079186
61.95956 -0.0034397079186
62.05459 -0.0034397079186
62.14962 -0.0034397079186
62.24465 -0.0034397079186
62.33968 -0.0034397079186
62.43471 -0.0034397079186
62.52974 -0.0034397079186
62.62477 -0.0034397079186
62.7198 -0.0034397079186
62.81483 -0.0034397079186
62.90986 -0.0034397079186
63.00489 -0.0034397079186
63.09992 -0.0034397079186
63.19495 -0.0034397079186
63.28998 -0.0034397079186
63.38501 -0.0034397079186
63.48004 -0.0034397079186
63.57507 -0.0034397079186
63.6701 -0.0034397079186
63.76513 -0.0034397079186
63.86016 -0.0034397079186
63.95519 -0.0034397079186
64.05022 -0.0034397079186
64.14525 -0.0034397079186
64.24028 -0.0034397079186
64.33531 -0.0034397079186
64.43034 -0.0034397079186
64.52537 -0.0034397079186
64.6204 -0.0034397079186
64.71543 -0.0034397079186
64.81046 -0.0034397079186
64.90549 -0.0034397079186
65.00052 -0.0034397079186
65.09555 -0.0034397079186
65.19058 -0.0034397079186
65.28561 -0.0034397079186
65.38064 -0.0034397079186
65.47567 -0.0034397079186
65.5707 -0.0034397079186
65.66573 -0.0034397079186
65.76076 -0.0034397079186
65.85579 -0.0034397079186
65.95082 -0.0034397079186
66.04585 -0.0034397079186
66.14088 -0.0034397079186
66.23591 -0.0034397079186
66.33094 -0.0034397079186
66.42597 -0.0034397079186
66.521 -0.0034397079186
66.61603 -0.0034397079186
66.71106 -0.0034397079186
66.80609 -0.0034397079186
66.90112 -0.0034397079186
66.99615 -0.0034397079186
67.09118 -0.0034397079186
67.18621 -0.0034397079186
67.28124 -0.0034397079186
67.37627 -0.0034397079186
67.4713 -0.0034397079186
67.56633 -0.0034397079186
67.66136 -0.0034397079186
67.75639 -0.0034397079186
67.85142 -0.0034397079186
67.94645 -0.0034397079186
68.04148 -0.0034397079186
68.13651 -0.0034397079186
68.23154 -0.0034397079186
68.32657 -0.0034397079186
68.4216 -0.0034397079186
68.51663 -0.0034397079186
68.61166 -0.0034397079186
68.70669 -0.0034397079186
68.80172 -0.0034397079186
68.89675 -0.0034397079186
68.99178 -0.0034397079186
69.08681 -0.0034397079186
69.18184 -0.0034397079186
69.27687 -0.0034397079186
69.3719 -0.0034397079186
69.46693 -0.0034397079186
69.56196 -0.0034397079186
69.65699 -0.0034397079186
69.75202 -0.0034397079186
69.84705 -0.0034397079186
69.94208 -0.0034397079186
70.03711 -0.0034397079186
70.13214 -0.0034397079186
70.22717 -0.0034397079186
70.3222 -0.0034397079186
70.41723 -0.0034397079186
70.51226 -0.0034397079186
70.60729 -0.0034397079186
70.70232 -0.0034397079186
70.79735 -0.0034397079186
70.89238 -0.0034397079186
70.98741 -0.0034397079186
71.08244 -0.0034397079186
71.17747 -0.0034397079186
71.2725 -0.0034397079186
71.36753 -0.0034397079186
71.46256 -0.0034397079186
71.55759 -0.0034397079186
71.65262 -0.0034397079186
71.74765 -0.0034397079186
71.84268 -0.0034397079186
71.93771 -0.0034397079186
72.03274 -0.0034397079186
72.12777 -0.0034397079186
72.2228 -0.0034397079186
72.31783 -0.0034397079186
72.41286 -0.0034397079186
72.50789 -0.0034397079186
72.60292 -0.0034397079186
72.69795 -0.0034397079186
72.79298 -0.0034397079186
72.88801 -0.0034397079186
72.98304 -0.0034397079186
73.07807 -0.0034397079186
73.1731 -0.0034397079186
73.26813 -0.0034397079186
73.36316 -0.0034397079186
73.45819 -0.0034397079186
73.55322 -0.0034397079186
73.64825 -0.0034397079186
73.74328 -0.0034397079186
73.83831 -0.0034397079186
73.93334 -0.0034397079186
74.02837 -0.0034397079186
74.1234 -0.0034397079186
74.21843 -0.0034397079186
74.31346 -0.0034397079186
74.40849 -0.0034397079186
74.50352 -0.0034397079186
74.59855 -0.0034397079186
74.69358 -0.0034397079186
74.78861 -0.0034397079186
74.88364 -0.0034397079186
74.97867 -0.0034397079186
75.0737 -0.0034397079186
75.16873 -0.0034397079186
75.26376 -0.0034397079186
75.35879 -0.0034397079186
75.45382 -0.0034397079186
75.54885 -0.0034397079186
75.64388 -0.0034397079186
75.73891 -0.0034397079186
75.83394 -0.0034397079186
75.92897 -0.0034397079186
76.024 -0.0034397079186
76.11903 -0.0034397079186
76.21406 -0.0034397079186
76.30909 -0.0034397079186
76.40412 -0.0034397079186
76.49915 -0.0034397079186
76.59418 -0.0034397079186
76.68921 -0.0034397079186
76.78424 -0.0034397079186
76.87927 -0.0034397079186
76.9743 -0.0034397079186
77.06933 -0.0034397079186
77.16436 -0.0034397079186
77.25939 -0.0034397079186
77.35442 -0.0034397079186
77.44945 -0.0034397079186
77.54448 -0.0034397079186
77.63951 -0.0034397079186
77.73454 -0.0034397079186
77.82957 -0.0034397079186
77.9246 -0.0034397079186
78.01963 -0.0034397079186
78.11466 -0.0034397079186
78.20969 -0.0034397079186
78.30472 -0.0034397079186
78.39975 -0.0034397079186
78.49478 -0.0034397079186
78.58981 -0.0034397079186
78.68484 -0.0034397079186
78.77987 -0.0034397079186
78.8749 -0.0034397079186
78.96993 -0.0034397079186
79.06496 -0.0034397079186
79.15999 -0.0034397079186
79.25502 -0.0034397079186
79.35005 -0.0034397079186
79.44508 -0.0034397079186
79.54011 -0.0034397079186
79.63514 -0.0034397079186
79.73017 -0.0034397079186
79.8252 -0.0034397079186
79.92023 -0.0034397079186
80.01526 -0.0034397079186
80.11029 -0.0034397079186
80.20532 -0.0034397079186
80.30035 -0.0034397079186
80.39538 -0.0034397079186
80.49041 -0.0034397079186
80.58544 -0.0034397079186
80.68047 -0.0034397079186
80.7755 -0.0034397079186
80.87053 -0.0034397079186
80.96556 -0.0034397079186
81.06059 -0.0034397079186
81.15562 -0.0034397079186
81.25065 -0.0034397079186
81.34568 -0.0034397079186
81.44071 -0.0034397079186
81.53574 -0.0034397079186
81.63077 -0.0034397079186
81.7258 -0.0034397079186
81.82083 -0.0034397079186
81.91586 -0.0034397079186
82.01089 -0.0034397079186
82.10592 -0.0034397079186
82.20095 -0.0034397079186
82.29598 -0.0034397079186
82.39101 -0.0034397079186
82.48604 -0.0034397079186
82.58107 -0.0034397079186
82.6761 -0.0034397079186
82.77113 -0.0034397079186
82.86616 -0.0034397079186
82.96119 -0.0034397079186
83.05622 -0.0034397079186
83.15125 -0.0034397079186
83.24628 -0.0034397079186
83.34131 -0.0034397079186
83.43634 -0.0034397079186
83.53137 -0.0034397079186
83.6264 -0.0034397079186
83.72143 -0.0034397079186
83.81646 -0.0034397079186
83.91149 -0.0034397079186
84.00652 -0.0034397079186
84.10155 -0.0034397079186
84.19658 -0.0034397079186
84.29161 -0.0034397079186
84.38664 -0.0034397079186
84.48167 -0.0034397079186
84.5767 -0.0034397079186
84.67173 -0.0034397079186
84.76676 -0.0034397079186
84.86179 -0.0034397079186
84.95682 -0.0034397079186
85.05185 -0.0034397079186
85.14688 -0.0034397079186
85.24191 -0.0034397079186
85.33694 -0.0034397079186
85.43197 -0.0034397079186
85.527 -0.0034397079186
85.62203 -0.0034397079186
85.71706 -0.0034397079186
85.81209 -0.0034397079186
85.90712 -0.0034397079186
86.00215 -0.0034397079186
86.09718 -0.0034397079186
86.19221 -0.0034397079186
86.28724 -0.0034397079186
86.38227 -0.0034397079186
86.4773 -0.0034397079186
86.57233 -0.0034397079186
86.66736 -0.0034397079186
86.76239 -0.0034397079186
86.85742 -0.0034397079186
86.95245 -0.0034397079186
87.04748 -0.0034397079186
87.14251 -0.0034397079186
87.23754 -0.0034397079186
87.33257 -0.0034397079186
87.4276 -0.0034397079186
87.52263 -0.0034397079186
87.61766 -0.0034397079186
87.71269 -0.0034397079186
87.80772 -0.0034397079186
87.90275 -0.0034397079186
87.99778 -0.0034397079186
88.09281 -0.0034397079186
88.18784 -0.0034397079186
88.28287 -0.0034397079186
88.3779 -0.0034397079186
88.47293 -0.0034397079186
88.56796 -0.0034397079186
88.66299 -0.0034397079186
88.75802 -0.0034397079186
88.85305 -0.0034397079186
88.94808 -0.0034397079186
89.04311 -0.0034397079186
89.13814 -0.0034397079186
89.23317 -0.0034397079186
89.3282 -0.0034397079186
89.42323 -0.0034397079186
89.51826 -0.0034397079186
89.61329 -0.0034397079186
89.70832 -0.0034397079186
89.80335 -0.0034397079186
89.89838 -0.0034397079186
89.99341 -0.0034397079186
90.08844 -0.0034397079186
90.18347 -0.0034397079186
90.2785 -0.0034397079186
90.37353 -0.0034397079186
90.46856 -0.0034397079186
90.56359 -0.0034397079186
90.65862 -0.0034397079186
90.75365 -0.0034397079186
90.84868 -0.0034397079186
90.94371 -0.0034397079186
91.03874 -0.0034397079186
91.13377 -0.0034397079186
91.2288 -0.0034397079186
91.32383 -0.0034397079186
91.41886 -0.0034397079186
91.51389 -0.0034397079186
91.60892 -0.0034397079186
91.70395 -0.0034397079186
91.79898 -0.0034397079186
91.89401 -0.0034397079186
91.98904 -0.0034397079186
92.08407 -0.0034397079186
92.1791 -0.0034397079186
92.27413 -0.0034397079186
92.36916 -0.0034397079186
92.46419 -0.0034397079186
92.55922 -0.0034397079186
92.65425 -0.0034397079186
92.74928 -0.0034397079186
92.84431 -0.0034397079186
92.93934 -0.0034397079186
93.03437 -0.0034397079186
93.1294 -0.0034397079186
93.22443 -0.0034397079186
93.31946 -0.0034397079186
93.41449 -0.0034397079186
93.50952 -0.0034397079186
93.60455 -0.0034397079186
93.69958 -0.0034397079186
93.79461 -0.0034397079186
93.88964 -0.0034397079186
93.98467 -0.0034397079186
94.0797 -0.0034397079186
94.17473 -0.0034397079186
94.26976 -0.0034397079186
94.36479 -0.0034397079186
94.45982 -0.0034397079186
94.55485 -0.0034397079186
94.64988 -0.0034397079186
94.74491 -0.0034397079186
94.83994 -0.0034397079186
94.93497 -0.0034397079186
95.03 -0.0034397079186
95.12503 -0.0034397079186
95.22006 -0.0034397079186
95.31509 -0.0034397079186
95.41012 -0.0034397079186
95.50515 -0.0034397079186
95.60018 -0.0034397079186
95.69521 -0.0034397079186
95.79024 -0.0034397079186
95.88527 -0.0034397079186
95.9803 -0.0034397079186
96.07533 -0.0034397079186
96.17036 -0.0034397079186
96.26539 -0.0034397079186
96.36042 -0.0034397079186
96.45545 -0.0034397079186
96.55048 -0.0034397079186
96.64551 -0.0034397079186
96.74054 -0.0034397079186
96.83557 -0.0034397079186
96.9306 -0.0034397079186
97.02563 -0.0034397079186
97.12066 -0.0034397079186
97.21569 -0.0034397079186
