0.0 0.0338461940557
0.0908954 0.266688769122
0.1817908 0.480992936671
0.2726862 0.640840932892
0.3635816 0.729390679383
0.454477 0.757909778376
0.5453724 0.759213219166
0.6362678 0.768289934154
0.7271632 0.79985104012
0.8180586 0.834367930484
0.908954 0.821029951186
0.9998494 0.698214017611
1.0907448 0.423131069028
1.1816402 -0.0020644212558
1.2725356 -0.519302057752
1.363431 -1.02498066882
1.4543264 -1.3992162606
1.5452218 -1.54260230305
1.6361172 -1.40393532225
1.7270126 -0.987636489434
1.817908 -0.344290364905
1.9088034 0.443166960302
1.9996988 1.26851315134
2.0905942 2.00531790901
2.1814896 2.50794060953
2.272385 2.61901413686
2.3632804 2.19451658889
2.4541758 1.1495530669
2.5450712 -0.488102239324
2.6359666 -2.54018014936
2.726862 -4.675665531
2.8177574 -6.45203687145
2.9086528 -7.39629899469
2.9995482 -7.11295769337
3.0904436 -5.39898054788
3.181339 -2.33699773235
3.2722344 1.66958568056
3.3631298 5.9479322486
3.4540252 9.69298335107
3.5449206 12.1551949741
3.635816 12.8231185691
3.7267114 11.5468131557
3.8176068 8.56746036555
3.9085022 4.44708863262
3.9993976 -0.0790378477502
4.090293 -4.28328904396
4.1811884 -7.60703634525
4.2720838 -9.75751879929
4.3629792 -10.7179191905
4.4538746 -10.678865925
4.54477 -9.92544434902
4.6356654 -8.72471400779
4.7265608 -7.25271615516
4.8174562 -5.58018448344
4.9083516 -3.71009992089
4.999247 -1.63989489701
5.0901424 0.584155715979
5.1810378 2.84334824411
5.2719332 4.96029930738
5.3628286 6.7411435291
5.453724 8.02750278761
5.5446194 8.73741313996
5.6355148 8.87970096088
5.7264102 8.53719777332
5.8173056 7.82713007304
5.908201 6.85642098036
5.9990964 5.69113271265
6.0899918 4.35221456166
6.1808872 2.8374590061
6.2717826 1.15772408576
6.362678 -0.630942525152
6.4535734 -2.4155902448
6.5444688 -4.04189653204
6.6353642 -5.35178948261
6.7262596 -6.22883362869
6.817155 -6.63406189104
6.9080504 -6.61850497007
6.9989458 -6.30692434972
7.0898412 -5.85751140404
7.1807366 -5.41105554492
7.271632 -5.0471991044
7.3625274 -4.76313650336
7.4534228 -4.48175769565
7.5443182 -4.08521172203
7.6352136 -3.46072496102
7.726109 -2.54177828722
7.8170044 -1.3308049419
7.9078998 0.102429360359
7.9987952 1.64338629086
8.0896906 3.16587256914
8.180586 4.5626293581
8.2714814 5.76258891187
8.3623768 6.73032613605
8.4532722 7.45094939901
8.5441676 7.90970170785
8.635063 8.07755527235
8.7259584 7.91107975588
8.8168538 7.36789975848
8.9077492 6.43119767473
8.9986446 5.13182740692
9.08954 3.55701018774
9.1804354 1.83995968984
9.2713308 0.132814778471
9.3622262 -1.42769618161
9.4531216 -2.74956161529
9.544017 -3.79965193772
9.6349124 -4.59860511534
9.7258078 -5.19957604044
9.8167032 -5.65978131317
9.9075986 -6.01588566096
9.998494 -6.27190490505
10.0893894 -6.40252150482
10.1802848 -6.36826997588
10.2711802 -6.13481700546
10.3620756 -5.68806875338
10.452971 -5.03983092154
10.5438664 -4.22353357387
10.6347618 -3.28385028847
10.7256572 -2.26598464277
10.8165526 -1.20930231593
10.907448 -0.146815306145
10.9983434 0.891284740817
11.0892388 1.8736606767
11.1801342 2.76677252427
11.2710296 3.53806285635
11.361925 4.16206369171
11.4528204 4.62620808774
11.5437158 4.93304155397
11.6346112 5.09730293901
11.7255066 5.13896540637
11.816402 5.07536282932
11.9072974 4.91592596316
11.9981928 4.66166551978
12.0890882 4.30914026925
12.1799836 3.85650403312
12.270879 3.30845333373
12.3617744 2.67783433803
12.4526698 1.9836961258
12.5435652 1.2475276278
12.6344606 0.490221652729
12.725356 -0.26843581683
12.8162514 -1.00779690986
12.9071468 -1.70381154286
12.9980422 -2.32857930626
13.0889376 -2.85376820223
13.179833 -3.25750681985
13.2707284 -3.53203621761
13.3616238 -3.68824529223
13.4525192 -3.75399310579
13.5434146 -3.76565337331
13.63431 -3.75547551171
13.7252054 -3.73962175994
13.8161008 -3.71192982418
13.9069962 -3.64632179426
13.9978916 -3.50720459319
14.088787 -3.26378234049
14.1796824 -2.9025045989
14.2705778 -2.43270848013
14.3614732 -1.88350780588
14.4523686 -1.29376286212
14.543264 -0.699797286382
14.6341594 -0.126149179693
14.7250548 0.417150089623
14.8159502 0.930544285491
14.9068456 1.41708068296
14.997741 1.87513753013
15.0886364 2.29545970291
15.1795318 2.66370256376
15.2704272 2.96672302219
15.3613226 3.19893958645
15.452218 3.36513093161
15.5431134 3.47796579755
15.6340088 3.55133295757
15.7249042 3.59274787488
15.8157996 3.59864981723
15.906695 3.5550227039
15.9975904 3.44318441881
16.0884858 3.24808616353
16.1793812 2.9652728879
16.2702766 2.60333761319
16.361172 2.1808892852
16.4520674 1.71965276742
16.5429628 1.23706474275
16.6338582 0.74180582825
16.7247536 0.234140208945
16.815649 -0.289455909179
16.9065444 -0.829912353486
16.9974398 -1.38064592754
17.0883352 -1.92640329878
17.1792306 -2.44618768752
17.270126 -2.91859076122
17.3610214 -3.32682070612
17.4519168 -3.66111019391
17.5428122 -3.91771532871
17.6337076 -4.09553219916
17.724603 -4.19251569528
17.8154984 -4.20402788333
17.9063938 -4.1240658582
17.9972892 -3.94868932832
18.0881846 -3.67975661278
18.17908 -3.3269009843
18.2699754 -2.90659400426
18.3608708 -2.43863816683
18.4517662 -1.94171396248
18.5426616 -1.43001833883
18.633557 -0.912386276384
18.7244524 -0.393954064699
18.8153478 0.12087893894
18.9062432 0.626017704336
18.9971386 1.11316970459
19.088034 1.57348893612
19.1789294 2.00028948913
19.2698248 2.39106677362
19.3607202 2.7473699107
19.4516156 3.07221725901
19.542511 3.366132642
19.6334064 3.62375827345
19.7243018 3.83288399662
19.8151972 3.97665120782
19.9060926 4.03817975087
19.996988 4.00569169116
20.0878834 3.87596362504
20.1787788 3.65474982849
20.2696742 3.35426779656
20.3605696 2.98919235249
20.451465 2.57318895547
20.5423604 2.11755533125
20.6332558 1.63229181734
20.7241512 1.12854113084
20.8150466 0.620546056501
20.905942 0.125486026008
20.9968374 -0.339323542998
21.0877328 -0.760911981532
21.1786282 -1.13478164729
21.2695236 -1.46653889263
21.360419 -1.76983306951
21.4513144 -2.06100134979
21.5422098 -2.3523126286
21.6331052 -2.64640122496
21.7240006 -2.93405437674
21.814896 -3.19616688036
21.9057914 -3.40902222324
21.9966868 -3.5508372282
22.0875822 -3.60721645936
22.1784776 -3.57384836724
22.269373 -3.45603917899
22.3602684 -3.26590575522
22.4511638 -3.01871069559
22.5420592 -2.72972860319
22.6329546 -2.41237209461
22.72385 -2.07751166777
22.8147454 -1.7334205359
22.9056408 -1.38576638524
22.9965362 -1.03745727605
23.0874316 -0.688615153107
23.178327 -0.337164921458
23.2692224 0.0196707487427
23.3601178 0.383191899752
23.4510132 0.751103257181
23.5419086 1.11641280345
23.632804 1.46802118813
23.7236994 1.7929943999
23.8145948 2.07974604865
23.9054902 2.32089079422
23.9963856 2.51461943387
24.087281 2.66407012232
24.1781764 2.77503978239
24.2690718 2.85307812318
24.3599672 2.90120184173
24.4508626 2.91908130951
24.541758 2.9038006755
24.6326534 2.85156497811
24.7235488 2.75938461324
24.8144442 2.62595294727
24.9053396 2.45150898114
24.996235 2.2371067255
25.0871304 1.98404585727
25.1780258 1.69407696758
25.2689212 1.37046500137
25.3598166 1.01937485536
25.450712 0.650684933324
25.5416074 0.277457256756
25.6325028 -0.0861315512942
25.7233982 -0.427831286474
25.8142936 -0.740189268354
25.905189 -1.0220236261
25.9960844 -1.27775060783
26.0869798 -1.51467269809
26.1778752 -1.73919053824
26.2687706 -1.95337462365
26.359666 -2.1532072209
26.4505614 -2.32913557369
26.5414568 -2.46866178841
26.6323522 -2.5599318142
26.7232476 -2.5949900344
26.814143 -2.57162728162
26.9050384 -2.49340728253
26.9959338 -2.36818986282
27.0868292 -2.20596063593
27.1777246 -2.01685444469
27.26862 -1.80995802627
27.3595154 -1.59289546256
27.4504108 -1.37222709809
27.5413062 -1.15383176677
27.6322016 -0.942757726683
27.723097 -0.742755445591
27.8139924 -0.555563885013
27.9048878 -0.380331880933
27.9957832 -0.213549084093
28.0866786 -0.0496834761389
28.177574 0.117536031752
28.2684694 0.293485184533
28.3593648 0.481075757337
28.4502602 0.679658657726
28.5411556 0.88467923474
28.632051 1.08817790635
28.7229464 1.28003503465
28.8138418 1.44969854144
28.9047372 1.58802952931
28.9956326 1.68886947301
29.086528 1.74998408658
29.1774234 1.77317812422
29.2683188 1.76358421484
29.3592142 1.72835514637
29.4501096 1.67515358558
29.541005 1.61086191304
29.6319004 1.54080206953
29.7227958 1.46851138748
29.8136912 1.39587926856
29.9045866 1.3233350326
29.995482 1.24985366267
30.0863774 1.17277450293
30.1772728 1.08767763252
30.2681682 0.988678224507
30.3590636 0.869388010915
30.449959 0.724484077566
30.5408544 0.551464399865
30.6317498 0.35194935659
30.7226452 0.131948411787
30.8135406 -0.0991401328272
30.904436 -0.330527700322
30.9953314 -0.552334964548
31.0862268 -0.757345015297
31.1771222 -0.941579858488
31.2680176 -1.10357413669
31.358913 -1.24279178381
31.4498084 -1.35800833614
31.5407038 -1.4464814447
31.6315992 -1.50434421759
31.7224946 -1.52805525542
31.81339 -1.5162094279
31.9042854 -1.47081272405
31.9951808 -1.39735701986
32.0860762 -1.30358991559
32.1769716 -1.19749158252
32.267867 -1.08534400107
32.3587624 -0.970725488466
32.4496578 -0.854812049579
32.5405532 -0.737739254591
32.6314486 -0.620279756264
32.722344 -0.504959642589
32.8132394 -0.396026868892
32.9041348 -0.298249229797
32.9950302 -0.215084961512
33.0859256 -0.147072587163
33.176821 -0.0911965926062
33.2677164 -0.0415568781277
33.3586118 0.00889111296668
33.4495072 0.0661970642887
33.5404026 0.133679105491
33.631298 0.211178110806
33.7221934 0.295454071479
33.8130888 0.381425308961
33.9039842 0.463685101657
33.9948796 0.537740896892
34.085775 0.600661747887
34.1766704 0.651139452854
34.2675658 0.689199685609
34.3584612 0.715843559938
34.4493566 0.732775070708
34.540252 0.742186497967
34.6311474 0.746463579421
34.7220428 0.747707367518
34.8129382 0.747122859543
34.9038336 0.744489478893
34.994729 0.737987662113
35.0856244 0.724553153838
35.1765198 0.700707156851
35.2674152 0.663582395647
35.3583106 0.61175832439
35.449206 0.545597688671
35.5401014 0.467007450268
35.6309968 0.378813566136
35.7218922 0.284103406822
35.8127876 0.185864493826
35.903683 0.0870442257067
35.9945784 -0.00912175829766
36.0854738 -0.0988649496627
36.1763692 -0.178080308652
36.2672646 -0.243107905509
36.35816 -0.291905472106
36.4490554 -0.325121164839
36.5399508 -0.346486477427
36.6308462 -0.362143068072
36.7217416 -0.378935776773
36.812637 -0.402171930783
36.9035324 -0.433649247088
36.9944278 -0.470737981015
37.0853232 -0.506951623479
37.1762186 -0.533888428691
37.267114 -0.543899357228
37.3580094 -0.532554328576
37.4489048 -0.50005236843
37.5398002 -0.451117085614
37.6306956 -0.393472791222
37.721591 -0.335489611689
37.8124864 -0.283836164769
37.9033818 -0.24190982673
37.9942772 -0.209478117385
38.0851726 -0.183506858813
38.176068 -0.159749087956
38.2669634 -0.134461794425
38.3578588 -0.105657227098
38.4487542 -0.0735371554616
38.5396496 -0.0400891844129
38.630545 -0.00811382280244
38.7214404 0.0198967027215
38.8123358 0.0426231291749
38.9032312 0.0602726799886
38.9941266 0.0743752621847
39.085022 0.0871627206964
39.1759174 0.10078079464
39.2668128 0.116597733142
39.3577082 0.134808138083
39.4486036 0.154419146518
39.539499 0.17358590721
39.6303944 0.190166250894
39.7212898 0.202312690911
39.8121852 0.208923928215
39.9030806 0.20983458902
39.993976 0.205712954272
40.0848714 0.197732340192
40.1757668 0.187150172347
40.2666622 0.174946476017
40.3575576 0.161636192069
40.448453 0.14729421377
40.5393484 0.131749277372
40.6302438 0.114844968017
40.7211392 0.0966534152787
40.8120346 0.0775607469222
40.90293 0.0582056059057
40.9938254 0.039315320282
41.0847208 0.0215224680271
41.1756162 0.00524352458365
41.2665116 -0.00933561919903
41.357407 -0.0221764601227
41.4483024 -0.0332617319458
41.5391978 -0.0424975100155
41.6300932 -0.0496959759943
41.7209886 -0.054647902635
41.811884 -0.0572480919394
41.9027794 -0.0576108743594
41.9936748 -0.0561177506096
42.0845702 -0.0533709828452
42.1754656 -0.0500686335427
42.266361 -0.0468482997433
42.3572564 -0.0441555120954
42.4481518 -0.0421775736424
42.5390472 -0.0408544593448
42.6299426 -0.039949718223
42.720838 -0.0391476775947
42.8117334 -0.0381427696681
42.9026288 -0.0366989698454
42.9935242 -0.0346742284174
43.0844196 -0.0320184293653
43.175315 -0.0287591521629
43.2662104 -0.0249871451433
43.3571058 -0.0208462923042
43.4480012 -0.0165256834625
43.5388966 -0.0122479050405
43.629792 -0.00824904889205
43.7206874 -0.004750686773
43.8115828 -0.00192913344439
43.9024782 0.000110079494632
43.9933736 0.00134560740482
44.084269 0.00183842490834
44.1751644 0.00171602434425
44.2660598 0.00114733687795
44.3569552 0.000314344896275
44.4478506 -0.00061407211147
44.538746 -0.00150191775741
44.6296414 -0.00225711878129
44.7205368 -0.00283336039277
44.8114322 -0.00322413152671
44.9023276 -0.00345188211045
44.993223 -0.00355574222532
45.0841184 -0.00358054417492
45.1750138 -0.00356824560887
45.2659092 -0.00355122300199
45.3568046 -0.00354633535701
45.4477 -0.00354958079829
45.5385954 -0.00354958079829
45.6294908 -0.00354958079829
45.7203862 -0.00354958079829
45.8112816 -0.00354958079829
45.902177 -0.00354958079829
45.9930724 -0.00354958079829
46.0839678 -0.00354958079829
46.1748632 -0.00354958079829
46.2657586 -0.00354958079829
46.356654 -0.00354958079829
46.4475494 -0.00354958079829
46.5384448 -0.00354958079829
46.6293402 -0.00354958079829
46.7202356 -0.00354958079829
46.811131 -0.00354958079829
46.9020264 -0.00354958079829
46.9929218 -0.00354958079829
47.0838172 -0.00354958079829
47.1747126 -0.00354958079829
47.265608 -0.00354958079829
47.3565034 -0.00354958079829
47.4473988 -0.00354958079829
47.5382942 -0.00354958079829
47.6291896 -0.00354958079829
47.720085 -0.00354958079829
47.8109804 -0.00354958079829
47.9018758 -0.00354958079829
47.9927712 -0.00354958079829
48.0836666 -0.00354958079829
48.174562 -0.00354958079829
48.2654574 -0.00354958079829
48.3563528 -0.00354958079829
48.4472482 -0.00354958079829
48.5381436 -0.00354958079829
48.629039 -0.00354958079829
48.7199344 -0.00354958079829
48.8108298 -0.00354958079829
48.9017252 -0.00354958079829
48.9926206 -0.00354958079829
49.083516 -0.00354958079829
49.1744114 -0.00354958079829
49.2653068 -0.00354958079829
49.3562022 -0.00354958079829
49.4470976 -0.00354958079829
49.537993 -0.00354958079829
49.6288884 -0.00354958079829
49.7197838 -0.00354958079829
49.8106792 -0.00354958079829
49.9015746 -0.00354958079829
49.99247 -0.00354958079829
50.0833654 -0.00354958079829
50.1742608 -0.00354958079829
50.2651562 -0.00354958079829
50.3560516 -0.00354958079829
50.446947 -0.00354958079829
50.5378424 -0.00354958079829
50.6287378 -0.00354958079829
50.7196332 -0.00354958079829
50.8105286 -0.00354958079829
50.901424 -0.00354958079829
50.9923194 -0.00354958079829
51.0832148 -0.00354958079829
51.1741102 -0.00354958079829
51.2650056 -0.00354958079829
51.355901 -0.00354958079829
51.4467964 -0.00354958079829
51.5376918 -0.00354958079829
51.6285872 -0.00354958079829
51.7194826 -0.00354958079829
51.810378 -0.00354958079829
51.9012734 -0.00354958079829
51.9921688 -0.00354958079829
52.0830642 -0.00354958079829
52.1739596 -0.00354958079829
52.264855 -0.00354958079829
52.3557504 -0.00354958079829
52.4466458 -0.00354958079829
52.5375412 -0.00354958079829
52.6284366 -0.00354958079829
52.719332 -0.00354958079829
52.8102274 -0.00354958079829
52.9011228 -0.00354958079829
52.9920182 -0.00354958079829
53.0829136 -0.00354958079829
53.173809 -0.00354958079829
53.2647044 -0.00354958079829
53.3555998 -0.00354958079829
53.4464952 -0.00354958079829
53.5373906 -0.00354958079829
53.628286 -0.00354958079829
53.7191814 -0.00354958079829
53.8100768 -0.00354958079829
53.9009722 -0.00354958079829
53.9918676 -0.00354958079829
54.082763 -0.00354958079829
54.1736584 -0.00354958079829
54.2645538 -0.00354958079829
54.3554492 -0.00354958079829
54.4463446 -0.00354958079829
54.53724 -0.00354958079829
54.6281354 -0.00354958079829
54.7190308 -0.00354958079829
54.8099262 -0.00354958079829
54.9008216 -0.00354958079829
54.991717 -0.00354958079829
55.0826124 -0.00354958079829
55.1735078 -0.00354958079829
55.2644032 -0.00354958079829
55.3552986 -0.00354958079829
55.446194 -0.00354958079829
55.5370894 -0.00354958079829
55.6279848 -0.00354958079829
55.7188802 -0.00354958079829
55.8097756 -0.00354958079829
55.900671 -0.00354958079829
55.9915664 -0.00354958079829
56.0824618 -0.00354958079829
56.1733572 -0.00354958079829
56.2642526 -0.00354958079829
56.355148 -0.00354958079829
56.4460434 -0.00354958079829
56.5369388 -0.00354958079829
56.6278342 -0.00354958079829
56.7187296 -0.00354958079829
56.809625 -0.00354958079829
56.9005204 -0.00354958079829
56.9914158 -0.00354958079829
57.0823112 -0.00354958079829
57.1732066 -0.00354958079829
57.264102 -0.00354958079829
57.3549974 -0.00354958079829
57.4458928 -0.00354958079829
57.5367882 -0.00354958079829
57.6276836 -0.00354958079829
57.718579 -0.00354958079829
57.8094744 -0.00354958079829
57.9003698 -0.00354958079829
57.9912652 -0.00354958079829
58.0821606 -0.00354958079829
58.173056 -0.00354958079829
58.2639514 -0.00354958079829
58.3548468 -0.00354958079829
58.4457422 -0.00354958079829
58.5366376 -0.00354958079829
58.627533 -0.00354958079829
58.7184284 -0.00354958079829
58.8093238 -0.00354958079829
58.9002192 -0.00354958079829
58.9911146 -0.00354958079829
59.08201 -0.00354958079829
59.1729054 -0.00354958079829
59.2638008 -0.00354958079829
59.3546962 -0.00354958079829
59.4455916 -0.00354958079829
59.536487 -0.00354958079829
59.6273824 -0.00354958079829
59.7182778 -0.00354958079829
59.8091732 -0.00354958079829
59.9000686 -0.00354958079829
59.990964 -0.00354958079829
60.0818594 -0.00354958079829
60.1727548 -0.00354958079829
60.2636502 -0.00354958079829
60.3545456 -0.00354958079829
60.445441 -0.00354958079829
60.5363364 -0.00354958079829
60.6272318 -0.00354958079829
60.7181272 -0.00354958079829
60.8090226 -0.00354958079829
60.899918 -0.00354958079829
60.9908134 -0.00354958079829
61.0817088 -0.00354958079829
61.1726042 -0.00354958079829
61.2634996 -0.00354958079829
61.354395 -0.00354958079829
61.4452904 -0.00354958079829
61.5361858 -0.00354958079829
61.6270812 -0.00354958079829
61.7179766 -0.00354958079829
61.808872 -0.00354958079829
61.8997674 -0.00354958079829
61.9906628 -0.00354958079829
62.0815582 -0.00354958079829
62.1724536 -0.00354958079829
62.263349 -0.00354958079829
62.3542444 -0.00354958079829
62.4451398 -0.00354958079829
62.5360352 -0.00354958079829
62.6269306 -0.00354958079829
62.717826 -0.00354958079829
62.8087214 -0.00354958079829
62.8996168 -0.00354958079829
62.9905122 -0.00354958079829
63.0814076 -0.00354958079829
63.172303 -0.00354958079829
63.2631984 -0.00354958079829
63.3540938 -0.00354958079829
63.4449892 -0.00354958079829
63.5358846 -0.00354958079829
63.62678 -0.00354958079829
63.7176754 -0.00354958079829
63.8085708 -0.00354958079829
63.8994662 -0.00354958079829
63.9903616 -0.00354958079829
64.081257 -0.00354958079829
64.1721524 -0.00354958079829
64.2630478 -0.00354958079829
64.3539432 -0.00354958079829
64.4448386 -0.00354958079829
64.535734 -0.00354958079829
64.6266294 -0.00354958079829
64.7175248 -0.00354958079829
64.8084202 -0.00354958079829
64.8993156 -0.00354958079829
64.990211 -0.00354958079829
65.0811064 -0.00354958079829
65.1720018 -0.00354958079829
65.2628972 -0.00354958079829
65.3537926 -0.00354958079829
65.444688 -0.00354958079829
65.5355834 -0.00354958079829
65.6264788 -0.00354958079829
65.7173742 -0.00354958079829
65.8082696 -0.00354958079829
65.899165 -0.00354958079829
65.9900604 -0.00354958079829
66.0809558 -0.00354958079829
66.1718512 -0.00354958079829
66.2627466 -0.00354958079829
66.353642 -0.00354958079829
66.4445374 -0.00354958079829
66.5354328 -0.00354958079829
66.6263282 -0.00354958079829
66.7172236 -0.00354958079829
66.808119 -0.00354958079829
66.8990144 -0.00354958079829
66.9899098 -0.00354958079829
67.0808052 -0.00354958079829
67.1717006 -0.00354958079829
67.262596 -0.00354958079829
67.3534914 -0.00354958079829
67.4443868 -0.00354958079829
67.5352822 -0.00354958079829
67.6261776 -0.00354958079829
67.717073 -0.00354958079829
67.8079684 -0.00354958079829
67.8988638 -0.00354958079829
67.9897592 -0.00354958079829
68.0806546 -0.00354958079829
68.17155 -0.00354958079829
68.2624454 -0.00354958079829
68.3533408 -0.00354958079829
68.4442362 -0.00354958079829
68.5351316 -0.00354958079829
68.626027 -0.00354958079829
68.7169224 -0.00354958079829
68.8078178 -0.00354958079829
68.8987132 -0.00354958079829
68.9896086 -0.00354958079829
69.080504 -0.00354958079829
69.1713994 -0.00354958079829
69.2622948 -0.00354958079829
69.3531902 -0.00354958079829
69.4440856 -0.00354958079829
69.534981 -0.00354958079829
69.6258764 -0.00354958079829
69.7167718 -0.00354958079829
69.8076672 -0.00354958079829
69.8985626 -0.00354958079829
69.989458 -0.00354958079829
70.0803534 -0.00354958079829
70.1712488 -0.00354958079829
70.2621442 -0.00354958079829
70.3530396 -0.00354958079829
70.443935 -0.00354958079829
70.5348304 -0.00354958079829
70.6257258 -0.00354958079829
70.7166212 -0.00354958079829
70.8075166 -0.00354958079829
70.898412 -0.00354958079829
70.9893074 -0.00354958079829
71.0802028 -0.00354958079829
71.1710982 -0.00354958079829
71.2619936 -0.00354958079829
71.352889 -0.00354958079829
71.4437844 -0.00354958079829
71.5346798 -0.00354958079829
71.6255752 -0.00354958079829
71.7164706 -0.00354958079829
71.807366 -0.00354958079829
71.8982614 -0.00354958079829
71.9891568 -0.00354958079829
72.0800522 -0.00354958079829
72.1709476 -0.00354958079829
72.261843 -0.00354958079829
72.3527384 -0.00354958079829
72.4436338 -0.00354958079829
72.5345292 -0.00354958079829
72.6254246 -0.00354958079829
72.71632 -0.00354958079829
72.8072154 -0.00354958079829
72.8981108 -0.00354958079829
72.9890062 -0.00354958079829
73.0799016 -0.00354958079829
73.170797 -0.00354958079829
73.2616924 -0.00354958079829
73.3525878 -0.00354958079829
73.4434832 -0.00354958079829
73.5343786 -0.00354958079829
73.625274 -0.00354958079829
73.7161694 -0.00354958079829
73.8070648 -0.00354958079829
73.8979602 -0.00354958079829
73.9888556 -0.00354958079829
74.079751 -0.00354958079829
74.1706464 -0.00354958079829
74.2615418 -0.00354958079829
74.3524372 -0.00354958079829
74.4433326 -0.00354958079829
74.534228 -0.00354958079829
74.6251234 -0.00354958079829
74.7160188 -0.00354958079829
74.8069142 -0.00354958079829
74.8978096 -0.00354958079829
74.988705 -0.00354958079829
75.0796004 -0.00354958079829
75.1704958 -0.00354958079829
75.2613912 -0.00354958079829
75.3522866 -0.00354958079829
75.443182 -0.00354958079829
75.5340774 -0.00354958079829
75.6249728 -0.00354958079829
75.7158682 -0.00354958079829
75.8067636 -0.00354958079829
75.897659 -0.00354958079829
75.9885544 -0.00354958079829
76.0794498 -0.00354958079829
76.1703452 -0.00354958079829
76.2612406 -0.00354958079829
76.352136 -0.00354958079829
76.4430314 -0.00354958079829
76.5339268 -0.00354958079829
76.6248222 -0.00354958079829
76.7157176 -0.00354958079829
76.806613 -0.00354958079829
76.8975084 -0.00354958079829
76.9884038 -0.00354958079829
77.0792992 -0.00354958079829
77.1701946 -0.00354958079829
77.26109 -0.00354958079829
77.3519854 -0.00354958079829
77.4428808 -0.00354958079829
77.5337762 -0.00354958079829
77.6246716 -0.00354958079829
77.715567 -0.00354958079829
77.8064624 -0.00354958079829
77.8973578 -0.00354958079829
77.9882532 -0.00354958079829
78.0791486 -0.00354958079829
78.170044 -0.00354958079829
78.2609394 -0.00354958079829
78.3518348 -0.00354958079829
78.4427302 -0.00354958079829
78.5336256 -0.00354958079829
78.624521 -0.00354958079829
78.7154164 -0.00354958079829
78.8063118 -0.00354958079829
78.8972072 -0.00354958079829
78.9881026 -0.00354958079829
79.078998 -0.00354958079829
79.1698934 -0.00354958079829
79.2607888 -0.00354958079829
79.3516842 -0.00354958079829
79.4425796 -0.00354958079829
79.533475 -0.00354958079829
79.6243704 -0.00354958079829
79.7152658 -0.00354958079829
79.8061612 -0.00354958079829
79.8970566 -0.00354958079829
79.987952 -0.00354958079829
80.0788474 -0.00354958079829
80.1697428 -0.00354958079829
80.2606382 -0.00354958079829
80.3515336 -0.00354958079829
80.442429 -0.00354958079829
80.5333244 -0.00354958079829
80.6242198 -0.00354958079829
80.7151152 -0.00354958079829
80.8060106 -0.00354958079829
80.896906 -0.00354958079829
80.9878014 -0.00354958079829
81.0786968 -0.00354958079829
81.1695922 -0.00354958079829
81.2604876 -0.00354958079829
81.351383 -0.00354958079829
81.4422784 -0.00354958079829
81.5331738 -0.00354958079829
81.6240692 -0.00354958079829
81.7149646 -0.00354958079829
81.80586 -0.00354958079829
81.8967554 -0.00354958079829
81.9876508 -0.00354958079829
82.0785462 -0.00354958079829
82.1694416 -0.00354958079829
82.260337 -0.00354958079829
82.3512324 -0.00354958079829
82.4421278 -0.00354958079829
82.5330232 -0.00354958079829
82.6239186 -0.00354958079829
82.714814 -0.00354958079829
82.8057094 -0.00354958079829
82.8966048 -0.00354958079829
82.9875002 -0.00354958079829
83.0783956 -0.00354958079829
83.169291 -0.00354958079829
83.2601864 -0.00354958079829
83.3510818 -0.00354958079829
83.4419772 -0.00354958079829
83.5328726 -0.00354958079829
83.623768 -0.00354958079829
83.7146634 -0.00354958079829
83.8055588 -0.00354958079829
83.8964542 -0.00354958079829
83.9873496 -0.00354958079829
84.078245 -0.00354958079829
84.1691404 -0.00354958079829
84.2600358 -0.00354958079829
84.3509312 -0.00354958079829
84.4418266 -0.00354958079829
84.532722 -0.00354958079829
84.6236174 -0.00354958079829
84.7145128 -0.00354958079829
84.8054082 -0.00354958079829
84.8963036 -0.00354958079829
84.987199 -0.00354958079829
85.0780944 -0.00354958079829
85.1689898 -0.00354958079829
85.2598852 -0.00354958079829
85.3507806 -0.00354958079829
85.441676 -0.00354958079829
85.5325714 -0.00354958079829
85.6234668 -0.00354958079829
85.7143622 -0.00354958079829
85.8052576 -0.00354958079829
85.896153 -0.00354958079829
85.9870484 -0.00354958079829
86.0779438 -0.00354958079829
86.1688392 -0.00354958079829
86.2597346 -0.00354958079829
86.35063 -0.00354958079829
86.4415254 -0.00354958079829
86.5324208 -0.00354958079829
86.6233162 -0.00354958079829
86.7142116 -0.00354958079829
86.805107 -0.00354958079829
86.8960024 -0.00354958079829
86.9868978 -0.00354958079829
87.0777932 -0.00354958079829
87.1686886 -0.00354958079829
87.259584 -0.00354958079829
87.3504794 -0.00354958079829
87.4413748 -0.00354958079829
87.5322702 -0.00354958079829
87.6231656 -0.00354958079829
87.714061 -0.00354958079829
87.8049564 -0.00354958079829
87.8958518 -0.00354958079829
87.9867472 -0.00354958079829
88.0776426 -0.00354958079829
88.168538 -0.00354958079829
88.2594334 -0.00354958079829
88.3503288 -0.00354958079829
88.4412242 -0.00354958079829
88.5321196 -0.00354958079829
88.623015 -0.00354958079829
88.7139104 -0.00354958079829
88.8048058 -0.00354958079829
88.8957012 -0.00354958079829
88.9865966 -0.00354958079829
89.077492 -0.00354958079829
89.1683874 -0.00354958079829
89.2592828 -0.00354958079829
89.3501782 -0.00354958079829
89.4410736 -0.00354958079829
89.531969 -0.00354958079829
89.6228644 -0.00354958079829
89.7137598 -0.00354958079829
89.8046552 -0.00354958079829
89.8955506 -0.00354958079829
89.986446 -0.00354958079829
90.0773414 -0.00354958079829
90.1682368 -0.00354958079829
90.2591322 -0.00354958079829
90.3500276 -0.00354958079829
90.440923 -0.00354958079829
90.5318184 -0.00354958079829
90.6227138 -0.00354958079829
90.7136092 -0.00354958079829
90.8045046 -0.00354958079829
90.8954 -0.00354958079829
90.9862954 -0.00354958079829
91.0771908 -0.00354958079829
91.1680862 -0.00354958079829
91.2589816 -0.00354958079829
91.349877 -0.00354958079829
91.4407724 -0.00354958079829
91.5316678 -0.00354958079829
91.6225632 -0.00354958079829
91.7134586 -0.00354958079829
91.804354 -0.00354958079829
91.8952494 -0.00354958079829
91.9861448 -0.00354958079829
92.0770402 -0.00354958079829
92.1679356 -0.00354958079829
92.258831 -0.00354958079829
92.3497264 -0.00354958079829
92.4406218 -0.00354958079829
92.5315172 -0.00354958079829
92.6224126 -0.00354958079829
92.713308 -0.00354958079829
92.8042034 -0.00354958079829
92.8950988 -0.00354958079829
92.9859942 -0.00354958079829
