0.0 0.00392687728611
0.1 0.000482160383149
0.2 -0.00677519135759
0.3 -0.0164260696364
0.4 -0.0222252548973
0.5 -0.0134482268618
0.6 0.0209103031375
0.7 0.0850126774506
0.8 0.169601149267
0.9 0.250401803487
1.0 0.294149166151
1.1 0.270809234045
1.2 0.166473766593
1.3 -0.00990845846158
1.4 -0.229791232564
1.5 -0.456144598659
1.6 -0.655182859372
1.7 -0.801018848284
1.8 -0.870705141046
1.9 -0.83489745061
2.0 -0.654477829918
2.1 -0.291651162432
2.2 0.264727226325
2.3 0.970449095808
2.4 1.71008016081
2.5 2.30630692433
2.6 2.55619109722
2.7 2.28478717837
2.8 1.40052822641
2.9 -0.0623752799134
3.0 -1.92416034548
3.1 -3.86719784066
3.2 -5.47422576875
3.3 -6.29954130438
3.4 -5.97056335937
3.5 -4.30434170748
3.6 -1.40649332685
3.7 2.290438935
3.8 6.08415789558
3.9 9.15995251528
4.0 10.8102218341
4.1 10.643559009
4.2 8.70406405986
4.3 5.45072343913
4.4 1.60170400617
4.5 -2.09543880216
4.6 -5.0767676426
4.7 -7.0790464908
4.8 -8.12914759991
4.9 -8.43249042627
5.0 -8.22716727995
5.1 -7.67380091907
5.2 -6.82086169758
5.3 -5.64143721622
5.4 -4.10464649705
5.5 -2.23732702424
5.6 -0.147451970885
5.7 1.99377110148
5.8 3.9943746372
5.9 5.68585797055
6.0 6.95224517206
6.1 7.73769489043
6.2 8.03543742827
6.3 7.8661541968
6.4 7.2563272099
6.5 6.22707122097
6.6 4.80040520345
6.7 3.02194003462
6.8 0.988728704662
6.9 -1.13581278116
7.0 -3.13560998547
7.1 -4.78707159324
7.2 -5.92082032425
7.3 -6.47292805732
7.4 -6.50015378174
7.5 -6.14976614482
7.6 -5.59684571684
7.7 -4.97800684617
7.8 -4.35121362497
7.9 -3.69674837849
8.0 -2.95316870105
8.1 -2.06615962901
8.2 -1.02542158443
8.3 0.125172173597
8.4 1.30327702513
8.5 2.41675033454
8.6 3.38953910398
8.7 4.17470771442
8.8 4.75363005303
8.9 5.12712194826
9.0 5.30574500429
9.1 5.30352895112
9.2 5.13511890501
9.3 4.81388332642
9.4 4.34895084501
9.5 3.74155028818
9.6 2.98342994023
9.7 2.06075955247
9.8 0.965059856689
9.9 -0.291011081115
10.0 -1.65900648491
10.1 -3.04889666883
10.2 -4.33789022355
10.3 -5.39403251068
10.4 -6.10771893557
10.5 -6.41941269398
10.6 -6.33227399906
10.7 -5.90459837605
10.8 -5.22608610874
10.9 -4.38916152258
11.0 -3.46778946049
11.1 -2.51087988149
11.2 -1.54876973897
11.3 -0.604659695327
11.4 0.297971840456
11.5 1.13613711745
11.6 1.89365588458
11.7 2.56629676617
11.8 3.16015342767
11.9 3.6828682033
12.0 4.13277498284
12.1 4.49298706959
12.2 4.73467211158
12.3 4.82817080366
12.4 4.75586342703
12.5 4.51967703115
12.6 4.13931033836
12.7 3.642584311
12.8 3.05367058003
12.9 2.38593890705
13.0 1.64339923364
13.1 0.82980667554
13.2 -0.0398876539544
13.3 -0.932589433817
13.4 -1.7992905617
13.5 -2.58631381709
13.6 -3.25041227901
13.7 -3.77013024414
13.8 -4.14748299932
13.9 -4.39908188965
14.0 -4.5416295225
14.1 -4.57991373252
14.2 -4.50403125388
14.3 -4.29722501232
14.4 -3.94951315612
14.5 -3.46894853173
14.6 -2.88390569026
14.7 -2.23525102305
14.8 -1.56318505413
14.9 -0.896301420699
15.0 -0.248453012609
15.1 0.376138697004
15.2 0.974009058964
15.3 1.53592508321
15.4 2.04649048937
15.5 2.48926490241
15.6 2.85334658213
15.7 3.13695212403
15.8 3.34598831108
15.9 3.48898191391
16.0 3.57174936142
16.1 3.59480716588
16.2 3.55440246838
16.3 3.44581580912
16.4 3.26663261936
16.5 3.01828951895
16.6 2.7056400967
16.7 2.33549320623
16.8 1.91540704597
16.9 1.45351040225
17.0 0.959260478955
17.1 0.444370624
17.2 -0.0770383708124
17.3 -0.589647492374
17.4 -1.07934680743
17.5 -1.53586728297
17.6 -1.95422210168
17.7 -2.33385288618
17.8 -2.67548470636
17.9 -2.97711257654
18.0 -3.23139690978
18.1 -3.42630357469
18.2 -3.54909123022
18.3 -3.59165027478
18.4 -3.5540935784
18.5 -3.44427117583
18.6 -3.27323094878
18.7 -3.04916708957
18.8 -2.77345097529
18.9 -2.44117395393
19.0 -2.04593774385
19.1 -1.5861063865
19.2 -1.06896356857
19.3 -0.510614294979
19.4 0.0679534975735
19.5 0.646139297948
19.6 1.20743671656
19.7 1.74003066789
19.8 2.23477922721
19.9 2.68247963913
20.0 3.07236059314
20.1 3.3926484708
20.2 3.63268681552
20.3 3.78528652683
20.4 3.84806678921
20.5 3.82325629214
20.6 3.71624326902
20.7 3.53368099897
20.8 3.28203459972
20.9 2.96716749318
21.0 2.5950618289
21.1 2.17321530746
21.2 1.71185996985
21.3 1.22412337538
21.4 0.724708986516
21.5 0.227466359939
21.6 -0.257056958445
21.7 -0.72280883402
21.8 -1.16746063939
21.9 -1.59000701236
22.0 -1.9879977745
22.1 -2.35588150278
22.2 -2.68529646231
22.3 -2.96702441898
22.4 -3.19341139257
22.5 -3.35989493376
22.6 -3.46491444971
22.7 -3.50848357563
22.8 -3.49045178035
22.9 -3.40956590463
23.0 -3.26388166601
23.1 -3.05225687563
23.2 -2.77606611006
23.3 -2.44021074286
23.4 -2.05293949121
23.5 -1.62465831185
23.6 -1.1664209848
23.7 -0.688885806186
23.8 -0.202166394767
23.9 0.283590090689
24.0 0.757543677822
24.1 1.20813416601
24.2 1.62399289139
24.3 1.99546480032
24.4 2.31595875421
24.5 2.58239269027
24.6 2.79453983631
24.7 2.95374974928
24.8 3.06183900517
24.9 3.12068536581
25.0 3.13241767933
25.1 3.09958096487
25.2 3.02470262648
25.3 2.90928708796
25.4 2.75295028398
25.5 2.55358050886
25.6 2.3088446699
25.7 2.01840328281
25.8 1.68556733878
25.9 1.31735981512
26.0 0.922948810142
26.1 0.511510009046
26.2 0.0909524785045
26.3 -0.3317052425
26.4 -0.748753602574
26.5 -1.15038379844
26.6 -1.52478485154
26.7 -1.86006990171
26.8 -2.14709040309
26.9 -2.3815469397
27.0 -2.56418918492
27.1 -2.69901351411
27.2 -2.79045605457
27.3 -2.84098628415
27.4 -2.85010423561
27.5 -2.814928585
27.6 -2.73188091584
27.7 -2.59871863411
27.8 -2.41626525773
27.9 -2.18937722673
28.0 -1.92683370186
28.1 -1.64002310195
28.2 -1.34066591918
28.3 -1.03830414965
28.4 -0.738596243628
28.5 -0.443243880503
28.6 -0.151603711026
28.7 0.136899352127
28.8 0.420928104593
28.9 0.696983123948
29.0 0.960760126938
29.1 1.20909833146
29.2 1.44114362112
29.3 1.65789686358
29.4 1.86038734623
29.5 2.0475788834
29.6 2.21523092273
29.7 2.35629102229
29.8 2.46248446304
29.9 2.52620104284
30.0 2.54185082452
30.1 2.50623562735
30.2 2.41866009233
30.3 2.28087378124
30.4 2.09675778582
30.5 1.87217499078
30.6 1.6146249767
30.7 1.33261156135
30.8 1.03484810119
30.9 0.729539827303
31.0 0.423910677727
31.1 0.123979214194
31.2 -0.165505547201
31.3 -0.441014768323
31.4 -0.700025797229
31.5 -0.940582461903
31.6 -1.16070279704
31.7 -1.35789075752
31.8 -1.52906775089
31.9 -1.67107397663
32.0 -1.7815683909
32.1 -1.85988292306
32.2 -1.90735382935
32.3 -1.92690324303
32.4 -1.9220378209
32.5 -1.89573997746
32.6 -1.84977592925
32.7 -1.7847122743
32.8 -1.70055207688
32.9 -1.59757803485
33.0 -1.47689383146
33.1 -1.34033711866
33.2 -1.18980813982
33.3 -1.02642224529
33.4 -0.850045467425
33.5 -0.659602804932
33.6 -0.454129370289
33.7 -0.234097448383
33.8 -0.00236691833949
33.9 0.235696314324
34.0 0.47292303379
34.1 0.70142294942
34.2 0.913501149311
34.3 1.10214816843
34.4 1.26128367549
34.5 1.38616515647
34.6 1.47418022188
34.7 1.52574986383
34.8 1.54467884639
34.9 1.53737228411
35.0 1.51093293593
35.1 1.47089258488
35.2 1.4196818382
35.3 1.35660759557
35.4 1.27926524509
35.5 1.18551324162
35.6 1.07491133448
35.7 0.948995995569
35.8 0.810572484797
35.9 0.662765614547
36.0 0.508530973899
36.1 0.350793043385
36.2 0.192808736441
36.3 0.0381964051517
36.4 -0.109593288484
36.5 -0.248066901745
36.6 -0.376168220505
36.7 -0.494064714408
36.8 -0.602336370959
36.9 -0.701056312176
37.0 -0.789276502505
37.1 -0.865111032921
37.2 -0.926224933841
37.3 -0.970376433432
37.4 -0.99579256595
37.5 -1.00140439123
37.6 -0.987085061658
37.7 -0.953927517263
37.8 -0.904393843206
37.9 -0.842085940351
38.0 -0.771043677215
38.1 -0.694780758586
38.2 -0.615493890092
38.3 -0.533847134879
38.4 -0.449444882366
38.5 -0.361744408366
38.6 -0.270944547328
38.7 -0.178433370141
38.8 -0.0866316021669
38.9 0.00163076572022
39.0 0.0838752209552
39.1 0.15852946034
39.2 0.225069500147
39.3 0.283746373966
39.4 0.335073882598
39.5 0.379339574448
39.6 0.416363082495
39.7 0.445583720478
39.8 0.466382669747
39.9 0.47842858874
40.0 0.481846498277
40.1 0.477140858677
40.2 0.464968592152
40.3 0.445945353745
40.4 0.420621246216
40.5 0.389620240271
40.6 0.353809142998
40.7 0.314342096909
40.8 0.272525268715
40.9 0.229583402186
41.0 0.186479768067
41.1 0.14389507629
41.2 0.102351401807
41.3 0.0623689385314
41.4 0.0245372508529
41.5 -0.0105366583842
41.6 -0.0423439167516
41.7 -0.070554501585
41.8 -0.0950057802934
41.9 -0.115621041292
42.0 -0.132332385663
42.1 -0.145070878105
42.2 -0.153828373092
42.3 -0.158739633857
42.4 -0.160120881935
42.5 -0.158434681178
42.6 -0.154200582799
42.7 -0.147900417843
42.8 -0.139921665616
42.9 -0.130553498631
43.0 -0.120021281762
43.1 -0.108532789602
43.2 -0.0963141014464
43.3 -0.0836255524569
43.4 -0.0707586448933
43.5 -0.0580197852245
43.6 -0.0457075063369
43.7 -0.0340889147092
43.8 -0.0233796617166
43.9 -0.0137301441937
44.0 -0.00521943376888
44.1 0.00214197771413
44.2 0.00839981827808
44.3 0.0136348968046
44.4 0.0179374968579
44.5 0.0213851011688
44.6 0.0240315425164
44.7 0.0259111140247
44.8 0.0270537625598
44.9 0.027501988745
45.0 0.0273203282646
45.1 0.0265939686185
45.2 0.0254198419441
45.3 0.0238966626274
45.4 0.0221184322541
45.5 0.0201715777188
45.6 0.0181331319273
45.7 0.0160680623624
45.8 0.014026515424
45.9 0.0120434024039
46.0 0.0101417871815
46.1 0.00833890087079
46.2 0.00665165375029
46.3 0.0050988155359
46.4 0.00369922227617
46.5 0.00246771947107
46.6 0.00141151550784
46.7 0.000528882946807
46.8 -0.000189460709648
46.9 -0.000757322873919
47.0 -0.00118988350316
47.1 -0.00150162286413
47.2 -0.00170578548536
47.3 -0.0018150763092
47.4 -0.00184278858859
47.5 -0.00180348456638
47.6 -0.00171270513008
47.7 -0.0015857932916
47.8 -0.00143643604818
47.9 -0.0012756500439
48.0 -0.00111160837825
48.1 -0.000950185113449
48.2 -0.000795744719447
48.3 -0.000651720485031
48.4 -0.000520813680643
48.5 -0.000404940416024
48.6 -0.000305154863907
48.7 -0.000221682671417
48.8 -0.00015404996249
48.9 -0.000101226186408
49.0 -6.17347480084e-05
49.1 -3.37510667558e-05
49.2 -1.52293307979e-05
49.3 -4.06713876727e-06
49.4 1.72501459739e-06
49.5 3.89385284919e-06
49.6 3.8757204878e-06
49.7 2.7850288597e-06
49.8 1.43827899911e-06
49.9 3.94623401175e-07
50.0 0.0
50.1 0.0
50.2 0.0
50.3 0.0
50.4 0.0
50.5 0.0
50.6 0.0
50.7 0.0
50.8 0.0
50.9 0.0
51.0 0.0
51.1 0.0
51.2 0.0
51.3 0.0
51.4 0.0
51.5 0.0
51.6 0.0
51.7 0.0
51.8 0.0
51.9 0.0
52.0 0.0
52.1 0.0
52.2 0.0
52.3 0.0
52.4 0.0
52.5 0.0
52.6 0.0
52.7 0.0
52.8 0.0
52.9 0.0
53.0 0.0
53.1 0.0
53.2 0.0
53.3 0.0
53.4 0.0
53.5 0.0
53.6 0.0
53.7 0.0
53.8 0.0
53.9 0.0
54.0 0.0
54.1 0.0
54.2 0.0
54.3 0.0
54.4 0.0
54.5 0.0
54.6 0.0
54.7 0.0
54.8 0.0
54.9 0.0
55.0 0.0
55.1 0.0
55.2 0.0
55.3 0.0
55.4 0.0
55.5 0.0
55.6 0.0
55.7 0.0
55.8 0.0
55.9 0.0
56.0 0.0
56.1 0.0
56.2 0.0
56.3 0.0
56.4 0.0
56.5 0.0
56.6 0.0
56.7 0.0
56.8 0.0
56.9 0.0
57.0 0.0
57.1 0.0
57.2 0.0
57.3 0.0
57.4 0.0
57.5 0.0
57.6 0.0
57.7 0.0
57.8 0.0
57.9 0.0
58.0 0.0
58.1 0.0
58.2 0.0
58.3 0.0
58.4 0.0
58.5 0.0
58.6 0.0
58.7 0.0
58.8 0.0
58.9 0.0
59.0 0.0
59.1 0.0
59.2 0.0
59.3 0.0
59.4 0.0
59.5 0.0
59.6 0.0
59.7 0.0
59.8 0.0
59.9 0.0
60.0 0.0
60.1 0.0
60.2 0.0
60.3 0.0
60.4 0.0
60.5 0.0
60.6 0.0
60.7 0.0
60.8 0.0
60.9 0.0
61.0 0.0
61.1 0.0
61.2 0.0
61.3 0.0
61.4 0.0
61.5 0.0
61.6 0.0
61.7 0.0
61.8 0.0
61.9 0.0
62.0 0.0
62.1 0.0
62.2 0.0
62.3 0.0
62.4 0.0
62.5 0.0
62.6 0.0
62.7 0.0
62.8 0.0
62.9 0.0
63.0 0.0
63.1 0.0
63.2 0.0
63.3 0.0
63.4 0.0
63.5 0.0
63.6 0.0
63.7 0.0
63.8 0.0
63.9 0.0
64.0 0.0
64.1 0.0
64.2 0.0
64.3 0.0
64.4 0.0
64.5 0.0
64.6 0.0
64.7 0.0
64.8 0.0
64.9 0.0
65.0 0.0
65.1 0.0
65.2 0.0
65.3 0.0
65.4 0.0
65.5 0.0
65.6 0.0
65.7 0.0
65.8 0.0
65.9 0.0
66.0 0.0
66.1 0.0
66.2 0.0
66.3 0.0
66.4 0.0
66.5 0.0
66.6 0.0
66.7 0.0
66.8 0.0
66.9 0.0
67.0 0.0
67.1 0.0
67.2 0.0
67.3 0.0
67.4 0.0
67.5 0.0
67.6 0.0
67.7 0.0
67.8 0.0
67.9 0.0
68.0 0.0
68.1 0.0
68.2 0.0
68.3 0.0
68.4 0.0
68.5 0.0
68.6 0.0
68.7 0.0
68.8 0.0
68.9 0.0
69.0 0.0
69.1 0.0
69.2 0.0
69.3 0.0
69.4 0.0
69.5 0.0
69.6 0.0
69.7 0.0
69.8 0.0
69.9 0.0
70.0 0.0
70.1 0.0
70.2 0.0
70.3 0.0
70.4 0.0
70.5 0.0
70.6 0.0
70.7 0.0
70.8 0.0
70.9 0.0
71.0 0.0
71.1 0.0
71.2 0.0
71.3 0.0
71.4 0.0
71.5 0.0
71.6 0.0
71.7 0.0
71.8 0.0
71.9 0.0
72.0 0.0
72.1 0.0
72.2 0.0
72.3 0.0
72.4 0.0
72.5 0.0
72.6 0.0
72.7 0.0
72.8 0.0
72.9 0.0
73.0 0.0
73.1 0.0
73.2 0.0
73.3 0.0
73.4 0.0
73.5 0.0
73.6 0.0
73.7 0.0
73.8 0.0
73.9 0.0
74.0 0.0
74.1 0.0
74.2 0.0
74.3 0.0
74.4 0.0
74.5 0.0
74.6 0.0
74.7 0.0
74.8 0.0
74.9 0.0
75.0 0.0
75.1 0.0
75.2 0.0
75.3 0.0
75.4 0.0
75.5 0.0
75.6 0.0
75.7 0.0
75.8 0.0
75.9 0.0
76.0 0.0
76.1 0.0
76.2 0.0
76.3 0.0
76.4 0.0
76.5 0.0
76.6 0.0
76.7 0.0
76.8 0.0
76.9 0.0
77.0 0.0
77.1 0.0
77.2 0.0
77.3 0.0
77.4 0.0
77.5 0.0
77.6 0.0
77.7 0.0
77.8 0.0
77.9 0.0
78.0 0.0
78.1 0.0
78.2 0.0
78.3 0.0
78.4 0.0
78.5 0.0
78.6 0.0
78.7 0.0
78.8 0.0
78.9 0.0
79.0 0.0
79.1 0.0
79.2 0.0
79.3 0.0
79.4 0.0
79.5 0.0
79.6 0.0
79.7 0.0
79.8 0.0
79.9 0.0
80.0 0.0
80.1 0.0
80.2 0.0
80.3 0.0
80.4 0.0
80.5 0.0
80.6 0.0
80.7 0.0
80.8 0.0
80.9 0.0
81.0 0.0
81.1 0.0
81.2 0.0
81.3 0.0
81.4 0.0
81.5 0.0
81.6 0.0
81.7 0.0
81.8 0.0
81.9 0.0
82.0 0.0
82.1 0.0
82.2 0.0
82.3 0.0
82.4 0.0
82.5 0.0
82.6 0.0
82.7 0.0
82.8 0.0
82.9 0.0
83.0 0.0
83.1 0.0
83.2 0.0
83.3 0.0
83.4 0.0
83.5 0.0
83.6 0.0
83.7 0.0
83.8 0.0
83.9 0.0
84.0 0.0
84.1 0.0
84.2 0.0
84.3 0.0
84.4 0.0
84.5 0.0
84.6 0.0
84.7 0.0
84.8 0.0
84.9 0.0
85.0 0.0
85.1 0.0
85.2 0.0
85.3 0.0
85.4 0.0
85.5 0.0
85.6 0.0
85.7 0.0
85.8 0.0
85.9 0.0
86.0 0.0
86.1 0.0
86.2 0.0
86.3 0.0
86.4 0.0
86.5 0.0
86.6 0.0
86.7 0.0
86.8 0.0
86.9 0.0
87.0 0.0
87.1 0.0
87.2 0.0
87.3 0.0
87.4 0.0
87.5 0.0
87.6 0.0
87.7 0.0
87.8 0.0
87.9 0.0
88.0 0.0
88.1 0.0
88.2 0.0
88.3 0.0
88.4 0.0
88.5 0.0
88.6 0.0
88.7 0.0
88.8 0.0
88.9 0.0
89.0 0.0
89.1 0.0
89.2 0.0
89.3 0.0
89.4 0.0
89.5 0.0
89.6 0.0
89.7 0.0
89.8 0.0
89.9 0.0
90.0 0.0
90.1 0.0
90.2 0.0
90.3 0.0
90.4 0.0
90.5 0.0
90.6 0.0
90.7 0.0
90.8 0.0
90.9 0.0
91.0 0.0
91.1 0.0
91.2 0.0
91.3 0.0
91.4 0.0
91.5 0.0
91.6 0.0
91.7 0.0
91.8 0.0
91.9 0.0
92.0 0.0
92.1 0.0
92.2 0.0
92.3 0.0
92.4 0.0
92.5 0.0
92.6 0.0
92.7 0.0
92.8 0.0
92.9 0.0
93.0 0.0
93.1 0.0
93.2 0.0
93.3 0.0
93.4 0.0
93.5 0.0
93.6 0.0
93.7 0.0
93.8 0.0
93.9 0.0
94.0 0.0
94.1 0.0
94.2 0.0
94.3 0.0
94.4 0.0
94.5 0.0
94.6 0.0
94.7 0.0
94.8 0.0
94.9 0.0
95.0 0.0
95.1 0.0
95.2 0.0
95.3 0.0
95.4 0.0
95.5 0.0
95.6 0.0
95.7 0.0
95.8 0.0
95.9 0.0
96.0 0.0
96.1 0.0
96.2 0.0
96.3 0.0
96.4 0.0
96.5 0.0
96.6 0.0
96.7 0.0
96.8 0.0
96.9 0.0
97.0 0.0
97.1 0.0
97.2 0.0
97.3 0.0
97.4 0.0
97.5 0.0
97.6 0.0
97.7 0.0
97.8 0.0
97.9 0.0
98.0 0.0
98.1 0.0
98.2 0.0
98.3 0.0
98.4 0.0
98.5 0.0
98.6 0.0
98.7 0.0
98.8 0.0
98.9 0.0
99.0 0.0
99.1 0.0
99.2 0.0
99.3 0.0
99.4 0.0
99.5 0.0
99.6 0.0
99.7 0.0
99.8 0.0
99.9 0.0
100.0 0.0
100.1 0.0
100.2 0.0
100.3 0.0
100.4 0.0
100.5 0.0
100.6 0.0
100.7 0.0
100.8 0.0
100.9 0.0
101.0 0.0
101.1 0.0
101.2 0.0
101.3 0.0
101.4 0.0
101.5 0.0
101.6 0.0
101.7 0.0
101.8 0.0
101.9 0.0
102.0 0.0
102.1 0.0
102.2 0.0
102.3 0.0
