0.0 -0.00019234698516
0.1 -0.00602580409352
0.2 -0.0162370385128
0.3 -0.0293252715763
0.4 -0.0402837217715
0.5 -0.0409417217321
0.6 -0.0225376588736
0.7 0.0199300781642
0.8 0.0834182053703
0.9 0.155162384318
1.0 0.215327044544
1.1 0.243392805895
1.2 0.225230592695
1.3 0.157110444484
1.4 0.0448914877275
1.5 -0.0997991245402
1.6 -0.262150720713
1.7 -0.422252128408
1.8 -0.549740828674
1.9 -0.600850219591
2.0 -0.524851523784
2.1 -0.28241390537
2.2 0.129531767168
2.3 0.657933311073
2.4 1.19011211753
2.5 1.57146902209
2.6 1.64047418208
2.7 1.27101152178
2.8 0.4116257886
2.9 -0.885217483161
3.0 -2.44754207118
3.1 -3.98647348682
3.2 -5.125453055
3.3 -5.46524613098
3.4 -4.68515065222
3.5 -2.66187212354
3.6 0.433228322853
3.7 4.10655575635
3.8 7.618324982
3.9 10.159611262
4.0 11.0825597258
4.1 10.1037440044
4.2 7.40049701655
4.3 3.55700768952
4.4 -0.622709510526
4.5 -4.36200726284
4.6 -7.12239952047
4.7 -8.70225063335
4.8 -9.201949028
4.9 -8.8935214499
5.0 -8.06746475378
5.1 -6.92547789683
5.2 -5.55234098184
5.3 -3.95628766476
5.4 -2.13831832337
5.5 -0.148090272484
5.6 1.8977573448
5.7 3.83464433489
5.8 5.48973141813
5.9 6.72208323211
6.0 7.44920810671
6.1 7.65449483235
6.2 7.37677147614
6.3 6.68759076803
6.4 5.66511381277
6.5 4.37530780275
6.6 2.86931968409
6.7 1.19872933605
6.8 -0.560030638525
6.9 -2.28862594923
7.0 -3.83277412995
7.1 -5.03559108536
7.2 -5.78640178443
7.3 -6.0613515146
7.4 -5.93302953846
7.5 -5.54062725664
7.6 -5.03242763484
7.7 -4.50721423301
7.8 -3.98202891436
7.9 -3.40019084496
8.0 -2.67331631647
8.1 -1.73525161099
8.2 -0.582212069196
8.3 0.717355144195
8.4 2.04375112683
8.5 3.2645662763
8.6 4.2720734062
8.7 5.00483361248
8.8 5.44869958899
8.9 5.62226448515
9.0 5.55720244118
9.1 5.2834068266
9.2 4.82386760479
9.3 4.19802349274
9.4 3.42808110409
9.5 2.54239037353
9.6 1.5732207001
9.7 0.551049000834
9.8 -0.499318715536
9.9 -1.55610846263
10.0 -2.59121036364
10.1 -3.55952234945
10.2 -4.39537501112
10.3 -5.02198246255
10.4 -5.37277416869
10.5 -5.41570720317
10.6 -5.16821417961
10.7 -4.69399609555
10.8 -4.08182808046
10.9 -3.41581656203
11.0 -2.75070434476
11.1 -2.10256369605
11.2 -1.45675842573
11.3 -0.786545532397
11.4 -0.0718468609255
11.5 0.689994101654
11.6 1.483567601
11.7 2.28125870752
11.8 3.04990646705
11.9 3.75447974853
12.0 4.35878630539
12.1 4.8259789708
12.2 5.1216256737
12.3 5.21976448548
12.4 5.10955465571
12.5 4.79883102976
12.6 4.31193971794
12.7 3.68208007088
12.8 2.94141293743
12.9 2.11373142967
13.0 1.21358200923
13.1 0.252625440515
13.2 -0.749858370306
13.3 -1.75810757286
13.4 -2.71831271154
13.5 -3.566733193
13.6 -4.24488640563
13.7 -4.71510958457
13.8 -4.96905854616
13.9 -5.02505769162
14.0 -4.9159891005
14.1 -4.67434232422
14.2 -4.32220941672
14.3 -3.87068389904
14.4 -3.32735196484
14.5 -2.70591062205
14.6 -2.03121300171
14.7 -1.33647567626
14.8 -0.654589295164
14.9 -0.00906229376059
15.0 0.590037226515
15.1 1.14327016403
15.2 1.65458240054
15.3 2.12439330288
15.4 2.54689552735
15.5 2.91229847452
15.6 3.21161160713
15.7 3.44039526235
15.8 3.5991414354
15.9 3.69045098223
16.0 3.71520855957
16.1 3.67036331102
16.2 3.54972068348
16.3 3.3472892598
16.4 3.06134127649
16.5 2.69708935534
16.6 2.26670634364
16.7 1.78677432981
16.8 1.27446174694
16.9 0.744264908339
17.0 0.206790742831
17.1 -0.330045114105
17.2 -0.858362780071
17.3 -1.36802054122
17.4 -1.84632492729
17.5 -2.28019175202
17.6 -2.6595973385
17.7 -2.98015570246
17.8 -3.24298195963
17.9 -3.45156919508
18.0 -3.60728279972
18.1 -3.70605123562
18.2 -3.7382306489
18.3 -3.69179168919
18.4 -3.55708041205
18.5 -3.3306314045
18.6 -3.0162820976
18.7 -2.62355571146
18.8 -2.16478845784
18.9 -1.65286623627
19.0 -1.10062302184
19.1 -0.521636119268
19.2 0.0687514380609
19.3 0.653344101325
19.4 1.21435696485
19.5 1.7355529165
19.6 2.20429674059
19.7 2.61266716739
19.8 2.95724458973
19.9 3.23772877609
20.0 3.45493208731
20.1 3.60888669796
20.2 3.69779072807
20.3 3.71825646466
20.4 3.66680343738
20.5 3.54191311128
20.6 3.34556702677
20.7 3.08335706097
20.8 2.76302317149
20.9 2.39225112801
21.0 1.97712014941
21.1 1.52228244762
21.2 1.03288381715
21.3 0.517044887143
21.4 -0.0127896813645
21.5 -0.540765839418
21.6 -1.05059525314
21.7 -1.52910038285
21.8 -1.96841399269
21.9 -2.36563191027
22.0 -2.72014201329
22.1 -3.03013645291
22.2 -3.29022290802
22.3 -3.49139345528
22.4 -3.62331039066
22.5 -3.67767284212
22.6 -3.65096144181
22.7 -3.54530133623
22.8 -3.36722554274
22.9 -3.12517218783
23.0 -2.82707248204
23.1 -2.47916334848
23.2 -2.08637789951
23.3 -1.65379855853
23.4 -1.18818491024
23.5 -0.698734986733
23.6 -0.196843774008
23.7 0.30475120068
23.8 0.792823778236
23.9 1.25419435827
24.0 1.67616165314
24.1 2.04734035211
24.2 2.35916042441
24.3 2.60761168754
24.4 2.79424095408
24.5 2.92545991934
24.6 3.01002050483
24.7 3.05561451939
24.8 3.06621207435
24.9 3.04145277808
25.0 2.97826148676
25.1 2.87358696264
25.2 2.7265862473
25.3 2.53906673777
25.4 2.3141971881
25.5 2.05458870176
25.6 1.76112679955
25.7 1.43330350222
25.8 1.0707776842
25.9 0.675209120305
26.0 0.251459309342
26.1 -0.192153822106
26.2 -0.644269118554
26.3 -1.0911422729
26.4 -1.51743746145
26.5 -1.90739204754
26.6 -2.24658240269
26.7 -2.52406707666
26.8 -2.73414798895
26.9 -2.87685838997
27.0 -2.95677099688
27.1 -2.98056647211
27.2 -2.95446386682
27.3 -2.88265173109
27.4 -2.76725573346
27.5 -2.6095390554
27.6 -2.41147458352
27.7 -2.17683048371
27.8 -1.91136030183
27.9 -1.62222356327
28.0 -1.31706054106
28.1 -1.00312500689
28.2 -0.686687535401
28.3 -0.372754834796
28.4 -0.0650865058017
28.5 0.233529813083
28.6 0.52084657605
28.7 0.794767615675
28.8 1.05323023058
28.9 1.29444733199
29.0 1.51732914432
29.1 1.7216798837
29.2 1.90778474125
29.3 2.07532372454
29.4 2.22201588333
29.5 2.34272336907
29.6 2.42969397088
29.7 2.47416565628
29.8 2.46890552589
29.9 2.41073880081
30.0 2.30201410838
30.1 2.15019227322
30.2 1.96602211908
30.3 1.76067230874
30.4 1.54273828914
30.5 1.31661812374
30.6 1.08261972951
30.7 0.838557904797
30.8 0.582006206645
30.9 0.312215112518
31.0 0.0310374565623
31.1 -0.257207427657
31.2 -0.546504153047
31.3 -0.829986669995
31.4 -1.10053796077
31.5 -1.35119323633
31.6 -1.57558964201
31.7 -1.76858262513
31.8 -1.92684005236
31.9 -2.04902467534
32.0 -2.13530212123
32.1 -2.18632011847
32.2 -2.20220471113
32.3 -2.18219244981
32.4 -2.12516877622
32.5 -2.03082708483
32.6 -1.90077602548
32.7 -1.73896649044
32.8 -1.55124244917
32.9 -1.34433285876
33.0 -1.1248517135
33.1 -0.898726776705
33.2 -0.671088901593
33.3 -0.446327811517
33.4 -0.227979688682
33.5 -0.0183499355204
33.6 0.18191138208
33.7 0.37390399382
33.8 0.559958115033
33.9 0.742494881508
34.0 0.922562412354
34.1 1.09853568562
34.2 1.26549032149
34.3 1.41560803848
34.4 1.53966699337
34.5 1.62927146386
34.6 1.67911149586
34.7 1.68840381783
34.8 1.66090063671
34.9 1.60343501935
35.0 1.52364009209
35.1 1.42785801089
35.2 1.32009336634
35.3 1.20223836501
35.4 1.07508858423
35.5 0.93932787975
35.6 0.795888540161
35.7 0.645689646044
35.8 0.489269203246
35.9 0.326880555369
36.0 0.159203681851
36.1 -0.0117295274095
36.2 -0.182047284536
36.3 -0.346398512262
36.4 -0.499032992495
36.5 -0.635037857227
36.6 -0.751140531085
36.7 -0.845842765316
36.8 -0.919080170117
36.9 -0.971784376412
37.0 -1.00557683038
37.1 -1.02254005619
37.2 -1.02487791347
37.3 -1.01441184166
37.4 -0.992125780159
37.5 -0.958099396374
37.6 -0.911999398091
37.7 -0.853928694601
37.8 -0.785142537043
37.9 -0.708167415617
38.0 -0.626207143806
38.1 -0.542156760507
38.2 -0.457773008102
38.3 -0.373429890447
38.4 -0.288523341913
38.5 -0.202234867007
38.6 -0.114234450808
38.7 -0.0250340359776
38.8 0.0640420929508
38.9 0.151109891734
39.0 0.234008721136
39.1 0.310519472046
39.2 0.378537168568
39.3 0.436258799322
39.4 0.482401331297
39.5 0.51638876363
39.6 0.538411303021
39.7 0.549296260414
39.8 0.550217377597
39.9 0.54235354589
40.0 0.526639621966
40.1 0.503711726326
40.2 0.474055246474
40.3 0.438262223831
40.4 0.397248903403
40.5 0.352306637633
40.6 0.304951723771
40.7 0.256652295117
40.8 0.208577529944
40.9 0.161495270288
41.0 0.115851101376
41.1 0.0719551806568
41.2 0.0301508871755
41.3 -0.00912863410714
41.4 -0.0454222057864
41.5 -0.0783475561321
41.6 -0.107662415675
41.7 -0.133236917262
41.8 -0.154966691098
41.9 -0.172698182384
42.0 -0.186223739717
42.1 -0.195351194544
42.2 -0.200003176125
42.3 -0.200288510418
42.4 -0.196513828244
42.5 -0.189143048107
42.6 -0.178736688404
42.7 -0.165900216266
42.8 -0.151250670795
42.9 -0.13539281826
43.0 -0.118892621512
43.1 -0.102245384603
43.2 -0.0858477877772
43.3 -0.0699871071755
43.4 -0.0548547153544
43.5 -0.0405793506703
43.6 -0.0272660583762
43.7 -0.0150243306019
43.8 -0.00397463399379
43.9 0.00576688352841
44.0 0.014115433472
44.1 0.0210414186494
44.2 0.0265790264493
44.3 0.0308164702557
44.4 0.0338743503291
44.5 0.0358832266143
44.6 0.0369689800995
44.7 0.0372476497068
44.8 0.0368256488861
44.9 0.0358004578402
45.0 0.0342604065353
45.1 0.0322858333063
45.2 0.0299539616786
45.3 0.0273462827929
45.4 0.0245536257646
45.5 0.0216741679943
45.6 0.0188038509076
45.7 0.0160238408874
45.8 0.0133917748539
45.9 0.0109410340004
46.0 0.00868724010707
46.1 0.00663727518043
46.2 0.00479579671875
46.3 0.00316701199772
46.4 0.00175290613352
46.5 0.000550829122792
46.6 -0.000447292629023
46.7 -0.00125373750295
46.8 -0.00188288848872
46.9 -0.00234963785615
47.0 -0.0026689328102
47.1 -0.00285616970906
47.2 -0.00292770402088
47.3 -0.00290090797452
47.4 -0.00279367009063
47.5 -0.00262361147392
47.6 -0.00240739585074
47.7 -0.00216035802228
47.8 -0.00189642195244
47.9 -0.00162809614038
48.0 -0.00136632511019
48.1 -0.00112013297082
48.2 -0.00089620237118
48.3 -0.000698640699919
48.4 -0.0005291168902
48.5 -0.000387357505384
48.6 -0.000271809515633
48.7 -0.000180228809932
48.8 -0.000110050334663
48.9 -5.85476533224e-05
49.0 -2.28874863046e-05
49.1 -1.83931811346e-07
49.2 1.24059905377e-05
49.3 1.75624115846e-05
49.4 1.76924684742e-05
49.5 1.48499561563e-05
49.6 1.06883499292e-05
49.7 6.44657139485e-06
49.8 2.96795795806e-06
49.9 7.48352178075e-07
50.0 0.0
50.1 0.0
50.2 0.0
50.3 0.0
50.4 0.0
50.5 0.0
50.6 0.0
50.7 0.0
50.8 0.0
50.9 0.0
51.0 0.0
51.1 0.0
51.2 0.0
51.3 0.0
51.4 0.0
51.5 0.0
51.6 0.0
51.7 0.0
51.8 0.0
51.9 0.0
52.0 0.0
52.1 0.0
52.2 0.0
52.3 0.0
52.4 0.0
52.5 0.0
52.6 0.0
52.7 0.0
52.8 0.0
52.9 0.0
53.0 0.0
53.1 0.0
53.2 0.0
53.3 0.0
53.4 0.0
53.5 0.0
53.6 0.0
53.7 0.0
53.8 0.0
53.9 0.0
54.0 0.0
54.1 0.0
54.2 0.0
54.3 0.0
54.4 0.0
54.5 0.0
54.6 0.0
54.7 0.0
54.8 0.0
54.9 0.0
55.0 0.0
55.1 0.0
55.2 0.0
55.3 0.0
55.4 0.0
55.5 0.0
55.6 0.0
55.7 0.0
55.8 0.0
55.9 0.0
56.0 0.0
56.1 0.0
56.2 0.0
56.3 0.0
56.4 0.0
56.5 0.0
56.6 0.0
56.7 0.0
56.8 0.0
56.9 0.0
57.0 0.0
57.1 0.0
57.2 0.0
57.3 0.0
57.4 0.0
57.5 0.0
57.6 0.0
57.7 0.0
57.8 0.0
57.9 0.0
58.0 0.0
58.1 0.0
58.2 0.0
58.3 0.0
58.4 0.0
58.5 0.0
58.6 0.0
58.7 0.0
58.8 0.0
58.9 0.0
59.0 0.0
59.1 0.0
59.2 0.0
59.3 0.0
59.4 0.0
59.5 0.0
59.6 0.0
59.7 0.0
59.8 0.0
59.9 0.0
60.0 0.0
60.1 0.0
60.2 0.0
60.3 0.0
60.4 0.0
60.5 0.0
60.6 0.0
60.7 0.0
60.8 0.0
60.9 0.0
61.0 0.0
61.1 0.0
61.2 0.0
61.3 0.0
61.4 0.0
61.5 0.0
61.6 0.0
61.7 0.0
61.8 0.0
61.9 0.0
62.0 0.0
62.1 0.0
62.2 0.0
62.3 0.0
62.4 0.0
62.5 0.0
62.6 0.0
62.7 0.0
62.8 0.0
62.9 0.0
63.0 0.0
63.1 0.0
63.2 0.0
63.3 0.0
63.4 0.0
63.5 0.0
63.6 0.0
63.7 0.0
63.8 0.0
63.9 0.0
64.0 0.0
64.1 0.0
64.2 0.0
64.3 0.0
64.4 0.0
64.5 0.0
64.6 0.0
64.7 0.0
64.8 0.0
64.9 0.0
65.0 0.0
65.1 0.0
65.2 0.0
65.3 0.0
65.4 0.0
65.5 0.0
65.6 0.0
65.7 0.0
65.8 0.0
65.9 0.0
66.0 0.0
66.1 0.0
66.2 0.0
66.3 0.0
66.4 0.0
66.5 0.0
66.6 0.0
66.7 0.0
66.8 0.0
66.9 0.0
67.0 0.0
67.1 0.0
67.2 0.0
67.3 0.0
67.4 0.0
67.5 0.0
67.6 0.0
67.7 0.0
67.8 0.0
67.9 0.0
68.0 0.0
68.1 0.0
68.2 0.0
68.3 0.0
68.4 0.0
68.5 0.0
68.6 0.0
68.7 0.0
68.8 0.0
68.9 0.0
69.0 0.0
69.1 0.0
69.2 0.0
69.3 0.0
69.4 0.0
69.5 0.0
69.6 0.0
69.7 0.0
69.8 0.0
69.9 0.0
70.0 0.0
70.1 0.0
70.2 0.0
70.3 0.0
70.4 0.0
70.5 0.0
70.6 0.0
70.7 0.0
70.8 0.0
70.9 0.0
71.0 0.0
71.1 0.0
71.2 0.0
71.3 0.0
71.4 0.0
71.5 0.0
71.6 0.0
71.7 0.0
71.8 0.0
71.9 0.0
72.0 0.0
72.1 0.0
72.2 0.0
72.3 0.0
72.4 0.0
72.5 0.0
72.6 0.0
72.7 0.0
72.8 0.0
72.9 0.0
73.0 0.0
73.1 0.0
73.2 0.0
73.3 0.0
73.4 0.0
73.5 0.0
73.6 0.0
73.7 0.0
73.8 0.0
73.9 0.0
74.0 0.0
74.1 0.0
74.2 0.0
74.3 0.0
74.4 0.0
74.5 0.0
74.6 0.0
74.7 0.0
74.8 0.0
74.9 0.0
75.0 0.0
75.1 0.0
75.2 0.0
75.3 0.0
75.4 0.0
75.5 0.0
75.6 0.0
75.7 0.0
75.8 0.0
75.9 0.0
76.0 0.0
76.1 0.0
76.2 0.0
76.3 0.0
76.4 0.0
76.5 0.0
76.6 0.0
76.7 0.0
76.8 0.0
76.9 0.0
77.0 0.0
77.1 0.0
77.2 0.0
77.3 0.0
77.4 0.0
77.5 0.0
77.6 0.0
77.7 0.0
77.8 0.0
77.9 0.0
78.0 0.0
78.1 0.0
78.2 0.0
78.3 0.0
78.4 0.0
78.5 0.0
78.6 0.0
78.7 0.0
78.8 0.0
78.9 0.0
79.0 0.0
79.1 0.0
79.2 0.0
79.3 0.0
79.4 0.0
79.5 0.0
79.6 0.0
79.7 0.0
79.8 0.0
79.9 0.0
80.0 0.0
80.1 0.0
80.2 0.0
80.3 0.0
80.4 0.0
80.5 0.0
80.6 0.0
80.7 0.0
80.8 0.0
80.9 0.0
81.0 0.0
81.1 0.0
81.2 0.0
81.3 0.0
81.4 0.0
81.5 0.0
81.6 0.0
81.7 0.0
81.8 0.0
81.9 0.0
82.0 0.0
82.1 0.0
82.2 0.0
82.3 0.0
82.4 0.0
82.5 0.0
82.6 0.0
82.7 0.0
82.8 0.0
82.9 0.0
83.0 0.0
83.1 0.0
83.2 0.0
83.3 0.0
83.4 0.0
83.5 0.0
83.6 0.0
83.7 0.0
83.8 0.0
83.9 0.0
84.0 0.0
84.1 0.0
84.2 0.0
84.3 0.0
84.4 0.0
84.5 0.0
84.6 0.0
84.7 0.0
84.8 0.0
84.9 0.0
85.0 0.0
85.1 0.0
85.2 0.0
85.3 0.0
85.4 0.0
85.5 0.0
85.6 0.0
85.7 0.0
85.8 0.0
85.9 0.0
86.0 0.0
86.1 0.0
86.2 0.0
86.3 0.0
86.4 0.0
86.5 0.0
86.6 0.0
86.7 0.0
86.8 0.0
86.9 0.0
87.0 0.0
87.1 0.0
87.2 0.0
87.3 0.0
87.4 0.0
87.5 0.0
87.6 0.0
87.7 0.0
87.8 0.0
87.9 0.0
88.0 0.0
88.1 0.0
88.2 0.0
88.3 0.0
88.4 0.0
88.5 0.0
88.6 0.0
88.7 0.0
88.8 0.0
88.9 0.0
89.0 0.0
89.1 0.0
89.2 0.0
89.3 0.0
89.4 0.0
89.5 0.0
89.6 0.0
89.7 0.0
89.8 0.0
89.9 0.0
90.0 0.0
90.1 0.0
90.2 0.0
90.3 0.0
90.4 0.0
90.5 0.0
90.6 0.0
90.7 0.0
90.8 0.0
90.9 0.0
91.0 0.0
91.1 0.0
91.2 0.0
91.3 0.0
91.4 0.0
91.5 0.0
91.6 0.0
91.7 0.0
91.8 0.0
91.9 0.0
92.0 0.0
92.1 0.0
92.2 0.0
92.3 0.0
92.4 0.0
92.5 0.0
92.6 0.0
92.7 0.0
92.8 0.0
92.9 0.0
93.0 0.0
93.1 0.0
93.2 0.0
93.3 0.0
93.4 0.0
93.5 0.0
93.6 0.0
93.7 0.0
93.8 0.0
93.9 0.0
94.0 0.0
94.1 0.0
94.2 0.0
94.3 0.0
94.4 0.0
94.5 0.0
94.6 0.0
94.7 0.0
94.8 0.0
94.9 0.0
95.0 0.0
95.1 0.0
95.2 0.0
95.3 0.0
95.4 0.0
95.5 0.0
95.6 0.0
95.7 0.0
95.8 0.0
95.9 0.0
96.0 0.0
96.1 0.0
96.2 0.0
96.3 0.0
96.4 0.0
96.5 0.0
96.6 0.0
96.7 0.0
96.8 0.0
96.9 0.0
97.0 0.0
97.1 0.0
97.2 0.0
97.3 0.0
97.4 0.0
97.5 0.0
97.6 0.0
97.7 0.0
97.8 0.0
97.9 0.0
98.0 0.0
98.1 0.0
98.2 0.0
98.3 0.0
98.4 0.0
98.5 0.0
98.6 0.0
98.7 0.0
98.8 0.0
98.9 0.0
99.0 0.0
99.1 0.0
99.2 0.0
99.3 0.0
99.4 0.0
99.5 0.0
99.6 0.0
99.7 0.0
99.8 0.0
99.9 0.0
100.0 0.0
100.1 0.0
100.2 0.0
100.3 0.0
100.4 0.0
100.5 0.0
100.6 0.0
100.7 0.0
100.8 0.0
100.9 0.0
101.0 0.0
101.1 0.0
101.2 0.0
101.3 0.0
101.4 0.0
101.5 0.0
101.6 0.0
101.7 0.0
101.8 0.0
101.9 0.0
102.0 0.0
102.1 0.0
102.2 0.0
102.3 0.0
