0.0 -0.059031303264
0.0939 0.261388598108
0.1878 0.573648150572
0.2817 0.823632782684
0.3756 0.970531625455
0.4695 1.00128121231
0.5634 0.93246143751
0.6573 0.799679233315
0.7512 0.639984413251
0.8451 0.475326412363
0.939 0.305054364605
1.0329 0.111214347737
1.1268 -0.126244839742
1.2207 -0.4112793685
1.3146 -0.718852663128
1.4085 -0.994603370533
1.5024 -1.16912345455
1.5963 -1.18093141555
1.6902 -0.995216416594
1.7841 -0.609004548396
1.878 -0.0473251894547
1.9719 0.638904435943
2.0658 1.36986350213
2.1597 2.03302268645
2.2536 2.48388627616
2.3475 2.55814754165
2.4414 2.10406237684
2.5353 1.0349089062
2.6292 -0.615402634071
2.7231 -2.65861427811
2.817 -4.75703733821
2.9109 -6.46992810789
3.0048 -7.33516886483
3.0987 -6.97494987313
3.1926 -5.20897836552
3.2865 -2.14733308507
3.3804 1.77731086136
3.4743 5.87057367732
3.5682 9.32798026281
3.6621 11.4344023637
3.756 11.7479638027
3.8499 10.2111745146
3.9438 7.15700047488
4.0377 3.21050994337
4.1316 -0.882358779855
4.2255 -4.44609707305
4.3194 -7.02866856671
4.4133 -8.47179195779
4.5072 -8.88386250869
4.6011 -8.53670692359
4.695 -7.73321019563
4.7889 -6.69773055499
4.8828 -5.52625588937
4.9767 -4.20532046933
5.0706 -2.6784681691
5.1645 -0.921167504448
5.2584 1.0117094378
5.3523 2.98245767845
5.4462 4.80560818198
5.5401 6.30127350096
5.634 7.34267092808
5.7279 7.87958701643
5.8218 7.93141058363
5.9157 7.55670687767
6.0096 6.81653518006
6.1035 5.75084441325
6.1974 4.3798181354
6.2913 2.72850363799
6.3852 0.860254343451
6.4791 -1.10108129408
6.573 -2.97608531841
6.6669 -4.56498914723
6.7608 -5.70112403477
6.8547 -6.30085865504
6.9486 -6.38889554874
7.0425 -6.08798951378
7.1364 -5.5765559828
7.2303 -5.02974562984
7.3242 -4.56521764177
7.4181 -4.21236408246
7.512 -3.91451781134
7.6059 -3.56131134188
7.6998 -3.03711719473
7.7937 -2.26620530505
7.8876 -1.23814826028
7.9815 -0.00647165793958
8.0754 1.33464031113
8.1693 2.68227855108
8.2632 3.95072116983
8.3571 5.08205017679
8.451 6.0406488242
8.5449 6.79810940239
8.6388 7.31852021591
8.7327 7.55258079153
8.8266 7.44390966279
8.9205 6.94512022131
9.0144 6.03711731972
9.1083 4.74385666958
9.2022 3.13669805162
9.2961 1.32676001815
9.39 -0.55167457397
9.4839 -2.36097719248
9.5778 -3.97758152255
9.6717 -5.30378319955
9.7656 -6.27403962504
9.8595 -6.85781036683
9.9534 -7.06044165273
10.0473 -6.92156890074
10.1412 -6.50901242514
10.2351 -5.90668085045
10.329 -5.1974671898
10.4229 -4.44511714184
10.5168 -3.68098862465
10.6107 -2.90120412244
10.7046 -2.07647969355
10.7985 -1.17193524358
10.8924 -0.169700991084
10.9863 0.914542916629
11.0802 2.02784973828
11.1741 3.09083190695
11.268 4.01886522274
11.3619 4.74522796777
11.4558 5.23707113847
11.5497 5.49855373055
11.6436 5.5612952249
11.7375 5.46755392119
11.8314 5.25382938181
11.9253 4.94122137863
12.0192 4.53494111026
12.1131 4.03095475517
12.207 3.42497324624
12.3009 2.71903134219
12.3948 1.92334227148
12.4887 1.05434386872
12.5826 0.131956491616
12.6765 -0.821029699397
12.7704 -1.77659352202
12.8643 -2.6980005397
12.9582 -3.53865480396
13.0521 -4.24614112146
13.146 -4.77170506516
13.2399 -5.08221311664
13.3338 -5.16966367178
13.4277 -5.05378934674
13.5216 -4.77610488554
13.6155 -4.38753436846
13.7094 -3.93458357227
13.8033 -3.44947950075
13.8972 -2.947579146
13.9911 -2.43178314528
14.085 -1.90052323561
14.1789 -1.35471632201
14.2728 -0.800375306201
14.3667 -0.246474464255
14.4606 0.299495395005
14.5545 0.834651053581
14.6484 1.35993585363
14.7423 1.875459919
14.8362 2.37461051522
14.9301 2.84067047876
15.024 3.2485693704
15.1179 3.57165833545
15.2118 3.79055543373
15.3057 3.89975299744
15.3996 3.90861266166
15.4935 3.83614822246
15.5874 3.70214932799
15.6813 3.51904661499
15.7752 3.28847034396
15.8691 3.00394966623
15.963 2.65797906902
16.0569 2.24945868483
16.1508 1.78746292315
16.2447 1.28940123061
16.3386 0.774740116171
16.4325 0.257870203099
16.5264 -0.255868319935
16.6203 -0.768753084014
16.7142 -1.28457365676
16.8081 -1.80116516362
16.902 -2.30568246403
16.9959 -2.7753040044
17.0898 -3.18321567143
17.1837 -3.50698264995
17.2776 -3.73521741837
17.3715 -3.86939377423
17.4654 -3.92019318853
17.5593 -3.90052814823
17.6532 -3.81892184429
17.7471 -3.67648581741
17.841 -3.46864855075
17.9349 -3.19022958128
18.0288 -2.84080288849
18.1227 -2.42737963291
18.2166 -1.96312319471
18.3105 -1.46309414083
18.4044 -0.939632721737
18.4983 -0.400067054289
18.5922 0.151997575733
18.6861 0.712652188637
18.78 1.27334440289
18.8739 1.81884587302
18.9678 2.32888001874
19.0617 2.78275854648
19.1556 3.16474446104
19.2495 3.4674807031
19.3434 3.69187060397
19.4373 3.84366489581
19.5312 3.92867253848
19.6251 3.94909123497
19.719 3.90269077224
19.8129 3.78495566272
19.9068 3.59272367322
20.0007 3.3271858787
20.0946 2.99464948274
20.1885 2.604838012
20.2824 2.16790646972
20.3763 1.6920023414
20.4702 1.18278613274
20.5641 0.645129057983
20.658 0.0859403742547
20.7519 -0.483547506587
20.8458 -1.04737886763
20.9397 -1.58665786774
21.0336 -2.08267813651
21.1275 -2.51997027055
21.2214 -2.88807259326
21.3153 -3.18167633603
21.4092 -3.39969744733
21.5031 -3.54423222788
21.597 -3.62005150987
21.6909 -3.63452897925
21.7848 -3.59723546935
21.8787 -3.51836768548
21.9726 -3.40584774686
22.0665 -3.26197784262
22.1604 -3.08131247922
22.2543 -2.85134892996
22.3482 -2.55660022075
22.4421 -2.18503028535
22.536 -1.734491562
22.6299 -1.21645697656
22.7238 -0.655263508786
22.8177 -0.0829199866961
22.9116 0.468572867482
23.0055 0.974399033638
23.0994 1.42092445045
23.1933 1.80534929711
23.2872 2.13180673254
23.3811 2.40615428713
23.475 2.63198944228
23.5689 2.80947842846
23.6628 2.93697198811
23.7567 3.01395205286
23.8506 3.04331721598
23.9445 3.03157596827
24.0384 2.98679795772
24.1323 2.91544814951
24.2262 2.81982094416
24.3201 2.69742866755
24.414 2.54263224574
24.5079 2.34964128608
24.6018 2.11537896113
24.6957 1.84090555672
24.7896 1.53096038297
24.8835 1.19220265467
24.9774 0.831344230467
25.0713 0.454265638333
25.1652 0.0664974762251
25.2591 -0.325431797186
25.353 -0.712825198536
25.4469 -1.08477973206
25.5408 -1.42958942605
25.6347 -1.7370669112
25.7286 -2.00071739121
25.8225 -2.21873050723
25.9164 -2.39332819765
26.0103 -2.52879632155
26.1042 -2.62911418424
26.1981 -2.69619525682
26.292 -2.72935912706
26.3859 -2.72602191714
26.4798 -2.68307055386
26.5737 -2.59822314165
26.6676 -2.47089322672
26.7615 -2.30247699625
26.8554 -2.09629895735
26.9493 -1.85750401414
27.0432 -1.59298460536
27.1371 -1.31116229481
27.231 -1.02132826668
27.3249 -0.732404291372
27.4188 -0.451345710249
27.5127 -0.181752174424
27.6066 0.0766553653184
27.7005 0.327296405618
27.7944 0.57485643964
27.8883 0.822920343742
27.9822 1.07200146995
28.0761 1.31868811444
28.17 1.55613561585
28.2639 1.77545757936
28.3578 1.96760979079
28.4517 2.125015575
28.5456 2.24227897852
28.6395 2.31637661259
28.7334 2.34658932117
28.8273 2.33447181529
28.9212 2.28387865302
29.0151 2.20077120639
29.109 2.09245580181
29.2029 1.96614163923
29.2968 1.82714398739
29.3907 1.67743004731
29.4846 1.51525357702
29.5785 1.33625717587
29.6724 1.13578148842
29.7663 0.911523828353
29.8602 0.665454713809
29.9541 0.404175838179
30.048 0.137571529282
30.1419 -0.123655908232
30.2358 -0.37053133639
30.3297 -0.597454260556
30.4236 -0.802476693591
30.5175 -0.986410012532
30.6114 -1.15143811062
30.7053 -1.29996897359
30.7992 -1.43410401795
30.8931 -1.55559142003
30.987 -1.66578597046
31.0809 -1.76518047591
31.1748 -1.852476183
31.2687 -1.92366449501
31.3626 -1.97185955092
31.4565 -1.9884323509
31.5504 -1.96539522944
31.6443 -1.89826972576
31.7382 -1.78824127116
31.8321 -1.64253973923
31.926 -1.47267842536
32.0199 -1.29112687135
32.1138 -1.10772501363
32.2077 -0.927292973267
32.3016 -0.749362420064
32.3955 -0.569999490971
32.4894 -0.384768637838
32.5833 -0.191444866987
32.6772 0.00868222443878
32.7711 0.211298033053
32.865 0.410830676535
32.9589 0.602406876796
33.0528 0.782930701863
33.1467 0.950799067435
33.2406 1.10457223844
33.3345 1.2415122159
33.4284 1.3569758458
33.5223 1.44517464058
33.6162 1.50105209408
33.7101 1.52239047881
33.804 1.51108074372
33.8979 1.4728634667
33.9918 1.41557987173
34.0857 1.34668379855
34.1796 1.27110082695
34.2735 1.19032312611
34.3674 1.10301520302
34.4613 1.00669670186
34.5552 0.899615611449
34.6491 0.781933124841
34.743 0.655772367684
34.8369 0.524291309917
34.9308 0.390408503969
35.0247 0.25591571537
35.1186 0.121430906545
35.2125 -0.0128472393282
35.3064 -0.146056930148
35.4003 -0.275894174465
35.4942 -0.398586179074
35.5881 -0.509661370004
35.682 -0.60515470061
35.7759 -0.682688254817
35.8698 -0.741961609073
35.9637 -0.784503342287
36.0576 -0.812894566733
36.1515 -0.829889539655
36.2454 -0.837830348983
36.3393 -0.838520996483
36.4332 -0.833435393823
36.5271 -0.823949875921
36.621 -0.811310524739
36.7149 -0.79624753938
36.8088 -0.778410978091
36.9027 -0.755972236588
36.9966 -0.725714933899
37.0905 -0.683733630873
37.1844 -0.62657351165
37.2783 -0.552423673602
37.3722 -0.46192995324
37.4661 -0.358339468724
37.56 -0.246952718915
37.6539 -0.134113032978
37.7478 -0.0260948837653
37.8417 0.0717820355087
37.9356 0.155647385345
38.0295 0.223210391564
38.1234 0.273678782347
38.2173 0.307628972439
38.3112 0.326901031411
38.4051 0.33447465033
38.499 0.334215775847
38.5929 0.330411240568
38.6868 0.327115624164
38.7807 0.327457839395
38.8746 0.333120337623
38.9685 0.344167827509
39.0624 0.359276492485
39.1563 0.376259308077
39.2502 0.392674989041
39.3441 0.406299624223
39.438 0.415331973786
39.5319 0.418345906921
39.6258 0.414123550432
39.7197 0.401542612667
39.8136 0.379637224443
39.9075 0.347838185493
40.0014 0.306288170615
40.0953 0.256076662418
40.1892 0.199270043933
40.2831 0.138703010881
40.377 0.0775978018736
40.4709 0.0191366072622
40.5648 -0.0338949298399
40.6587 -0.0793362083677
40.7526 -0.1157689111
40.8465 -0.142581371254
40.9404 -0.160025158657
41.0343 -0.169252690199
41.1282 -0.172265285051
41.2221 -0.171683634471
41.316 -0.170300607817
41.4099 -0.170475770573
41.5038 -0.173534881174
41.5977 -0.179388583251
41.6916 -0.186544932052
41.7855 -0.192564220033
41.8794 -0.194838904252
41.9733 -0.191446564838
42.0672 -0.181780939201
42.1611 -0.166738444379
42.255 -0.148399006224
42.3489 -0.129325914262
42.4428 -0.111745226192
42.5367 -0.0968983968796
42.6306 -0.0847831482647
42.7245 -0.0743432028056
42.8184 -0.0640013464066
42.9123 -0.0523164857962
43.0062 -0.0385225097107
43.1001 -0.0227748236377
43.194 -0.0060544620075
43.2879 0.0101928703418
43.3818 0.0245223842068
43.4757 0.0358863180585
43.5696 0.0438378569299
43.6635 0.0485083183142
43.7574 0.0504100402371
43.8513 0.050171224187
43.9452 0.0483148432016
44.0391 0.045156853228
44.133 0.0408395518159
44.2269 0.0354594633785
44.3208 0.02921624806
44.4147 0.0225089661177
44.5086 0.0159345562847
44.6025 0.0101865923861
44.6964 0.00589248991148
44.7903 0.00344961592061
44.8842 0.00291858503436
44.9781 0.00400855490951
45.072 0.00615541714154
45.1659 0.00866309448993
45.2598 0.0108616023078
45.3537 0.0122371988273
45.4476 0.0125062687296
45.5415 0.0116268292126
45.6354 0.00976027210642
45.7293 0.00720516946691
45.8232 0.00432411088994
45.9171 0.00147756106763
46.011 -0.00102886934064
46.1049 -0.00298170940561
46.1988 -0.004280091149
46.2927 -0.00493731089521
46.3866 -0.00506237335883
46.4805 -0.00482435230897
46.5744 -0.00440792748323
46.6683 -0.00397230475278
46.7622 -0.00362498641934
46.8561 -0.00341604356478
46.95 -0.00335018340863
47.0439 -0.00335018340863
47.1378 -0.00335018340863
47.2317 -0.00335018340863
47.3256 -0.00335018340863
47.4195 -0.00335018340863
47.5134 -0.00335018340863
47.6073 -0.00335018340863
47.7012 -0.00335018340863
47.7951 -0.00335018340863
47.889 -0.00335018340863
47.9829 -0.00335018340863
48.0768 -0.00335018340863
48.1707 -0.00335018340863
48.2646 -0.00335018340863
48.3585 -0.00335018340863
48.4524 -0.00335018340863
48.5463 -0.00335018340863
48.6402 -0.00335018340863
48.7341 -0.00335018340863
48.828 -0.00335018340863
48.9219 -0.00335018340863
49.0158 -0.00335018340863
49.1097 -0.00335018340863
49.2036 -0.00335018340863
49.2975 -0.00335018340863
49.3914 -0.00335018340863
49.4853 -0.00335018340863
49.5792 -0.00335018340863
49.6731 -0.00335018340863
49.767 -0.00335018340863
49.8609 -0.00335018340863
49.9548 -0.00335018340863
50.0487 -0.00335018340863
50.1426 -0.00335018340863
50.2365 -0.00335018340863
50.3304 -0.00335018340863
50.4243 -0.00335018340863
50.5182 -0.00335018340863
50.6121 -0.00335018340863
50.706 -0.00335018340863
50.7999 -0.00335018340863
50.8938 -0.00335018340863
50.9877 -0.00335018340863
51.0816 -0.00335018340863
51.1755 -0.00335018340863
51.2694 -0.00335018340863
51.3633 -0.00335018340863
51.4572 -0.00335018340863
51.5511 -0.00335018340863
51.645 -0.00335018340863
51.7389 -0.00335018340863
51.8328 -0.00335018340863
51.9267 -0.00335018340863
52.0206 -0.00335018340863
52.1145 -0.00335018340863
52.2084 -0.00335018340863
52.3023 -0.00335018340863
52.3962 -0.00335018340863
52.4901 -0.00335018340863
52.584 -0.00335018340863
52.6779 -0.00335018340863
52.7718 -0.00335018340863
52.8657 -0.00335018340863
52.9596 -0.00335018340863
53.0535 -0.00335018340863
53.1474 -0.00335018340863
53.2413 -0.00335018340863
53.3352 -0.00335018340863
53.4291 -0.00335018340863
53.523 -0.00335018340863
53.6169 -0.00335018340863
53.7108 -0.00335018340863
53.8047 -0.00335018340863
53.8986 -0.00335018340863
53.9925 -0.00335018340863
54.0864 -0.00335018340863
54.1803 -0.00335018340863
54.2742 -0.00335018340863
54.3681 -0.00335018340863
54.462 -0.00335018340863
54.5559 -0.00335018340863
54.6498 -0.00335018340863
54.7437 -0.00335018340863
54.8376 -0.00335018340863
54.9315 -0.00335018340863
55.0254 -0.00335018340863
55.1193 -0.00335018340863
55.2132 -0.00335018340863
55.3071 -0.00335018340863
55.401 -0.00335018340863
55.4949 -0.00335018340863
55.5888 -0.00335018340863
55.6827 -0.00335018340863
55.7766 -0.00335018340863
55.8705 -0.00335018340863
55.9644 -0.00335018340863
56.0583 -0.00335018340863
56.1522 -0.00335018340863
56.2461 -0.00335018340863
56.34 -0.00335018340863
56.4339 -0.00335018340863
56.5278 -0.00335018340863
56.6217 -0.00335018340863
56.7156 -0.00335018340863
56.8095 -0.00335018340863
56.9034 -0.00335018340863
56.9973 -0.00335018340863
57.0912 -0.00335018340863
57.1851 -0.00335018340863
57.279 -0.00335018340863
57.3729 -0.00335018340863
57.4668 -0.00335018340863
57.5607 -0.00335018340863
57.6546 -0.00335018340863
57.7485 -0.00335018340863
57.8424 -0.00335018340863
57.9363 -0.00335018340863
58.0302 -0.00335018340863
58.1241 -0.00335018340863
58.218 -0.00335018340863
58.3119 -0.00335018340863
58.4058 -0.00335018340863
58.4997 -0.00335018340863
58.5936 -0.00335018340863
58.6875 -0.00335018340863
58.7814 -0.00335018340863
58.8753 -0.00335018340863
58.9692 -0.00335018340863
59.0631 -0.00335018340863
59.157 -0.00335018340863
59.2509 -0.00335018340863
59.3448 -0.00335018340863
59.4387 -0.00335018340863
59.5326 -0.00335018340863
59.6265 -0.00335018340863
59.7204 -0.00335018340863
59.8143 -0.00335018340863
59.9082 -0.00335018340863
60.0021 -0.00335018340863
60.096 -0.00335018340863
60.1899 -0.00335018340863
60.2838 -0.00335018340863
60.3777 -0.00335018340863
60.4716 -0.00335018340863
60.5655 -0.00335018340863
60.6594 -0.00335018340863
60.7533 -0.00335018340863
60.8472 -0.00335018340863
60.9411 -0.00335018340863
61.035 -0.00335018340863
61.1289 -0.00335018340863
61.2228 -0.00335018340863
61.3167 -0.00335018340863
61.4106 -0.00335018340863
61.5045 -0.00335018340863
61.5984 -0.00335018340863
61.6923 -0.00335018340863
61.7862 -0.00335018340863
61.8801 -0.00335018340863
61.974 -0.00335018340863
62.0679 -0.00335018340863
62.1618 -0.00335018340863
62.2557 -0.00335018340863
62.3496 -0.00335018340863
62.4435 -0.00335018340863
62.5374 -0.00335018340863
62.6313 -0.00335018340863
62.7252 -0.00335018340863
62.8191 -0.00335018340863
62.913 -0.00335018340863
63.0069 -0.00335018340863
63.1008 -0.00335018340863
63.1947 -0.00335018340863
63.2886 -0.00335018340863
63.3825 -0.00335018340863
63.4764 -0.00335018340863
63.5703 -0.00335018340863
63.6642 -0.00335018340863
63.7581 -0.00335018340863
63.852 -0.00335018340863
63.9459 -0.00335018340863
64.0398 -0.00335018340863
64.1337 -0.00335018340863
64.2276 -0.00335018340863
64.3215 -0.00335018340863
64.4154 -0.00335018340863
64.5093 -0.00335018340863
64.6032 -0.00335018340863
64.6971 -0.00335018340863
64.791 -0.00335018340863
64.8849 -0.00335018340863
64.9788 -0.00335018340863
65.0727 -0.00335018340863
65.1666 -0.00335018340863
65.2605 -0.00335018340863
65.3544 -0.00335018340863
65.4483 -0.00335018340863
65.5422 -0.00335018340863
65.6361 -0.00335018340863
65.73 -0.00335018340863
65.8239 -0.00335018340863
65.9178 -0.00335018340863
66.0117 -0.00335018340863
66.1056 -0.00335018340863
66.1995 -0.00335018340863
66.2934 -0.00335018340863
66.3873 -0.00335018340863
66.4812 -0.00335018340863
66.5751 -0.00335018340863
66.669 -0.00335018340863
66.7629 -0.00335018340863
66.8568 -0.00335018340863
66.9507 -0.00335018340863
67.0446 -0.00335018340863
67.1385 -0.00335018340863
67.2324 -0.00335018340863
67.3263 -0.00335018340863
67.4202 -0.00335018340863
67.5141 -0.00335018340863
67.608 -0.00335018340863
67.7019 -0.00335018340863
67.7958 -0.00335018340863
67.8897 -0.00335018340863
67.9836 -0.00335018340863
68.0775 -0.00335018340863
68.1714 -0.00335018340863
68.2653 -0.00335018340863
68.3592 -0.00335018340863
68.4531 -0.00335018340863
68.547 -0.00335018340863
68.6409 -0.00335018340863
68.7348 -0.00335018340863
68.8287 -0.00335018340863
68.9226 -0.00335018340863
69.0165 -0.00335018340863
69.1104 -0.00335018340863
69.2043 -0.00335018340863
69.2982 -0.00335018340863
69.3921 -0.00335018340863
69.486 -0.00335018340863
69.5799 -0.00335018340863
69.6738 -0.00335018340863
69.7677 -0.00335018340863
69.8616 -0.00335018340863
69.9555 -0.00335018340863
70.0494 -0.00335018340863
70.1433 -0.00335018340863
70.2372 -0.00335018340863
70.3311 -0.00335018340863
70.425 -0.00335018340863
70.5189 -0.00335018340863
70.6128 -0.00335018340863
70.7067 -0.00335018340863
70.8006 -0.00335018340863
70.8945 -0.00335018340863
70.9884 -0.00335018340863
71.0823 -0.00335018340863
71.1762 -0.00335018340863
71.2701 -0.00335018340863
71.364 -0.00335018340863
71.4579 -0.00335018340863
71.5518 -0.00335018340863
71.6457 -0.00335018340863
71.7396 -0.00335018340863
71.8335 -0.00335018340863
71.9274 -0.00335018340863
72.0213 -0.00335018340863
72.1152 -0.00335018340863
72.2091 -0.00335018340863
72.303 -0.00335018340863
72.3969 -0.00335018340863
72.4908 -0.00335018340863
72.5847 -0.00335018340863
72.6786 -0.00335018340863
72.7725 -0.00335018340863
72.8664 -0.00335018340863
72.9603 -0.00335018340863
73.0542 -0.00335018340863
73.1481 -0.00335018340863
73.242 -0.00335018340863
73.3359 -0.00335018340863
73.4298 -0.00335018340863
73.5237 -0.00335018340863
73.6176 -0.00335018340863
73.7115 -0.00335018340863
73.8054 -0.00335018340863
73.8993 -0.00335018340863
73.9932 -0.00335018340863
74.0871 -0.00335018340863
74.181 -0.00335018340863
74.2749 -0.00335018340863
74.3688 -0.00335018340863
74.4627 -0.00335018340863
74.5566 -0.00335018340863
74.6505 -0.00335018340863
74.7444 -0.00335018340863
74.8383 -0.00335018340863
74.9322 -0.00335018340863
75.0261 -0.00335018340863
75.12 -0.00335018340863
75.2139 -0.00335018340863
75.3078 -0.00335018340863
75.4017 -0.00335018340863
75.4956 -0.00335018340863
75.5895 -0.00335018340863
75.6834 -0.00335018340863
75.7773 -0.00335018340863
75.8712 -0.00335018340863
75.9651 -0.00335018340863
76.059 -0.00335018340863
76.1529 -0.00335018340863
76.2468 -0.00335018340863
76.3407 -0.00335018340863
76.4346 -0.00335018340863
76.5285 -0.00335018340863
76.6224 -0.00335018340863
76.7163 -0.00335018340863
76.8102 -0.00335018340863
76.9041 -0.00335018340863
76.998 -0.00335018340863
77.0919 -0.00335018340863
77.1858 -0.00335018340863
77.2797 -0.00335018340863
77.3736 -0.00335018340863
77.4675 -0.00335018340863
77.5614 -0.00335018340863
77.6553 -0.00335018340863
77.7492 -0.00335018340863
77.8431 -0.00335018340863
77.937 -0.00335018340863
78.0309 -0.00335018340863
78.1248 -0.00335018340863
78.2187 -0.00335018340863
78.3126 -0.00335018340863
78.4065 -0.00335018340863
78.5004 -0.00335018340863
78.5943 -0.00335018340863
78.6882 -0.00335018340863
78.7821 -0.00335018340863
78.876 -0.00335018340863
78.9699 -0.00335018340863
79.0638 -0.00335018340863
79.1577 -0.00335018340863
79.2516 -0.00335018340863
79.3455 -0.00335018340863
79.4394 -0.00335018340863
79.5333 -0.00335018340863
79.6272 -0.00335018340863
79.7211 -0.00335018340863
79.815 -0.00335018340863
79.9089 -0.00335018340863
80.0028 -0.00335018340863
80.0967 -0.00335018340863
80.1906 -0.00335018340863
80.2845 -0.00335018340863
80.3784 -0.00335018340863
80.4723 -0.00335018340863
80.5662 -0.00335018340863
80.6601 -0.00335018340863
80.754 -0.00335018340863
80.8479 -0.00335018340863
80.9418 -0.00335018340863
81.0357 -0.00335018340863
81.1296 -0.00335018340863
81.2235 -0.00335018340863
81.3174 -0.00335018340863
81.4113 -0.00335018340863
81.5052 -0.00335018340863
81.5991 -0.00335018340863
81.693 -0.00335018340863
81.7869 -0.00335018340863
81.8808 -0.00335018340863
81.9747 -0.00335018340863
82.0686 -0.00335018340863
82.1625 -0.00335018340863
82.2564 -0.00335018340863
82.3503 -0.00335018340863
82.4442 -0.00335018340863
82.5381 -0.00335018340863
82.632 -0.00335018340863
82.7259 -0.00335018340863
82.8198 -0.00335018340863
82.9137 -0.00335018340863
83.0076 -0.00335018340863
83.1015 -0.00335018340863
83.1954 -0.00335018340863
83.2893 -0.00335018340863
83.3832 -0.00335018340863
83.4771 -0.00335018340863
83.571 -0.00335018340863
83.6649 -0.00335018340863
83.7588 -0.00335018340863
83.8527 -0.00335018340863
83.9466 -0.00335018340863
84.0405 -0.00335018340863
84.1344 -0.00335018340863
84.2283 -0.00335018340863
84.3222 -0.00335018340863
84.4161 -0.00335018340863
84.51 -0.00335018340863
84.6039 -0.00335018340863
84.6978 -0.00335018340863
84.7917 -0.00335018340863
84.8856 -0.00335018340863
84.9795 -0.00335018340863
85.0734 -0.00335018340863
85.1673 -0.00335018340863
85.2612 -0.00335018340863
85.3551 -0.00335018340863
85.449 -0.00335018340863
85.5429 -0.00335018340863
85.6368 -0.00335018340863
85.7307 -0.00335018340863
85.8246 -0.00335018340863
85.9185 -0.00335018340863
86.0124 -0.00335018340863
86.1063 -0.00335018340863
86.2002 -0.00335018340863
86.2941 -0.00335018340863
86.388 -0.00335018340863
86.4819 -0.00335018340863
86.5758 -0.00335018340863
86.6697 -0.00335018340863
86.7636 -0.00335018340863
86.8575 -0.00335018340863
86.9514 -0.00335018340863
87.0453 -0.00335018340863
87.1392 -0.00335018340863
87.2331 -0.00335018340863
87.327 -0.00335018340863
87.4209 -0.00335018340863
87.5148 -0.00335018340863
87.6087 -0.00335018340863
87.7026 -0.00335018340863
87.7965 -0.00335018340863
87.8904 -0.00335018340863
87.9843 -0.00335018340863
88.0782 -0.00335018340863
88.1721 -0.00335018340863
88.266 -0.00335018340863
88.3599 -0.00335018340863
88.4538 -0.00335018340863
88.5477 -0.00335018340863
88.6416 -0.00335018340863
88.7355 -0.00335018340863
88.8294 -0.00335018340863
88.9233 -0.00335018340863
89.0172 -0.00335018340863
89.1111 -0.00335018340863
89.205 -0.00335018340863
89.2989 -0.00335018340863
89.3928 -0.00335018340863
89.4867 -0.00335018340863
89.5806 -0.00335018340863
89.6745 -0.00335018340863
89.7684 -0.00335018340863
89.8623 -0.00335018340863
89.9562 -0.00335018340863
90.0501 -0.00335018340863
90.144 -0.00335018340863
90.2379 -0.00335018340863
90.3318 -0.00335018340863
90.4257 -0.00335018340863
90.5196 -0.00335018340863
90.6135 -0.00335018340863
90.7074 -0.00335018340863
90.8013 -0.00335018340863
90.8952 -0.00335018340863
90.9891 -0.00335018340863
91.083 -0.00335018340863
91.1769 -0.00335018340863
91.2708 -0.00335018340863
91.3647 -0.00335018340863
91.4586 -0.00335018340863
91.5525 -0.00335018340863
91.6464 -0.00335018340863
91.7403 -0.00335018340863
91.8342 -0.00335018340863
91.9281 -0.00335018340863
92.022 -0.00335018340863
92.1159 -0.00335018340863
92.2098 -0.00335018340863
92.3037 -0.00335018340863
92.3976 -0.00335018340863
92.4915 -0.00335018340863
92.5854 -0.00335018340863
92.6793 -0.00335018340863
92.7732 -0.00335018340863
92.8671 -0.00335018340863
92.961 -0.00335018340863
93.0549 -0.00335018340863
93.1488 -0.00335018340863
93.2427 -0.00335018340863
93.3366 -0.00335018340863
93.4305 -0.00335018340863
93.5244 -0.00335018340863
93.6183 -0.00335018340863
93.7122 -0.00335018340863
93.8061 -0.00335018340863
93.9 -0.00335018340863
93.9939 -0.00335018340863
94.0878 -0.00335018340863
94.1817 -0.00335018340863
94.2756 -0.00335018340863
94.3695 -0.00335018340863
94.4634 -0.00335018340863
94.5573 -0.00335018340863
94.6512 -0.00335018340863
94.7451 -0.00335018340863
94.839 -0.00335018340863
94.9329 -0.00335018340863
95.0268 -0.00335018340863
95.1207 -0.00335018340863
95.2146 -0.00335018340863
95.3085 -0.00335018340863
95.4024 -0.00335018340863
95.4963 -0.00335018340863
95.5902 -0.00335018340863
95.6841 -0.00335018340863
95.778 -0.00335018340863
95.8719 -0.00335018340863
95.9658 -0.00335018340863
96.0597 -0.00335018340863
