0.0 0.234627610943
0.09277 0.330354737675
0.18554 0.423971819927
0.27831 0.489340418476
0.37108 0.5072059684
0.46385 0.475527795835
0.55662 0.410096159668
0.64939 0.33536993964
0.74216 0.27038667874
0.83493 0.216833185383
0.9277 0.155852856847
1.02047 0.0561787521368
1.11324 -0.109543670481
1.20601 -0.347077950294
1.29878 -0.629336832538
1.39155 -0.897642529948
1.48432 -1.07672642822
1.57709 -1.09809871579
1.66986 -0.920941263106
1.76263 -0.541540308457
1.8554 0.0081899845726
1.94817 0.666397941699
2.04094 1.3466926442
2.13371 1.94282967373
2.22648 2.33374414115
2.31925 2.392387871
2.41202 2.00472825827
2.50479 1.10145217807
2.59756 -0.304982375497
2.69033 -2.09193981768
2.7831 -4.01868519825
2.87587 -5.74486584836
2.96864 -6.87717392394
3.06141 -7.04260115727
3.15418 -5.98127929231
3.24695 -3.64051013268
3.33972 -0.237954778549
3.43249 3.73917443896
3.52526 7.6129792288
3.61803 10.6567932996
3.7108 12.2623191102
3.80357 12.0855136884
3.89634 10.1303618234
3.98911 6.74662865262
4.08188 2.54146432002
4.17465 -1.77034893053
4.26742 -5.53395479804
4.36019 -8.29099863786
4.45296 -9.84786474677
4.54573 -10.2630354537
4.6385 -9.76887983228
4.73127 -8.662880063
4.82404 -7.20909482834
4.91681 -5.58118401644
5.00958 -3.85747552749
5.10235 -2.05653091548
5.19512 -0.188651133071
5.28789 1.70191349399
5.38066 3.52076818937
5.47343 5.13719270488
5.5662 6.41939952621
5.65897 7.27428867952
5.75174 7.67345297536
5.84451 7.65371115627
5.93728 7.29249686147
6.03005 6.67027485432
6.12282 5.83803357156
6.21559 4.80513438464
6.30836 3.55293715398
6.40113 2.06743639989
6.4939 0.375065626562
6.58667 -1.43581528034
6.67944 -3.21882380257
6.77221 -4.7989742848
6.86498 -6.01719740436
6.95775 -6.77355698513
7.05052 -7.0531608638
7.14329 -6.92502658349
7.23606 -6.51416656915
7.32883 -5.95718027128
7.4216 -5.3578296109
7.51437 -4.75885434043
7.60714 -4.13939737085
7.69991 -3.43697171332
7.79268 -2.58347456947
7.88545 -1.54014149197
7.97822 -0.318234705123
8.07099 1.02079910178
8.16376 2.38344777785
8.25653 3.67157718741
8.3493 4.80754830518
8.44207 5.7473740731
8.53484 6.47806044616
8.62761 7.00224536857
8.72038 7.318541594
8.81315 7.40757015152
8.90592 7.23085129701
8.99869 6.74364161018
9.09146 5.91622079965
9.18423 4.75423555212
9.277 3.30920275944
9.36977 1.67459777022
9.46254 -0.0309526467587
9.55531 -1.68684082346
9.64808 -3.19174927413
9.74085 -4.47654306186
9.83362 -5.50628203158
9.92639 -6.27315607928
10.01916 -6.78508888686
10.11193 -7.05536515519
10.2047 -7.09689350578
10.29747 -6.92163735617
10.39024 -6.54306199363
10.48301 -5.97850101235
10.57578 -5.24932524133
10.66855 -4.37884736126
10.76132 -3.38972522875
10.85409 -2.30320796862
10.94686 -1.14155045615
11.03963 0.067164724491
11.1324 1.28445503289
11.22517 2.46023253375
11.31794 3.53677098759
11.41071 4.45729309826
11.50348 5.17638834862
11.59625 5.66840184449
11.68902 5.93058098385
11.78179 5.9799187826
11.87456 5.84531074431
11.96733 5.5585160037
12.0601 5.14755987636
12.15287 4.63462283636
12.24564 4.03801111036
12.33841 3.37578352656
12.43118 2.66804099623
12.52395 1.93603194279
12.61672 1.1984233119
12.70949 0.467079927467
12.80226 -0.254653186322
12.89503 -0.969271071584
12.9878 -1.67846402036
13.08057 -2.3753002767
13.17334 -3.03915038753
13.26611 -3.63645124184
13.35888 -4.12791507829
13.45165 -4.4797478637
13.54442 -4.67432701218
13.63719 -4.71569461489
13.72996 -4.62729560904
13.82273 -4.44272857356
13.9155 -4.19334435644
14.00827 -3.89789911824
14.10104 -3.55850627188
14.19381 -3.16428569718
14.28658 -2.70070824101
14.37935 -2.1602414272
14.47212 -1.5495734883
14.56489 -0.890491030778
14.65766 -0.214486059361
14.75043 0.446069199352
14.8432 1.06607075273
14.93597 1.63175395478
15.02874 2.13950211604
15.12151 2.590776396
15.21428 2.98622581321
15.30705 3.32207953324
15.39982 3.59043386916
15.49259 3.78286466215
15.58536 3.8950549203
15.67813 3.92968122952
15.7709 3.89581590331
15.86367 3.80500073502
15.95644 3.66593491067
16.04921 3.48048737656
16.14198 3.24312625098
16.23475 2.94419199901
16.32752 2.57557503242
16.42029 2.13621152358
16.51306 1.63491803331
16.60583 1.08935047724
16.6986 0.521647795149
16.79137 -0.0472510308466
16.88414 -0.602185714648
16.97691 -1.13549313371
17.06968 -1.64550034016
17.16245 -2.13283530384
17.25522 -2.59638651293
17.34799 -3.03062820366
17.44076 -3.42518112146
17.53353 -3.76638905422
17.6263 -4.03989657863
17.71907 -4.23303405915
17.81184 -4.33622682301
17.90461 -4.34333347434
17.99738 -4.25137845608
18.09015 -4.06030075175
18.18292 -3.77307857865
18.27569 -3.39613248803
18.36846 -2.93956933173
18.46123 -2.4168217786
18.554 -1.84355921825
18.64677 -1.2361867984
18.73954 -0.61052677294
18.83231 0.0187946250024
18.92508 0.638125419129
19.01785 1.23409535714
19.11062 1.79311816746
19.20339 2.3016738672
19.29616 2.74751969036
19.38893 3.12141617818
19.4817 3.41857823782
19.57447 3.63908808733
19.66724 3.78694303889
19.76001 3.86804245502
19.85278 3.88792487929
19.94555 3.85018917578
20.03832 3.75620782868
20.13109 3.60612735608
20.22386 3.40055275258
20.31663 3.14202098681
20.4094 2.83551828568
20.50217 2.48780376444
20.59494 2.10591150792
20.68771 1.69561485754
20.78048 1.2606551727
20.87325 0.803164318287
20.96602 0.325137049752
21.05879 -0.169682839983
21.15156 -0.674321338527
21.24433 -1.17812214204
21.3371 -1.66749351813
21.42987 -2.12754114034
21.52264 -2.54398393126
21.61541 -2.90475522538
21.70818 -3.20093839852
21.80095 -3.42701253285
21.89372 -3.58061891999
21.98649 -3.6621150169
22.07926 -3.67408662207
22.17203 -3.62084875736
22.2648 -3.50789049671
22.35757 -3.34125247366
22.45034 -3.12692645346
22.54311 -2.87044316364
22.63588 -2.57679162581
22.72865 -2.25068164634
22.82142 -1.89698757121
22.91419 -1.52109958165
23.00696 -1.12893736045
23.09973 -0.726553861632
23.1925 -0.31949446097
23.28527 0.0877466085535
23.37804 0.491820504092
23.47081 0.889998923393
23.56358 1.27916003163
23.65635 1.65468767876
23.74912 2.0097893296
23.84189 2.33560585271
23.93466 2.62217010729
24.02743 2.85991830385
24.1202 3.04123795733
24.21297 3.16155220002
24.30574 3.21967404829
24.39851 3.21748635034
24.49128 3.15924425124
24.58405 3.05084154813
24.67682 2.89923116202
24.76959 2.71195654772
24.86236 2.4965932146
24.95513 2.25992737524
25.0479 2.00690854065
25.14067 1.7396869074
25.23344 1.45721573461
25.32621 1.15583571107
25.41898 0.830947904721
25.51175 0.479438006086
25.60452 0.102130485179
25.69729 -0.294588864907
25.79006 -0.698650997787
25.88283 -1.09387727501
25.9756 -1.46286204789
26.06837 -1.79031341191
26.16114 -2.06583695364
26.25391 -2.28534508869
26.34668 -2.45075280921
26.43945 -2.56819065011
26.53222 -2.64541391284
26.62499 -2.68926378155
26.71776 -2.70390942864
26.81053 -2.6902560548
26.9033 -2.64649354973
26.99607 -2.56943091235
27.08884 -2.45610025475
27.18161 -2.30513245952
27.27438 -2.11755821141
27.36715 -1.8969038335
27.45992 -1.64866620358
27.55269 -1.37941542402
27.64546 -1.09585318966
27.73823 -0.804129595361
27.831 -0.509595216649
27.92377 -0.216961927391
28.01654 0.0692163460891
28.10931 0.344254603064
28.20208 0.603422042964
28.29485 0.842420473145
28.38762 1.05815893121
28.48039 1.24947747698
28.57316 1.41741797382
28.66593 1.56477620075
28.7587 1.69495734962
28.85147 1.81047884918
28.94424 1.91167425192
29.03701 1.99613971154
29.12978 2.0592120104
29.22255 2.09536527991
29.31532 2.10003104306
29.40809 2.07115636858
29.50086 2.0099134023
29.59363 1.92032589396
29.6864 1.8080281197
29.77917 1.67871103459
29.87194 1.53688243915
29.96471 1.38534730352
30.05748 1.22542367107
30.15025 1.05755647357
30.24302 0.881859330103
30.33579 0.698263213041
30.42856 0.506285264769
30.52133 0.304751865891
30.6141 0.0919236367578
30.70687 -0.133704537041
30.79964 -0.372039183369
30.89241 -0.619962762461
30.98518 -0.870532271681
31.07795 -1.11333682167
31.17072 -1.33610845039
31.26349 -1.52714214266
31.35626 -1.67769840605
31.44903 -1.78352655401
31.5418 -1.84499276311
31.63457 -1.86587673067
31.72734 -1.85145040632
31.82011 -1.80671497812
31.91288 -1.73552367956
32.00565 -1.6408309808
32.09842 -1.52572268793
32.19119 -1.39448679817
32.28396 -1.25297851315
32.37673 -1.10791731738
32.4695 -0.965334575468
32.56227 -0.828871687884
32.65504 -0.698765701149
32.74781 -0.572078951501
32.84058 -0.444167752698
32.93335 -0.310815894837
33.02612 -0.17015498261
33.11889 -0.023594513797
33.21166 0.124567713766
33.30443 0.268608788911
33.3972 0.403236731471
33.48997 0.52505370787
33.58274 0.633090267629
33.67551 0.728337108821
33.76828 0.812645636379
33.86105 0.887589556108
33.95382 0.95379332671
34.04659 1.01091196024
34.13936 1.05807526819
34.23213 1.09438717983
34.3249 1.11910730741
34.41767 1.13140321445
34.51044 1.12988994503
34.60321 1.11237330454
34.69598 1.07616003234
34.78875 1.01900627285
34.88152 0.940395542741
34.97429 0.842575339863
35.06706 0.73079103428
35.15983 0.612453980697
35.2526 0.495437068883
35.34537 0.386090800125
35.43814 0.287724933132
35.53091 0.200129555494
35.62368 0.120290678824
35.71645 0.0439768398947
35.80922 -0.0324552489272
35.90199 -0.11073009684
35.99476 -0.190243679005
36.08753 -0.268605209881
36.1803 -0.342769325103
36.27307 -0.410197648365
36.36584 -0.469553329574
36.45861 -0.520710053282
36.55138 -0.564203082637
36.64415 -0.600497317957
36.73692 -0.629487388758
36.82969 -0.650475723301
36.92246 -0.662596594459
37.01523 -0.665414587153
37.108 -0.659343236119
37.20077 -0.645635893934
37.29354 -0.625931285309
37.38631 -0.601567663422
37.47908 -0.572996530242
37.57185 -0.539578475265
37.66462 -0.49986322886
37.75739 -0.452237795782
37.85016 -0.395674637765
37.94293 -0.33028974063
38.0357 -0.257525134652
38.12847 -0.179941215373
38.22124 -0.100756675632
38.31401 -0.0233415956255
38.40678 0.0491672336429
38.49955 0.114068190149
38.59232 0.169169696145
38.68509 0.2128553122
38.77786 0.244232686893
38.87063 0.263368297214
38.9634 0.271504526917
39.05617 0.271099790385
39.14894 0.265564506518
39.24171 0.258678114567
39.33448 0.253813993184
39.42725 0.253201217239
39.52002 0.257462807895
39.61279 0.265580916597
39.70556 0.275288560308
39.79833 0.283740654854
39.8911 0.288235063856
39.98387 0.286765919116
40.07664 0.278282943657
40.16941 0.262655982891
40.26218 0.240448420023
40.35495 0.212646932121
40.44772 0.180468668483
40.54049 0.145291729863
40.63326 0.108670807698
40.72603 0.0723471377826
40.8188 0.0381635853258
40.91157 0.00784854519547
41.00434 -0.0172905973368
41.09711 -0.0366605144875
41.18988 -0.0505397128131
41.28265 -0.0600170329387
41.37542 -0.0667047863955
41.46819 -0.0723048760288
41.56096 -0.0781613326164
41.65373 -0.0849366133725
41.7465 -0.0925026603244
41.83927 -0.100062388532
41.93204 -0.106443484634
42.02481 -0.110460315062
42.11758 -0.111233594583
42.21035 -0.1083872601
42.30312 -0.102091910129
42.39589 -0.0929743046494
42.48866 -0.081946307455
42.58143 -0.0700161740364
42.6742 -0.0581318928835
42.76697 -0.0470798983815
42.85974 -0.0374358784889
42.95251 -0.0295486145868
43.04528 -0.0235373947113
43.13805 -0.0192951612769
43.23082 -0.0165041123005
43.32359 -0.0146781792689
43.41636 -0.013242320519
43.50913 -0.0116436537
43.6019 -0.00947176410848
43.69467 -0.00655446426404
43.78744 -0.00299720705135
43.88021 0.000850353947345
43.97298 0.00449406921982
44.06575 0.00743264715586
44.15852 0.00929150638716
44.25129 0.00991365709642
44.34406 0.00938337038347
44.43683 0.00798144370795
44.5296 0.00609312875477
44.62237 0.00410307410892
44.71514 0.00231146298155
44.80791 0.000892957704213
44.90068 -9.88120977913e-05
44.99345 -0.000695355838108
45.08622 -0.000968344550499
45.17899 -0.000995231076536
45.27176 -0.000844690877825
45.36453 -0.000578994442054
45.4573 -0.000262634832814
45.55007 3.4001660841e-05
45.64284 0.000241517489104
45.73561 0.000306730594458
45.82838 0.000208468762896
45.92115 -3.45678541995e-05
46.01392 -0.000368475711694
46.10669 -0.000719971599804
46.19946 -0.00101721551896
46.29223 -0.00120814309818
46.385 -0.001271108156
46.47777 -0.001271108156
46.57054 -0.001271108156
46.66331 -0.001271108156
46.75608 -0.001271108156
46.84885 -0.001271108156
46.94162 -0.001271108156
47.03439 -0.001271108156
47.12716 -0.001271108156
47.21993 -0.001271108156
47.3127 -0.001271108156
47.40547 -0.001271108156
47.49824 -0.001271108156
47.59101 -0.001271108156
47.68378 -0.001271108156
47.77655 -0.001271108156
47.86932 -0.001271108156
47.96209 -0.001271108156
48.05486 -0.001271108156
48.14763 -0.001271108156
48.2404 -0.001271108156
48.33317 -0.001271108156
48.42594 -0.001271108156
48.51871 -0.001271108156
48.61148 -0.001271108156
48.70425 -0.001271108156
48.79702 -0.001271108156
48.88979 -0.001271108156
48.98256 -0.001271108156
49.07533 -0.001271108156
49.1681 -0.001271108156
49.26087 -0.001271108156
49.35364 -0.001271108156
49.44641 -0.001271108156
49.53918 -0.001271108156
49.63195 -0.001271108156
49.72472 -0.001271108156
49.81749 -0.001271108156
49.91026 -0.001271108156
50.00303 -0.001271108156
50.0958 -0.001271108156
50.18857 -0.001271108156
50.28134 -0.001271108156
50.37411 -0.001271108156
50.46688 -0.001271108156
50.55965 -0.001271108156
50.65242 -0.001271108156
50.74519 -0.001271108156
50.83796 -0.001271108156
50.93073 -0.001271108156
51.0235 -0.001271108156
51.11627 -0.001271108156
51.20904 -0.001271108156
51.30181 -0.001271108156
51.39458 -0.001271108156
51.48735 -0.001271108156
51.58012 -0.001271108156
51.67289 -0.001271108156
51.76566 -0.001271108156
51.85843 -0.001271108156
51.9512 -0.001271108156
52.04397 -0.001271108156
52.13674 -0.001271108156
52.22951 -0.001271108156
52.32228 -0.001271108156
52.41505 -0.001271108156
52.50782 -0.001271108156
52.60059 -0.001271108156
52.69336 -0.001271108156
52.78613 -0.001271108156
52.8789 -0.001271108156
52.97167 -0.001271108156
53.06444 -0.001271108156
53.15721 -0.001271108156
53.24998 -0.001271108156
53.34275 -0.001271108156
53.43552 -0.001271108156
53.52829 -0.001271108156
53.62106 -0.001271108156
53.71383 -0.001271108156
53.8066 -0.001271108156
53.89937 -0.001271108156
53.99214 -0.001271108156
54.08491 -0.001271108156
54.17768 -0.001271108156
54.27045 -0.001271108156
54.36322 -0.001271108156
54.45599 -0.001271108156
54.54876 -0.001271108156
54.64153 -0.001271108156
54.7343 -0.001271108156
54.82707 -0.001271108156
54.91984 -0.001271108156
55.01261 -0.001271108156
55.10538 -0.001271108156
55.19815 -0.001271108156
55.29092 -0.001271108156
55.38369 -0.001271108156
55.47646 -0.001271108156
55.56923 -0.001271108156
55.662 -0.001271108156
55.75477 -0.001271108156
55.84754 -0.001271108156
55.94031 -0.001271108156
56.03308 -0.001271108156
56.12585 -0.001271108156
56.21862 -0.001271108156
56.31139 -0.001271108156
56.40416 -0.001271108156
56.49693 -0.001271108156
56.5897 -0.001271108156
56.68247 -0.001271108156
56.77524 -0.001271108156
56.86801 -0.001271108156
56.96078 -0.001271108156
57.05355 -0.001271108156
57.14632 -0.001271108156
57.23909 -0.001271108156
57.33186 -0.001271108156
57.42463 -0.001271108156
57.5174 -0.001271108156
57.61017 -0.001271108156
57.70294 -0.001271108156
57.79571 -0.001271108156
57.88848 -0.001271108156
57.98125 -0.001271108156
58.07402 -0.001271108156
58.16679 -0.001271108156
58.25956 -0.001271108156
58.35233 -0.001271108156
58.4451 -0.001271108156
58.53787 -0.001271108156
58.63064 -0.001271108156
58.72341 -0.001271108156
58.81618 -0.001271108156
58.90895 -0.001271108156
59.00172 -0.001271108156
59.09449 -0.001271108156
59.18726 -0.001271108156
59.28003 -0.001271108156
59.3728 -0.001271108156
59.46557 -0.001271108156
59.55834 -0.001271108156
59.65111 -0.001271108156
59.74388 -0.001271108156
59.83665 -0.001271108156
59.92942 -0.001271108156
60.02219 -0.001271108156
60.11496 -0.001271108156
60.20773 -0.001271108156
60.3005 -0.001271108156
60.39327 -0.001271108156
60.48604 -0.001271108156
60.57881 -0.001271108156
60.67158 -0.001271108156
60.76435 -0.001271108156
60.85712 -0.001271108156
60.94989 -0.001271108156
61.04266 -0.001271108156
61.13543 -0.001271108156
61.2282 -0.001271108156
61.32097 -0.001271108156
61.41374 -0.001271108156
61.50651 -0.001271108156
61.59928 -0.001271108156
61.69205 -0.001271108156
61.78482 -0.001271108156
61.87759 -0.001271108156
61.97036 -0.001271108156
62.06313 -0.001271108156
62.1559 -0.001271108156
62.24867 -0.001271108156
62.34144 -0.001271108156
62.43421 -0.001271108156
62.52698 -0.001271108156
62.61975 -0.001271108156
62.71252 -0.001271108156
62.80529 -0.001271108156
62.89806 -0.001271108156
62.99083 -0.001271108156
63.0836 -0.001271108156
63.17637 -0.001271108156
63.26914 -0.001271108156
63.36191 -0.001271108156
63.45468 -0.001271108156
63.54745 -0.001271108156
63.64022 -0.001271108156
63.73299 -0.001271108156
63.82576 -0.001271108156
63.91853 -0.001271108156
64.0113 -0.001271108156
64.10407 -0.001271108156
64.19684 -0.001271108156
64.28961 -0.001271108156
64.38238 -0.001271108156
64.47515 -0.001271108156
64.56792 -0.001271108156
64.66069 -0.001271108156
64.75346 -0.001271108156
64.84623 -0.001271108156
64.939 -0.001271108156
65.03177 -0.001271108156
65.12454 -0.001271108156
65.21731 -0.001271108156
65.31008 -0.001271108156
65.40285 -0.001271108156
65.49562 -0.001271108156
65.58839 -0.001271108156
65.68116 -0.001271108156
65.77393 -0.001271108156
65.8667 -0.001271108156
65.95947 -0.001271108156
66.05224 -0.001271108156
66.14501 -0.001271108156
66.23778 -0.001271108156
66.33055 -0.001271108156
66.42332 -0.001271108156
66.51609 -0.001271108156
66.60886 -0.001271108156
66.70163 -0.001271108156
66.7944 -0.001271108156
66.88717 -0.001271108156
66.97994 -0.001271108156
67.07271 -0.001271108156
67.16548 -0.001271108156
67.25825 -0.001271108156
67.35102 -0.001271108156
67.44379 -0.001271108156
67.53656 -0.001271108156
67.62933 -0.001271108156
67.7221 -0.001271108156
67.81487 -0.001271108156
67.90764 -0.001271108156
68.00041 -0.001271108156
68.09318 -0.001271108156
68.18595 -0.001271108156
68.27872 -0.001271108156
68.37149 -0.001271108156
68.46426 -0.001271108156
68.55703 -0.001271108156
68.6498 -0.001271108156
68.74257 -0.001271108156
68.83534 -0.001271108156
68.92811 -0.001271108156
69.02088 -0.001271108156
69.11365 -0.001271108156
69.20642 -0.001271108156
69.29919 -0.001271108156
69.39196 -0.001271108156
69.48473 -0.001271108156
69.5775 -0.001271108156
69.67027 -0.001271108156
69.76304 -0.001271108156
69.85581 -0.001271108156
69.94858 -0.001271108156
70.04135 -0.001271108156
70.13412 -0.001271108156
70.22689 -0.001271108156
70.31966 -0.001271108156
70.41243 -0.001271108156
70.5052 -0.001271108156
70.59797 -0.001271108156
70.69074 -0.001271108156
70.78351 -0.001271108156
70.87628 -0.001271108156
70.96905 -0.001271108156
71.06182 -0.001271108156
71.15459 -0.001271108156
71.24736 -0.001271108156
71.34013 -0.001271108156
71.4329 -0.001271108156
71.52567 -0.001271108156
71.61844 -0.001271108156
71.71121 -0.001271108156
71.80398 -0.001271108156
71.89675 -0.001271108156
71.98952 -0.001271108156
72.08229 -0.001271108156
72.17506 -0.001271108156
72.26783 -0.001271108156
72.3606 -0.001271108156
72.45337 -0.001271108156
72.54614 -0.001271108156
72.63891 -0.001271108156
72.73168 -0.001271108156
72.82445 -0.001271108156
72.91722 -0.001271108156
73.00999 -0.001271108156
73.10276 -0.001271108156
73.19553 -0.001271108156
73.2883 -0.001271108156
73.38107 -0.001271108156
73.47384 -0.001271108156
73.56661 -0.001271108156
73.65938 -0.001271108156
73.75215 -0.001271108156
73.84492 -0.001271108156
73.93769 -0.001271108156
74.03046 -0.001271108156
74.12323 -0.001271108156
74.216 -0.001271108156
74.30877 -0.001271108156
74.40154 -0.001271108156
74.49431 -0.001271108156
74.58708 -0.001271108156
74.67985 -0.001271108156
74.77262 -0.001271108156
74.86539 -0.001271108156
74.95816 -0.001271108156
75.05093 -0.001271108156
75.1437 -0.001271108156
75.23647 -0.001271108156
75.32924 -0.001271108156
75.42201 -0.001271108156
75.51478 -0.001271108156
75.60755 -0.001271108156
75.70032 -0.001271108156
75.79309 -0.001271108156
75.88586 -0.001271108156
75.97863 -0.001271108156
76.0714 -0.001271108156
76.16417 -0.001271108156
76.25694 -0.001271108156
76.34971 -0.001271108156
76.44248 -0.001271108156
76.53525 -0.001271108156
76.62802 -0.001271108156
76.72079 -0.001271108156
76.81356 -0.001271108156
76.90633 -0.001271108156
76.9991 -0.001271108156
77.09187 -0.001271108156
77.18464 -0.001271108156
77.27741 -0.001271108156
77.37018 -0.001271108156
77.46295 -0.001271108156
77.55572 -0.001271108156
77.64849 -0.001271108156
77.74126 -0.001271108156
77.83403 -0.001271108156
77.9268 -0.001271108156
78.01957 -0.001271108156
78.11234 -0.001271108156
78.20511 -0.001271108156
78.29788 -0.001271108156
78.39065 -0.001271108156
78.48342 -0.001271108156
78.57619 -0.001271108156
78.66896 -0.001271108156
78.76173 -0.001271108156
78.8545 -0.001271108156
78.94727 -0.001271108156
79.04004 -0.001271108156
79.13281 -0.001271108156
79.22558 -0.001271108156
79.31835 -0.001271108156
79.41112 -0.001271108156
79.50389 -0.001271108156
79.59666 -0.001271108156
79.68943 -0.001271108156
79.7822 -0.001271108156
79.87497 -0.001271108156
79.96774 -0.001271108156
80.06051 -0.001271108156
80.15328 -0.001271108156
80.24605 -0.001271108156
80.33882 -0.001271108156
80.43159 -0.001271108156
80.52436 -0.001271108156
80.61713 -0.001271108156
80.7099 -0.001271108156
80.80267 -0.001271108156
80.89544 -0.001271108156
80.98821 -0.001271108156
81.08098 -0.001271108156
81.17375 -0.001271108156
81.26652 -0.001271108156
81.35929 -0.001271108156
81.45206 -0.001271108156
81.54483 -0.001271108156
81.6376 -0.001271108156
81.73037 -0.001271108156
81.82314 -0.001271108156
81.91591 -0.001271108156
82.00868 -0.001271108156
82.10145 -0.001271108156
82.19422 -0.001271108156
82.28699 -0.001271108156
82.37976 -0.001271108156
82.47253 -0.001271108156
82.5653 -0.001271108156
82.65807 -0.001271108156
82.75084 -0.001271108156
82.84361 -0.001271108156
82.93638 -0.001271108156
83.02915 -0.001271108156
83.12192 -0.001271108156
83.21469 -0.001271108156
83.30746 -0.001271108156
83.40023 -0.001271108156
83.493 -0.001271108156
83.58577 -0.001271108156
83.67854 -0.001271108156
83.77131 -0.001271108156
83.86408 -0.001271108156
83.95685 -0.001271108156
84.04962 -0.001271108156
84.14239 -0.001271108156
84.23516 -0.001271108156
84.32793 -0.001271108156
84.4207 -0.001271108156
84.51347 -0.001271108156
84.60624 -0.001271108156
84.69901 -0.001271108156
84.79178 -0.001271108156
84.88455 -0.001271108156
84.97732 -0.001271108156
85.07009 -0.001271108156
85.16286 -0.001271108156
85.25563 -0.001271108156
85.3484 -0.001271108156
85.44117 -0.001271108156
85.53394 -0.001271108156
85.62671 -0.001271108156
85.71948 -0.001271108156
85.81225 -0.001271108156
85.90502 -0.001271108156
85.99779 -0.001271108156
86.09056 -0.001271108156
86.18333 -0.001271108156
86.2761 -0.001271108156
86.36887 -0.001271108156
86.46164 -0.001271108156
86.55441 -0.001271108156
86.64718 -0.001271108156
86.73995 -0.001271108156
86.83272 -0.001271108156
86.92549 -0.001271108156
87.01826 -0.001271108156
87.11103 -0.001271108156
87.2038 -0.001271108156
87.29657 -0.001271108156
87.38934 -0.001271108156
87.48211 -0.001271108156
87.57488 -0.001271108156
87.66765 -0.001271108156
87.76042 -0.001271108156
87.85319 -0.001271108156
87.94596 -0.001271108156
88.03873 -0.001271108156
88.1315 -0.001271108156
88.22427 -0.001271108156
88.31704 -0.001271108156
88.40981 -0.001271108156
88.50258 -0.001271108156
88.59535 -0.001271108156
88.68812 -0.001271108156
88.78089 -0.001271108156
88.87366 -0.001271108156
88.96643 -0.001271108156
89.0592 -0.001271108156
89.15197 -0.001271108156
89.24474 -0.001271108156
89.33751 -0.001271108156
89.43028 -0.001271108156
89.52305 -0.001271108156
89.61582 -0.001271108156
89.70859 -0.001271108156
89.80136 -0.001271108156
89.89413 -0.001271108156
89.9869 -0.001271108156
90.07967 -0.001271108156
90.17244 -0.001271108156
90.26521 -0.001271108156
90.35798 -0.001271108156
90.45075 -0.001271108156
90.54352 -0.001271108156
90.63629 -0.001271108156
90.72906 -0.001271108156
90.82183 -0.001271108156
90.9146 -0.001271108156
91.00737 -0.001271108156
91.10014 -0.001271108156
91.19291 -0.001271108156
91.28568 -0.001271108156
91.37845 -0.001271108156
91.47122 -0.001271108156
91.56399 -0.001271108156
91.65676 -0.001271108156
91.74953 -0.001271108156
91.8423 -0.001271108156
91.93507 -0.001271108156
92.02784 -0.001271108156
92.12061 -0.001271108156
92.21338 -0.001271108156
92.30615 -0.001271108156
92.39892 -0.001271108156
92.49169 -0.001271108156
92.58446 -0.001271108156
92.67723 -0.001271108156
92.77 -0.001271108156
92.86277 -0.001271108156
92.95554 -0.001271108156
93.04831 -0.001271108156
93.14108 -0.001271108156
93.23385 -0.001271108156
93.32662 -0.001271108156
93.41939 -0.001271108156
93.51216 -0.001271108156
93.60493 -0.001271108156
93.6977 -0.001271108156
93.79047 -0.001271108156
93.88324 -0.001271108156
93.97601 -0.001271108156
94.06878 -0.001271108156
94.16155 -0.001271108156
94.25432 -0.001271108156
94.34709 -0.001271108156
94.43986 -0.001271108156
94.53263 -0.001271108156
94.6254 -0.001271108156
94.71817 -0.001271108156
94.81094 -0.001271108156
94.90371 -0.001271108156
