0.0 0.00644061719748
0.1 0.0185547472485
0.2 0.0455093101733
0.3 0.0891179141452
0.4 0.143916381722
0.5 0.195964292897
0.6 0.225165654616
0.7 0.210662328082
0.8 0.137584320986
0.9 0.00304654096219
1.0 -0.1804939352
1.1 -0.38595350147
1.2 -0.57705078447
1.3 -0.717551759737
1.4 -0.781298117009
1.5 -0.758467102131
1.6 -0.654337911611
1.7 -0.480675153747
1.8 -0.244931294686
1.9 0.0548366035529
2.0 0.423972699043
2.1 0.855691956561
2.2 1.31435464149
2.3 1.72784301904
2.4 1.9950463951
2.5 2.00676017277
2.6 1.67230752431
2.7 0.943846079057
2.8 -0.164735925444
2.9 -1.56231147895
3.0 -3.06715595204
3.1 -4.4024800521
3.2 -5.21672220743
3.3 -5.1449554132
3.4 -3.91359272636
3.5 -1.46527137071
3.6 1.94291592427
3.7 5.72146247559
3.8 9.04511302773
3.9 11.0563579295
4.0 11.1190372492
4.1 9.03287830818
4.2 5.12317539829
4.3 0.162909758316
4.4 -4.84925884506
4.5 -8.97309427849
4.6 -11.5684104554
4.7 -12.4136241826
4.8 -11.6775057961
4.9 -9.78068145101
5.0 -7.21883210307
5.1 -4.41796245414
5.2 -1.66184172274
5.3 0.906678096859
5.4 3.23601705764
5.5 5.30166796213
5.6 7.05471086134
5.7 8.39852263123
5.8 9.19851982875
5.9 9.32086352191
6.0 8.6870722533
6.1 7.32333452118
6.2 5.38094011746
6.3 3.11275306168
6.4 0.809515512386
6.5 -1.27936846742
6.6 -3.00533559675
6.7 -4.33307748409
6.8 -5.3024290579
6.9 -5.96351057236
7.0 -6.32342078626
7.1 -6.33543855479
7.2 -5.93625791952
7.3 -5.10799472471
7.4 -3.92640904222
7.5 -2.56383361498
7.6 -1.24043752838
7.7 -0.146185527382
7.8 0.627871832279
7.9 1.11499307217
8.0 1.44307349387
8.1 1.76547812216
8.2 2.18615348145
8.3 2.71348659773
8.4 3.26164944229
8.5 3.69492788605
8.6 3.89131593957
8.7 3.79492792416
8.8 3.43449946115
8.9 2.90271582556
9.0 2.30963780756
9.1 1.7344719574
9.2 1.19862311496
9.3 0.670638966485
9.4 0.096962331248
9.5 -0.55992141223
9.6 -1.29608240046
9.7 -2.06446142396
9.8 -2.79365121916
9.9 -3.41317286301
10.0 -3.87014261219
10.1 -4.13056697709
10.2 -4.17022958238
10.3 -3.96724869951
10.4 -3.50626755208
10.5 -2.79460490376
10.6 -1.88029770583
10.7 -0.858004310852
10.8 0.145910975184
10.9 1.00629535349
11.0 1.63666834851
11.1 2.01430005931
11.2 2.18156741083
11.3 2.2235347669
11.4 2.23244416738
11.5 2.27459558555
11.6 2.37221835043
11.7 2.50475491813
11.8 2.62516053263
11.9 2.68160522116
12.0 2.63512207275
12.1 2.46811788593
12.2 2.18419522768
12.3 1.80330399309
12.4 1.35631058824
12.5 0.880402082555
12.6 0.413782761205
12.7 -0.0125873697415
12.8 -0.386011672462
12.9 -0.721535227327
13.0 -1.06299223908
13.1 -1.47040003759
13.2 -1.99465976786
13.3 -2.64828239875
13.4 -3.38549546336
13.5 -4.10303981948
13.6 -4.66435510278
13.7 -4.93886273724
13.8 -4.84067725986
13.9 -4.35149669981
14.0 -3.52038336547
14.1 -2.4440586667
14.2 -1.23912387139
14.3 -0.0184427757756
14.4 1.12165501802
14.5 2.104430081
14.6 2.87209139661
14.7 3.38719356844
14.8 3.63743343759
14.9 3.64039941175
15.0 3.44301156189
15.1 3.11261332834
15.2 2.72126289573
15.3 2.32874382296
15.4 1.97086492976
15.5 1.65733759713
15.6 1.37928054865
15.7 1.12233297765
15.8 0.879203765448
15.9 0.65599841335
16.0 0.469543072982
16.1 0.337038456408
16.2 0.263095201035
16.3 0.230858684257
16.4 0.202498405206
16.5 0.130114078533
16.6 -0.027080310011
16.7 -0.286937134812
16.8 -0.637309353542
16.9 -1.04097548189
17.0 -1.4498521643
17.1 -1.82132727795
17.2 -2.12904618618
17.3 -2.36411296893
17.4 -2.52816409994
17.5 -2.62387310472
17.6 -2.64892254543
17.7 -2.59643359325
17.8 -2.46046004635
17.9 -2.24218485681
18.0 -1.95249389748
18.1 -1.60925336021
18.2 -1.23100186793
18.3 -0.830829061859
18.4 -0.413929644257
18.5 0.0198816532484
18.6 0.470145375734
18.7 0.929485832326
18.8 1.38044258135
18.9 1.7972209213
19.0 2.15183078576
19.1 2.42201287163
19.2 2.59748025938
19.3 2.68173363466
19.4 2.68872690452
19.5 2.63602750146
19.6 2.53766839774
19.7 2.39983745599
19.8 2.22094951527
19.9 1.99540919382
20.0 1.71874262996
20.1 1.39157378901
20.2 1.02105080188
20.3 0.619907528069
20.4 0.204355408873
20.5 -0.20802023631
20.6 -0.599904646243
20.7 -0.955645956256
20.8 -1.26267463916
20.9 -1.51279684645
21.0 -1.70282022519
21.1 -1.83409988621
21.2 -1.91119433688
21.3 -1.94037224321
21.4 -1.92868589134
21.5 -1.88369695203
21.6 -1.81324000072
21.7 -1.72449903246
21.8 -1.62234814852
21.9 -1.50787250922
22.0 -1.37840099061
22.1 -1.229743534
22.2 -1.05992287352
22.3 -0.872459769679
22.4 -0.677136749497
22.5 -0.487352458361
22.6 -0.315023494443
22.7 -0.165385473949
22.8 -0.0341796562506
22.9 0.0914283597026
23.0 0.228552436493
23.1 0.392615788387
23.2 0.591857629315
23.3 0.824041941952
23.4 1.07620574713
23.5 1.3273563844
23.6 1.55327574285
23.7 1.73206924254
23.8 1.84887274136
23.9 1.89833889422
24.0 1.88424633762
24.1 1.81664143125
24.2 1.70788237501
24.3 1.56929974296
24.4 1.40968958405
24.5 1.23576895331
24.6 1.053660731
24.7 0.870030332192
24.8 0.691882971508
24.9 0.524963922105
25.0 0.371614037706
25.1 0.229316907607
25.2 0.0908705302424
25.3 -0.053660907813
25.4 -0.213890485725
25.5 -0.396112923549
25.6 -0.601482894162
25.7 -0.825928832443
25.8 -1.06157042359
25.9 -1.29874582066
26.0 -1.52756367906
26.1 -1.73830672655
26.2 -1.92083342325
26.3 -2.06388076977
26.4 -2.1553643482
26.5 -2.18420397692
26.6 -2.14316857189
26.7 -2.0313854847
26.8 -1.85509835
26.9 -1.62610167259
27.0 -1.35853933974
27.1 -1.06563001698
27.2 -0.757811170442
27.3 -0.442841558623
27.4 -0.127220162779
27.5 0.182359238316
27.6 0.478539115474
27.7 0.753962609664
27.8 1.00240599086
27.9 1.21951137787
28.0 1.40270431026
28.1 1.55055262356
28.2 1.66218120144
28.3 1.73718385705
28.4 1.77598957384
28.5 1.78027117181
28.6 1.75299483479
28.7 1.69801563223
28.8 1.61942204835
28.9 1.52089187167
29.0 1.40517978018
29.1 1.27373989655
29.2 1.12655318184
29.3 0.962389717914
29.4 0.779728234734
29.5 0.578222132933
29.6 0.360105192886
29.7 0.130685233129
29.8 -0.102588227489
29.9 -0.332158511791
30.0 -0.55236306774
30.1 -0.760056588396
30.2 -0.95337612118
30.3 -1.12933801639
30.4 -1.28168200023
30.5 -1.40065532951
30.6 -1.47525806082
30.7 -1.49706564668
30.8 -1.46380804235
30.9 -1.3809889644
31.0 -1.2608561033
31.1 -1.11931581277
31.2 -0.972182983075
31.3 -0.832124759982
31.4 -0.707000294662
31.5 -0.599542806289
31.6 -0.507923021172
31.7 -0.426775893378
31.8 -0.348537561059
31.9 -0.265107473444
32.0 -0.1697612729
32.1 -0.0589796875684
32.2 0.0663416050824
32.3 0.200784034832
32.4 0.335552047894
32.5 0.460559657071
32.6 0.566769058045
32.7 0.647992926247
32.8 0.70160946787
32.9 0.728121476835
33.0 0.730000677207
33.1 0.710543014079
33.2 0.673354338991
33.3 0.622621042385
33.4 0.563743035548
33.5 0.503563845935
33.6 0.449568617998
33.7 0.408006954508
33.8 0.381619321675
33.9 0.36807606925
34.0 0.360095565785
34.1 0.347531062615
34.2 0.32083827225
34.3 0.274685508624
34.4 0.210333861722
34.5 0.135824366983
34.6 0.0637717173048
34.7 0.00740038078187
34.8 -0.023890816486
34.9 -0.0278872265943
35.0 -0.0105477789123
35.1 0.015885268662
35.2 0.0370606938859
35.3 0.0413794485002
35.4 0.0235576270616
35.5 -0.0145641305023
35.6 -0.0661334046557
35.7 -0.123074565499
35.8 -0.179542998833
35.9 -0.233373385226
36.0 -0.285096604631
36.1 -0.335502528634
36.2 -0.383445746563
36.3 -0.425240332913
36.4 -0.455870104213
36.5 -0.471115642644
36.6 -0.46926584742
36.7 -0.451521688078
36.8 -0.421113267793
36.9 -0.381888721908
37.0 -0.337258343698
37.1 -0.28992451623
37.2 -0.242204779772
37.3 -0.196404358098
37.4 -0.154790647407
37.5 -0.11910866643
37.6 -0.0899393647285
37.7 -0.0663139666868
37.8 -0.0458419121852
37.9 -0.0253365606746
38.0 -0.00170361835822
38.1 0.0272208618656
38.2 0.0621429064556
38.3 0.102223199664
38.4 0.145404297192
38.5 0.188990637386
38.6 0.230248207556
38.7 0.266821459222
38.8 0.296891045319
38.9 0.3191481173
39.0 0.332741711464
39.1 0.337310952422
39.2 0.333082578081
39.3 0.320906183944
39.4 0.302108508065
39.5 0.27817286852
39.6 0.250391267145
39.7 0.219677374058
39.8 0.186630518769
39.9 0.151777121382
40.0 0.115810698129
40.1 0.0796783176532
40.2 0.0444872047228
40.3 0.0113243610844
40.4 -0.0188926548418
40.5 -0.0454842208955
40.6 -0.0680319135717
40.7 -0.0864136687251
40.8 -0.100854280855
40.9 -0.111927249368
41.0 -0.12043728308
41.1 -0.127184506299
41.2 -0.132705689333
41.3 -0.137124250972
41.4 -0.140184379391
41.5 -0.141435577443
41.6 -0.140453254706
41.7 -0.136983841337
41.8 -0.130976880273
41.9 -0.122547353992
42.0 -0.111938643948
42.1 -0.0995203147188
42.2 -0.0857974978944
42.3 -0.0713832387463
42.4 -0.0569113108248
42.5 -0.0429185921242
42.6 -0.0297578380128
42.7 -0.0175878178123
42.8 -0.00644039177702
42.9 0.00368063711236
43.0 0.0127261633949
43.1 0.0205875236196
43.2 0.0271365175047
43.3 0.0322873531009
43.4 0.0360441012973
43.5 0.0385121110494
43.6 0.0398725627432
43.7 0.0403349816554
43.8 0.0400887709194
43.9 0.0392721394124
44.0 0.0379675117025
44.1 0.03622013226
44.2 0.0340663164691
44.3 0.0315550484992
44.4 0.0287532361365
44.5 0.0257367359106
44.6 0.022578183749
44.7 0.0193426123928
44.8 0.0160935288386
44.9 0.0129025400782
45.0 0.00985231404486
45.1 0.0070277917498
45.2 0.00449954223227
45.3 0.00230885095623
45.4 0.000462707132307
45.5 -0.00105974384079
45.6 -0.00229413604684
45.7 -0.00327816840742
45.8 -0.0040438448218
45.9 -0.00461534530803
46.0 -0.00501062849318
46.1 -0.0052444760266
46.2 -0.00533146226049
46.3 -0.00528803161333
46.4 -0.00513318909957
46.5 -0.00488766957
46.6 -0.00457208211852
46.7 -0.00420506977597
46.8 -0.00380245779729
46.9 -0.00337764471954
47.0 -0.00294266633923
47.1 -0.00250905657021
47.2 -0.00208797851551
47.3 -0.00168970377973
47.4 -0.00132287609771
47.5 -0.000993943456195
47.6 -0.000706895942202
47.7 -0.000463287359995
47.8 -0.000262512770218
47.9 -0.000102323409994
48.0 2.05268206728e-05
48.1 0.000109725226772
48.2 0.000169141487833
48.3 0.000202879691549
48.4 0.000215427232529
48.5 0.000211625801198
48.6 0.000196352882717
48.7 0.000174046333147
48.8 0.000148324425892
48.9 0.000121868184782
49.0 9.65408557789e-05
49.1 7.3589675558e-05
49.2 5.37920598639e-05
49.3 3.75186096033e-05
49.4 2.47735277197e-05
49.5 1.52739401336e-05
49.6 8.5703468016e-06
49.7 4.161922125e-06
49.8 1.56359331383e-06
49.9 3.2075190332e-07
50.0 0.0
50.1 0.0
50.2 0.0
50.3 0.0
50.4 0.0
50.5 0.0
50.6 0.0
50.7 0.0
50.8 0.0
50.9 0.0
51.0 0.0
51.1 0.0
51.2 0.0
51.3 0.0
51.4 0.0
51.5 0.0
51.6 0.0
51.7 0.0
51.8 0.0
51.9 0.0
52.0 0.0
52.1 0.0
52.2 0.0
52.3 0.0
52.4 0.0
52.5 0.0
52.6 0.0
52.7 0.0
52.8 0.0
52.9 0.0
53.0 0.0
53.1 0.0
53.2 0.0
53.3 0.0
53.4 0.0
53.5 0.0
53.6 0.0
53.7 0.0
53.8 0.0
53.9 0.0
54.0 0.0
54.1 0.0
54.2 0.0
54.3 0.0
54.4 0.0
54.5 0.0
54.6 0.0
54.7 0.0
54.8 0.0
54.9 0.0
55.0 0.0
55.1 0.0
55.2 0.0
55.3 0.0
55.4 0.0
55.5 0.0
55.6 0.0
55.7 0.0
55.8 0.0
55.9 0.0
56.0 0.0
56.1 0.0
56.2 0.0
56.3 0.0
56.4 0.0
56.5 0.0
56.6 0.0
56.7 0.0
56.8 0.0
56.9 0.0
57.0 0.0
57.1 0.0
57.2 0.0
57.3 0.0
57.4 0.0
57.5 0.0
57.6 0.0
57.7 0.0
57.8 0.0
57.9 0.0
58.0 0.0
58.1 0.0
58.2 0.0
58.3 0.0
58.4 0.0
58.5 0.0
58.6 0.0
58.7 0.0
58.8 0.0
58.9 0.0
59.0 0.0
59.1 0.0
59.2 0.0
59.3 0.0
59.4 0.0
59.5 0.0
59.6 0.0
59.7 0.0
59.8 0.0
59.9 0.0
60.0 0.0
60.1 0.0
60.2 0.0
60.3 0.0
60.4 0.0
60.5 0.0
60.6 0.0
60.7 0.0
60.8 0.0
60.9 0.0
61.0 0.0
61.1 0.0
61.2 0.0
61.3 0.0
61.4 0.0
61.5 0.0
61.6 0.0
61.7 0.0
61.8 0.0
61.9 0.0
62.0 0.0
62.1 0.0
62.2 0.0
62.3 0.0
62.4 0.0
62.5 0.0
62.6 0.0
62.7 0.0
62.8 0.0
62.9 0.0
63.0 0.0
63.1 0.0
63.2 0.0
63.3 0.0
63.4 0.0
63.5 0.0
63.6 0.0
63.7 0.0
63.8 0.0
63.9 0.0
64.0 0.0
64.1 0.0
64.2 0.0
64.3 0.0
64.4 0.0
64.5 0.0
64.6 0.0
64.7 0.0
64.8 0.0
64.9 0.0
65.0 0.0
65.1 0.0
65.2 0.0
65.3 0.0
65.4 0.0
65.5 0.0
65.6 0.0
65.7 0.0
65.8 0.0
65.9 0.0
66.0 0.0
66.1 0.0
66.2 0.0
66.3 0.0
66.4 0.0
66.5 0.0
66.6 0.0
66.7 0.0
66.8 0.0
66.9 0.0
67.0 0.0
67.1 0.0
67.2 0.0
67.3 0.0
67.4 0.0
67.5 0.0
67.6 0.0
67.7 0.0
67.8 0.0
67.9 0.0
68.0 0.0
68.1 0.0
68.2 0.0
68.3 0.0
68.4 0.0
68.5 0.0
68.6 0.0
68.7 0.0
68.8 0.0
68.9 0.0
69.0 0.0
69.1 0.0
69.2 0.0
69.3 0.0
69.4 0.0
69.5 0.0
69.6 0.0
69.7 0.0
69.8 0.0
69.9 0.0
70.0 0.0
70.1 0.0
70.2 0.0
70.3 0.0
70.4 0.0
70.5 0.0
70.6 0.0
70.7 0.0
70.8 0.0
70.9 0.0
71.0 0.0
71.1 0.0
71.2 0.0
71.3 0.0
71.4 0.0
71.5 0.0
71.6 0.0
71.7 0.0
71.8 0.0
71.9 0.0
72.0 0.0
72.1 0.0
72.2 0.0
72.3 0.0
72.4 0.0
72.5 0.0
72.6 0.0
72.7 0.0
72.8 0.0
72.9 0.0
73.0 0.0
73.1 0.0
73.2 0.0
73.3 0.0
73.4 0.0
73.5 0.0
73.6 0.0
73.7 0.0
73.8 0.0
73.9 0.0
74.0 0.0
74.1 0.0
74.2 0.0
74.3 0.0
74.4 0.0
74.5 0.0
74.6 0.0
74.7 0.0
74.8 0.0
74.9 0.0
75.0 0.0
75.1 0.0
75.2 0.0
75.3 0.0
75.4 0.0
75.5 0.0
75.6 0.0
75.7 0.0
75.8 0.0
75.9 0.0
76.0 0.0
76.1 0.0
76.2 0.0
76.3 0.0
76.4 0.0
76.5 0.0
76.6 0.0
76.7 0.0
76.8 0.0
76.9 0.0
77.0 0.0
77.1 0.0
77.2 0.0
77.3 0.0
77.4 0.0
77.5 0.0
77.6 0.0
77.7 0.0
77.8 0.0
77.9 0.0
78.0 0.0
78.1 0.0
78.2 0.0
78.3 0.0
78.4 0.0
78.5 0.0
78.6 0.0
78.7 0.0
78.8 0.0
78.9 0.0
79.0 0.0
79.1 0.0
79.2 0.0
79.3 0.0
79.4 0.0
79.5 0.0
79.6 0.0
79.7 0.0
79.8 0.0
79.9 0.0
80.0 0.0
80.1 0.0
80.2 0.0
80.3 0.0
80.4 0.0
80.5 0.0
80.6 0.0
80.7 0.0
80.8 0.0
80.9 0.0
81.0 0.0
81.1 0.0
81.2 0.0
81.3 0.0
81.4 0.0
81.5 0.0
81.6 0.0
81.7 0.0
81.8 0.0
81.9 0.0
82.0 0.0
82.1 0.0
82.2 0.0
82.3 0.0
82.4 0.0
82.5 0.0
82.6 0.0
82.7 0.0
82.8 0.0
82.9 0.0
83.0 0.0
83.1 0.0
83.2 0.0
83.3 0.0
83.4 0.0
83.5 0.0
83.6 0.0
83.7 0.0
83.8 0.0
83.9 0.0
84.0 0.0
84.1 0.0
84.2 0.0
84.3 0.0
84.4 0.0
84.5 0.0
84.6 0.0
84.7 0.0
84.8 0.0
84.9 0.0
85.0 0.0
85.1 0.0
85.2 0.0
85.3 0.0
85.4 0.0
85.5 0.0
85.6 0.0
85.7 0.0
85.8 0.0
85.9 0.0
86.0 0.0
86.1 0.0
86.2 0.0
86.3 0.0
86.4 0.0
86.5 0.0
86.6 0.0
86.7 0.0
86.8 0.0
86.9 0.0
87.0 0.0
87.1 0.0
87.2 0.0
87.3 0.0
87.4 0.0
87.5 0.0
87.6 0.0
87.7 0.0
87.8 0.0
87.9 0.0
88.0 0.0
88.1 0.0
88.2 0.0
88.3 0.0
88.4 0.0
88.5 0.0
88.6 0.0
88.7 0.0
88.8 0.0
88.9 0.0
89.0 0.0
89.1 0.0
89.2 0.0
89.3 0.0
89.4 0.0
89.5 0.0
89.6 0.0
89.7 0.0
89.8 0.0
89.9 0.0
90.0 0.0
90.1 0.0
90.2 0.0
90.3 0.0
90.4 0.0
90.5 0.0
90.6 0.0
90.7 0.0
90.8 0.0
90.9 0.0
91.0 0.0
91.1 0.0
91.2 0.0
91.3 0.0
91.4 0.0
91.5 0.0
91.6 0.0
91.7 0.0
91.8 0.0
91.9 0.0
92.0 0.0
92.1 0.0
92.2 0.0
92.3 0.0
92.4 0.0
92.5 0.0
92.6 0.0
92.7 0.0
92.8 0.0
92.9 0.0
93.0 0.0
93.1 0.0
93.2 0.0
93.3 0.0
93.4 0.0
93.5 0.0
93.6 0.0
93.7 0.0
93.8 0.0
93.9 0.0
94.0 0.0
94.1 0.0
94.2 0.0
94.3 0.0
94.4 0.0
94.5 0.0
94.6 0.0
94.7 0.0
94.8 0.0
94.9 0.0
95.0 0.0
95.1 0.0
95.2 0.0
95.3 0.0
95.4 0.0
95.5 0.0
95.6 0.0
95.7 0.0
95.8 0.0
95.9 0.0
96.0 0.0
96.1 0.0
96.2 0.0
96.3 0.0
96.4 0.0
96.5 0.0
96.6 0.0
96.7 0.0
96.8 0.0
96.9 0.0
97.0 0.0
97.1 0.0
97.2 0.0
97.3 0.0
97.4 0.0
97.5 0.0
97.6 0.0
97.7 0.0
97.8 0.0
97.9 0.0
98.0 0.0
98.1 0.0
98.2 0.0
98.3 0.0
98.4 0.0
98.5 0.0
98.6 0.0
98.7 0.0
98.8 0.0
98.9 0.0
99.0 0.0
99.1 0.0
99.2 0.0
99.3 0.0
99.4 0.0
99.5 0.0
99.6 0.0
99.7 0.0
99.8 0.0
99.9 0.0
100.0 0.0
100.1 0.0
100.2 0.0
100.3 0.0
100.4 0.0
100.5 0.0
100.6 0.0
100.7 0.0
100.8 0.0
100.9 0.0
101.0 0.0
101.1 0.0
101.2 0.0
101.3 0.0
101.4 0.0
101.5 0.0
101.6 0.0
101.7 0.0
101.8 0.0
101.9 0.0
102.0 0.0
102.1 0.0
102.2 0.0
102.3 0.0
