0.0 -0.00354012489543
0.1 -0.0209895121976
0.2 -0.0471562425953
0.3 -0.072244816412
0.4 -0.0774040837368
0.5 -0.0408633193099
0.6 0.0507026252574
0.7 0.190548882037
0.8 0.346627946832
0.9 0.467477066136
1.0 0.498881796671
1.1 0.405051632041
1.2 0.18457928239
1.3 -0.126941845288
1.4 -0.469203920769
1.5 -0.777818026788
1.6 -1.00199150051
1.7 -1.1099995271
1.8 -1.08155411943
1.9 -0.896008755195
2.0 -0.529780499605
2.1 0.0289500598926
2.2 0.75283571346
2.3 1.55112736223
2.4 2.26621978573
2.5 2.69947223474
2.6 2.66064619419
2.7 2.02437814711
2.8 0.775166266758
2.9 -0.970522336726
3.0 -2.96629987697
3.1 -4.85837819257
3.2 -6.22811338213
3.3 -6.65973113037
3.4 -5.83607570878
3.5 -3.64977941917
3.6 -0.29525423468
3.7 3.70563437537
3.8 7.58010799677
3.9 10.4829153349
4.0 11.7298535322
4.1 11.0058945276
4.2 8.46622038852
4.3 4.68510094213
4.4 0.46851397013
4.5 -3.39615582828
4.6 -6.3547953673
4.7 -8.18758779622
4.8 -8.9741348733
4.9 -8.96214206383
5.0 -8.41520984449
5.1 -7.51004007767
5.2 -6.3149820013
5.3 -4.83534511552
5.4 -3.08191601249
5.5 -1.11930414254
5.6 0.926568295248
5.7 2.8952834257
5.8 4.63105395432
5.9 6.01349644788
6.0 6.97088474155
6.1 7.47780195068
6.2 7.54368499285
6.3 7.19792793478
6.4 6.47564983639
6.5 5.40859653597
6.6 4.02624829642
6.7 2.36947616285
6.8 0.512005702877
6.9 -1.42279233907
7.0 -3.264395405
7.1 -4.8241746486
7.2 -5.94386363783
7.3 -6.54304357376
7.4 -6.64194494827
7.5 -6.34599008182
7.6 -5.79729455433
7.7 -5.11548247858
7.8 -4.35595080224
7.9 -3.50481765152
8.0 -2.51106884063
8.1 -1.33792949613
8.2 -0.00673727453696
8.3 1.38850729704
8.4 2.70250013076
8.5 3.78513062106
8.6 4.53136536197
8.7 4.91273329329
8.8 4.97843799186
8.9 4.828234622
9.0 4.57078885395
9.1 4.2854723654
9.2 4.00154926459
9.3 3.69937060997
9.4 3.3284747322
9.5 2.83191553221
9.6 2.16665381451
9.7 1.31501829308
9.8 0.288300931371
9.9 -0.873294939682
10.0 -2.10139468663
10.1 -3.30192556072
10.2 -4.36343713182
10.3 -5.17444890997
10.4 -5.64794192786
10.5 -5.74506193487
10.6 -5.4874589615
10.7 -4.95103952308
10.8 -4.24204056197
10.9 -3.46477337647
11.0 -2.69421915203
11.1 -1.9637224376
11.2 -1.27023460629
11.3 -0.591486665224
11.4 0.0946324929527
11.5 0.796895705196
11.6 1.50716080049
11.7 2.20450252936
11.8 2.86232067149
11.9 3.45407266125
12.0 3.95572000719
12.1 4.34558935643
12.2 4.60375272414
12.3 4.71287101281
12.4 4.66114887818
12.5 4.44637587441
12.6 4.07879632423
12.7 3.58047488145
12.8 2.98023235819
12.9 2.3056810826
13.0 1.5761172387
13.1 0.800468127208
13.2 -0.0176705556224
13.3 -0.869863739464
13.4 -1.73305494889
13.5 -2.56637637604
13.6 -3.31760845007
13.7 -3.93689382385
13.8 -4.39082475913
13.9 -4.66946794653
14.0 -4.78286176579
14.1 -4.74967266978
14.2 -4.58517598119
14.3 -4.29569891188
14.4 -3.88221544805
14.5 -3.34985576639
14.6 -2.71650232671
14.7 -2.01455512755
14.8 -1.28453439288
14.9 -0.564332592751
15.0 0.119626171745
15.1 0.754622391006
15.2 1.33685414969
15.3 1.86337184705
15.4 2.32605585314
15.5 2.71127510954
15.6 3.0052142725
15.7 3.20148769399
15.8 3.30639324274
15.9 3.33849065516
16.0 3.32223163133
16.1 3.27848416806
16.2 3.21643983592
16.3 3.13079626398
16.4 3.00555984029
16.5 2.82254493573
16.6 2.57029834674
16.7 2.24902586348
16.8 1.86932747829
16.9 1.44601648134
17.0 0.991049705869
17.1 0.509966347016
17.2 0.00391894525695
17.3 -0.524248375432
17.4 -1.06409046703
17.5 -1.59601064307
17.6 -2.09549957305
17.7 -2.54084962069
17.8 -2.91972033814
17.9 -3.2305556077
18.0 -3.47801032785
18.1 -3.66521358371
18.2 -3.78758110718
18.3 -3.83189875523
18.4 -3.78126207183
18.5 -3.6231499765
18.6 -3.35633937036
18.7 -2.99323648909
18.8 -2.5567538773
18.9 -2.07353341694
19.0 -1.56674369234
19.1 -1.05139966453
19.2 -0.533634508733
19.3 -0.0135290107658
19.4 0.510202334427
19.5 1.0357635312
19.6 1.55569400381
19.7 2.05678177064
19.8 2.52203768725
19.9 2.93358979927
20.0 3.27528129005
20.1 3.53428173426
20.2 3.70179420738
20.3 3.77344805229
20.4 3.74986323672
20.5 3.63724778929
20.6 3.44725701083
20.7 3.19529150705
20.8 2.89715088585
20.9 2.56509857523
21.0 2.20514901402
21.1 1.81712641014
21.2 1.39775847961
21.3 0.945450668683
21.4 0.464406640751
21.5 -0.0339591747807
21.6 -0.532965515227
21.7 -1.01488630596
21.8 -1.46529249381
21.9 -1.87547393653
22.0 -2.24206469016
22.1 -2.56449367885
22.2 -2.84189982984
22.3 -3.0712099708
22.4 -3.24724929062
22.5 -3.36455252303
22.6 -3.41962348356
22.7 -3.41221344653
22.8 -3.34481468008
22.9 -3.22063714734
23.0 -3.04126225291
23.1 -2.80542606931
23.2 -2.50981338954
23.3 -2.15165293214
23.4 -1.73191802679
23.5 -1.25762946182
23.6 -0.742287099463
23.7 -0.204458743767
23.8 0.334620657308
23.9 0.853426126971
24.0 1.33197538347
24.1 1.75326025164
24.2 2.10468570971
24.3 2.37958849297
24.4 2.57829245881
24.5 2.707860376
24.6 2.78009470108
24.7 2.80824345822
24.8 2.80365398647
24.9 2.77368747492
25.0 2.72146658679
25.1 2.64698395782
25.2 2.54848508908
25.3 2.42325791877
25.4 2.26777834691
25.5 2.07789240395
25.6 1.84976545615
25.7 1.58165288468
25.8 1.27568488815
25.9 0.938513710394
26.0 0.580170432689
26.1 0.211521867266
26.2 -0.158394209418
26.3 -0.523741371727
26.4 -0.881254454381
26.5 -1.22799824759
26.6 -1.55876161381
26.7 -1.86451233845
26.8 -2.13282495302
26.9 -2.35030338639
27.0 -2.50615785977
27.1 -2.5955692186
27.2 -2.62144539542
27.3 -2.59367945395
27.4 -2.52595205502
27.5 -2.43118545392
27.6 -2.3174812709
27.7 -2.18631169544
27.8 -2.03376199103
27.9 -1.85414064568
28.0 -1.64407080099
28.1 -1.40497810051
28.2 -1.14286316864
28.3 -0.865830913804
28.4 -0.581078942806
28.5 -0.293180983697
28.6 -0.00451195931967
28.7 0.282757247654
28.8 0.564592523661
28.9 0.834359841595
29.0 1.08389099194
29.1 1.30574220861
29.2 1.49547015548
29.3 1.65290709934
29.4 1.78200926327
29.5 1.88942030916
29.6 1.98218552776
29.7 2.06514793969
29.8 2.13865660196
29.9 2.19735522147
30.0 2.23077895728
30.1 2.22587673662
30.2 2.17125950765
30.3 2.06141073121
30.4 1.89880744899
30.5 1.69328342992
30.6 1.45873289489
30.7 1.20865336883
30.8 0.95250857685
30.9 0.694342993378
31.0 0.433871583906
31.1 0.169121974933
31.2 -0.100790467112
31.3 -0.373901901561
31.4 -0.645088883154
31.5 -0.906965010699
31.6 -1.15139785008
31.7 -1.37104875562
31.8 -1.56049800037
31.9 -1.71670637868
32.0 -1.83875555299
32.1 -1.92702669203
32.2 -1.98218563715
32.3 -2.00443027582
32.4 -1.99332893727
32.5 -1.94827670099
32.6 -1.869294487
32.7 -1.75777792766
32.8 -1.61691493587
32.9 -1.45170698947
33.0 -1.26866958629
33.1 -1.07527939264
33.2 -0.879169790961
33.3 -0.687102942976
33.4 -0.503908601417
33.5 -0.331748023093
33.6 -0.170041429061
33.7 -0.016125251655
33.8 0.133657246879
33.9 0.282903716792
34.0 0.43444500749
34.1 0.589913147784
34.2 0.749267462508
34.3 0.910098437118
34.4 1.06698333083
34.5 1.21155067484
34.6 1.33381087353
34.7 1.42465405131
34.8 1.47859264622
34.9 1.49543691427
35.0 1.47999877987
35.1 1.43993834035
35.2 1.38285916293
35.3 1.31407612807
35.4 1.23593467672
35.5 1.14855751469
35.6 1.05112920808
35.7 0.942778960329
35.8 0.822720827681
35.9 0.690036715829
36.0 0.543781084829
36.1 0.383764544443
36.2 0.211731996509
36.3 0.0322021552067
36.4 -0.147687662658
36.5 -0.319453903953
36.6 -0.47516609725
36.7 -0.609177214389
36.8 -0.719026916982
36.9 -0.805289636055
37.0 -0.870585472336
37.1 -0.918231283866
37.2 -0.951038134724
37.3 -0.970623643554
37.4 -0.977383656502
37.5 -0.971016162376
37.6 -0.951276395892
37.7 -0.918556231052
37.8 -0.873994933404
37.9 -0.819113453475
38.0 -0.755264008627
38.1 -0.683300476639
38.2 -0.60370962356
38.3 -0.517103653013
38.4 -0.424705590238
38.5 -0.328463898359
38.6 -0.23071139131
38.7 -0.133624759864
38.8 -0.0388832108992
38.9 0.0522402103434
39.0 0.138463446457
39.1 0.218120800493
39.2 0.289169297627
39.3 0.349636905149
39.4 0.398251751642
39.5 0.434860958794
39.6 0.460388237582
39.7 0.476372352502
39.8 0.484362467402
39.9 0.48547839442
40.0 0.480289769727
40.1 0.468964689924
40.2 0.451524089641
40.3 0.428056897962
40.4 0.398844069095
40.5 0.364415401894
40.6 0.325574467433
40.7 0.28339435863
40.8 0.239161739618
40.9 0.194258451632
41.0 0.15000546732
41.1 0.107518428559
41.2 0.0676169414477
41.3 0.030801014837
41.4 -0.00271716599598
41.5 -0.0329445734498
41.6 -0.0600147584989
41.7 -0.0840829996833
41.8 -0.105230003119
41.9 -0.123404278491
42.0 -0.138427200823
42.1 -0.150059921169
42.2 -0.158102038359
42.3 -0.16247860639
42.4 -0.163283532546
42.5 -0.160774097573
42.6 -0.155333922533
42.7 -0.147427213058
42.8 -0.137557599817
42.9 -0.126232776365
43.0 -0.113931938468
43.1 -0.101077222809
43.2 -0.0880154439803
43.3 -0.0750156263399
43.4 -0.0622812944342
43.5 -0.0499701011892
43.6 -0.0382123332721
43.7 -0.0271239096738
43.8 -0.0168140984313
43.9 -0.00738936411274
44.0 0.00104717161212
44.1 0.00840263267972
44.2 0.0146077814697
44.3 0.0196327121129
44.4 0.0234975679962
44.5 0.0262722232568
44.6 0.0280640677683
44.7 0.0289988376049
44.8 0.0292022155502
44.9 0.0287884511689
45.0 0.0278580364616
45.1 0.0265021737629
45.2 0.0248093511713
45.3 0.02286938187
45.4 0.0207722967949
45.5 0.0186024758287
45.6 0.0164310389683
45.7 0.0143105097436
45.8 0.0122745107024
45.9 0.0103424260853
46.0 0.00852630391958
46.1 0.00683644737857
46.2 0.0052835605748
46.3 0.00387779217338
46.4 0.00262674700079
46.5 0.00153445276232
46.6 0.000601791197015
46.7 -0.000172574657029
46.8 -0.000792056898629
46.9 -0.0012631518081
47.0 -0.00159677372216
47.1 -0.0018086401359
47.2 -0.00191803474903
47.3 -0.00194535486985
47.4 -0.00190956114606
47.5 -0.00182655936905
47.6 -0.00170887637107
47.7 -0.00156630381579
47.8 -0.00140688544614
47.9 -0.00123773920914
48.0 -0.00106549486886
48.1 -0.000896356197381
48.2 -0.000735895338724
48.3 -0.000588712587946
48.4 -0.000458106541202
48.5 -0.000345893493363
48.6 -0.000252459586244
48.7 -0.000177029630061
48.8 -0.000118046800602
48.9 -7.35331307558e-05
49.0 -4.13484148992e-05
49.1 -1.934026952e-05
49.2 -5.42734385584e-06
49.3 2.3394540442e-06
49.4 5.71864378034e-06
49.5 6.22794765404e-06
49.6 5.11388409526e-06
49.7 3.34557463968e-06
49.8 1.62805857016e-06
49.9 4.27144076726e-07
50.0 0.0
50.1 0.0
50.2 0.0
50.3 0.0
50.4 0.0
50.5 0.0
50.6 0.0
50.7 0.0
50.8 0.0
50.9 0.0
51.0 0.0
51.1 0.0
51.2 0.0
51.3 0.0
51.4 0.0
51.5 0.0
51.6 0.0
51.7 0.0
51.8 0.0
51.9 0.0
52.0 0.0
52.1 0.0
52.2 0.0
52.3 0.0
52.4 0.0
52.5 0.0
52.6 0.0
52.7 0.0
52.8 0.0
52.9 0.0
53.0 0.0
53.1 0.0
53.2 0.0
53.3 0.0
53.4 0.0
53.5 0.0
53.6 0.0
53.7 0.0
53.8 0.0
53.9 0.0
54.0 0.0
54.1 0.0
54.2 0.0
54.3 0.0
54.4 0.0
54.5 0.0
54.6 0.0
54.7 0.0
54.8 0.0
54.9 0.0
55.0 0.0
55.1 0.0
55.2 0.0
55.3 0.0
55.4 0.0
55.5 0.0
55.6 0.0
55.7 0.0
55.8 0.0
55.9 0.0
56.0 0.0
56.1 0.0
56.2 0.0
56.3 0.0
56.4 0.0
56.5 0.0
56.6 0.0
56.7 0.0
56.8 0.0
56.9 0.0
57.0 0.0
57.1 0.0
57.2 0.0
57.3 0.0
57.4 0.0
57.5 0.0
57.6 0.0
57.7 0.0
57.8 0.0
57.9 0.0
58.0 0.0
58.1 0.0
58.2 0.0
58.3 0.0
58.4 0.0
58.5 0.0
58.6 0.0
58.7 0.0
58.8 0.0
58.9 0.0
59.0 0.0
59.1 0.0
59.2 0.0
59.3 0.0
59.4 0.0
59.5 0.0
59.6 0.0
59.7 0.0
59.8 0.0
59.9 0.0
60.0 0.0
60.1 0.0
60.2 0.0
60.3 0.0
60.4 0.0
60.5 0.0
60.6 0.0
60.7 0.0
60.8 0.0
60.9 0.0
61.0 0.0
61.1 0.0
61.2 0.0
61.3 0.0
61.4 0.0
61.5 0.0
61.6 0.0
61.7 0.0
61.8 0.0
61.9 0.0
62.0 0.0
62.1 0.0
62.2 0.0
62.3 0.0
62.4 0.0
62.5 0.0
62.6 0.0
62.7 0.0
62.8 0.0
62.9 0.0
63.0 0.0
63.1 0.0
63.2 0.0
63.3 0.0
63.4 0.0
63.5 0.0
63.6 0.0
63.7 0.0
63.8 0.0
63.9 0.0
64.0 0.0
64.1 0.0
64.2 0.0
64.3 0.0
64.4 0.0
64.5 0.0
64.6 0.0
64.7 0.0
64.8 0.0
64.9 0.0
65.0 0.0
65.1 0.0
65.2 0.0
65.3 0.0
65.4 0.0
65.5 0.0
65.6 0.0
65.7 0.0
65.8 0.0
65.9 0.0
66.0 0.0
66.1 0.0
66.2 0.0
66.3 0.0
66.4 0.0
66.5 0.0
66.6 0.0
66.7 0.0
66.8 0.0
66.9 0.0
67.0 0.0
67.1 0.0
67.2 0.0
67.3 0.0
67.4 0.0
67.5 0.0
67.6 0.0
67.7 0.0
67.8 0.0
67.9 0.0
68.0 0.0
68.1 0.0
68.2 0.0
68.3 0.0
68.4 0.0
68.5 0.0
68.6 0.0
68.7 0.0
68.8 0.0
68.9 0.0
69.0 0.0
69.1 0.0
69.2 0.0
69.3 0.0
69.4 0.0
69.5 0.0
69.6 0.0
69.7 0.0
69.8 0.0
69.9 0.0
70.0 0.0
70.1 0.0
70.2 0.0
70.3 0.0
70.4 0.0
70.5 0.0
70.6 0.0
70.7 0.0
70.8 0.0
70.9 0.0
71.0 0.0
71.1 0.0
71.2 0.0
71.3 0.0
71.4 0.0
71.5 0.0
71.6 0.0
71.7 0.0
71.8 0.0
71.9 0.0
72.0 0.0
72.1 0.0
72.2 0.0
72.3 0.0
72.4 0.0
72.5 0.0
72.6 0.0
72.7 0.0
72.8 0.0
72.9 0.0
73.0 0.0
73.1 0.0
73.2 0.0
73.3 0.0
73.4 0.0
73.5 0.0
73.6 0.0
73.7 0.0
73.8 0.0
73.9 0.0
74.0 0.0
74.1 0.0
74.2 0.0
74.3 0.0
74.4 0.0
74.5 0.0
74.6 0.0
74.7 0.0
74.8 0.0
74.9 0.0
75.0 0.0
75.1 0.0
75.2 0.0
75.3 0.0
75.4 0.0
75.5 0.0
75.6 0.0
75.7 0.0
75.8 0.0
75.9 0.0
76.0 0.0
76.1 0.0
76.2 0.0
76.3 0.0
76.4 0.0
76.5 0.0
76.6 0.0
76.7 0.0
76.8 0.0
76.9 0.0
77.0 0.0
77.1 0.0
77.2 0.0
77.3 0.0
77.4 0.0
77.5 0.0
77.6 0.0
77.7 0.0
77.8 0.0
77.9 0.0
78.0 0.0
78.1 0.0
78.2 0.0
78.3 0.0
78.4 0.0
78.5 0.0
78.6 0.0
78.7 0.0
78.8 0.0
78.9 0.0
79.0 0.0
79.1 0.0
79.2 0.0
79.3 0.0
79.4 0.0
79.5 0.0
79.6 0.0
79.7 0.0
79.8 0.0
79.9 0.0
80.0 0.0
80.1 0.0
80.2 0.0
80.3 0.0
80.4 0.0
80.5 0.0
80.6 0.0
80.7 0.0
80.8 0.0
80.9 0.0
81.0 0.0
81.1 0.0
81.2 0.0
81.3 0.0
81.4 0.0
81.5 0.0
81.6 0.0
81.7 0.0
81.8 0.0
81.9 0.0
82.0 0.0
82.1 0.0
82.2 0.0
82.3 0.0
82.4 0.0
82.5 0.0
82.6 0.0
82.7 0.0
82.8 0.0
82.9 0.0
83.0 0.0
83.1 0.0
83.2 0.0
83.3 0.0
83.4 0.0
83.5 0.0
83.6 0.0
83.7 0.0
83.8 0.0
83.9 0.0
84.0 0.0
84.1 0.0
84.2 0.0
84.3 0.0
84.4 0.0
84.5 0.0
84.6 0.0
84.7 0.0
84.8 0.0
84.9 0.0
85.0 0.0
85.1 0.0
85.2 0.0
85.3 0.0
85.4 0.0
85.5 0.0
85.6 0.0
85.7 0.0
85.8 0.0
85.9 0.0
86.0 0.0
86.1 0.0
86.2 0.0
86.3 0.0
86.4 0.0
86.5 0.0
86.6 0.0
86.7 0.0
86.8 0.0
86.9 0.0
87.0 0.0
87.1 0.0
87.2 0.0
87.3 0.0
87.4 0.0
87.5 0.0
87.6 0.0
87.7 0.0
87.8 0.0
87.9 0.0
88.0 0.0
88.1 0.0
88.2 0.0
88.3 0.0
88.4 0.0
88.5 0.0
88.6 0.0
88.7 0.0
88.8 0.0
88.9 0.0
89.0 0.0
89.1 0.0
89.2 0.0
89.3 0.0
89.4 0.0
89.5 0.0
89.6 0.0
89.7 0.0
89.8 0.0
89.9 0.0
90.0 0.0
90.1 0.0
90.2 0.0
90.3 0.0
90.4 0.0
90.5 0.0
90.6 0.0
90.7 0.0
90.8 0.0
90.9 0.0
91.0 0.0
91.1 0.0
91.2 0.0
91.3 0.0
91.4 0.0
91.5 0.0
91.6 0.0
91.7 0.0
91.8 0.0
91.9 0.0
92.0 0.0
92.1 0.0
92.2 0.0
92.3 0.0
92.4 0.0
92.5 0.0
92.6 0.0
92.7 0.0
92.8 0.0
92.9 0.0
93.0 0.0
93.1 0.0
93.2 0.0
93.3 0.0
93.4 0.0
93.5 0.0
93.6 0.0
93.7 0.0
93.8 0.0
93.9 0.0
94.0 0.0
94.1 0.0
94.2 0.0
94.3 0.0
94.4 0.0
94.5 0.0
94.6 0.0
94.7 0.0
94.8 0.0
94.9 0.0
95.0 0.0
95.1 0.0
95.2 0.0
95.3 0.0
95.4 0.0
95.5 0.0
95.6 0.0
95.7 0.0
95.8 0.0
95.9 0.0
96.0 0.0
96.1 0.0
96.2 0.0
96.3 0.0
96.4 0.0
96.5 0.0
96.6 0.0
96.7 0.0
96.8 0.0
96.9 0.0
97.0 0.0
97.1 0.0
97.2 0.0
97.3 0.0
97.4 0.0
97.5 0.0
97.6 0.0
97.7 0.0
97.8 0.0
97.9 0.0
98.0 0.0
98.1 0.0
98.2 0.0
98.3 0.0
98.4 0.0
98.5 0.0
98.6 0.0
98.7 0.0
98.8 0.0
98.9 0.0
99.0 0.0
99.1 0.0
99.2 0.0
99.3 0.0
99.4 0.0
99.5 0.0
99.6 0.0
99.7 0.0
99.8 0.0
99.9 0.0
100.0 0.0
100.1 0.0
100.2 0.0
100.3 0.0
100.4 0.0
100.5 0.0
100.6 0.0
100.7 0.0
100.8 0.0
100.9 0.0
101.0 0.0
101.1 0.0
101.2 0.0
101.3 0.0
101.4 0.0
101.5 0.0
101.6 0.0
101.7 0.0
101.8 0.0
101.9 0.0
102.0 0.0
102.1 0.0
102.2 0.0
102.3 0.0
