0.0 -0.671332042241
0.0954 -0.563721857943
0.1908 -0.364191623235
0.2862 -0.132490315082
0.3816 0.0814266910136
0.477 0.256094292081
0.5724 0.399405704355
0.6678 0.533177988734
0.7632 0.670951139469
0.8586 0.800933506515
0.954 0.883738720954
1.0494 0.867237131058
1.1448 0.711724590992
1.2402 0.414066138352
1.3356 0.0198067437715
1.431 -0.384026703785
1.5264 -0.694929541129
1.6218 -0.829485558415
1.7172 -0.748508149889
1.8126 -0.459812800442
1.908 -0.00421739523549
2.0034 0.558576860498
2.0988 1.15414258204
2.1942 1.68882521964
2.2896 2.04305991875
2.385 2.07304130725
2.4804 1.63446436692
2.5758 0.632400792035
2.6712 -0.918983087663
2.7666 -2.85533181544
2.862 -4.8604545759
2.9574 -6.50809484731
3.0528 -7.33949658773
3.1482 -6.96487564354
3.2436 -5.17532982685
3.339 -2.04226254781
3.4344 2.03459787188
3.5298 6.36878195256
3.6252 10.1255007999
3.7206 12.5210530348
3.816 13.0207429099
3.9114 11.4739052449
4.0068 8.14721048481
4.1022 3.64981130865
4.1976 -1.22478769449
4.293 -5.69223770633
4.3884 -9.14904524884
4.4838 -11.2739591917
4.5792 -12.0361007322
4.6746 -11.6214700539
4.77 -10.3177297605
4.8654 -8.40647288959
4.9608 -6.10161217239
5.0562 -3.54743990611
5.1516 -0.860107294636
5.247 1.82300449537
5.3424 4.31961771184
5.4378 6.41878767315
5.5332 7.92826609319
5.6286 8.72974077007
5.724 8.81653122627
5.8194 8.29667224939
5.9148 7.3583491196
6.0102 6.20935798581
6.1056 5.01324900358
6.201 3.84712111851
6.2964 2.6976608251
6.3918 1.49597156041
6.4872 0.175070280083
6.5826 -1.27573505244
6.678 -2.78390877302
6.7734 -4.20597327125
6.8688 -5.37275117434
6.9642 -6.14689904755
7.0596 -6.46797354157
7.155 -6.36745989794
7.2504 -5.95000555207
7.3458 -5.35070130411
7.4412 -4.68669470241
7.5366 -4.02212062855
7.632 -3.3587968405
7.7274 -2.65420293658
7.8228 -1.85677793285
7.9182 -0.941620026914
8.0136 0.0695224484784
8.109 1.11204990092
8.2044 2.10254153964
8.2998 2.97010326303
8.3952 3.67977695711
8.4906 4.23787572969
8.586 4.67821229728
8.6814 5.03670368011
8.7768 5.32633913466
8.8722 5.52341973191
8.9676 5.57046380781
9.063 5.3942302335
9.1584 4.93170799707
9.2538 4.15435194041
9.3492 3.08193712653
9.4446 1.78183064831
9.54 0.355290180348
9.6354 -1.08320152921
9.7308 -2.42614603781
9.8262 -3.58722703081
9.9216 -4.5079030018
10.017 -5.15825584073
10.1124 -5.53494095418
10.2078 -5.65777225802
10.3032 -5.56460671304
10.3986 -5.30355574301
10.494 -4.92260231949
10.5894 -4.45859243355
10.6848 -3.92914549606
10.7802 -3.33117112237
10.8756 -2.64775505423
10.971 -1.86170942777
11.0664 -0.970735708543
11.1618 0.00215334383013
11.2572 1.00769072008
11.3526 1.97977419279
11.448 2.85170713689
11.5434 3.57264554312
11.6388 4.11750277888
11.7342 4.48673780418
11.8296 4.6973652852
11.925 4.77050825647
12.0204 4.72180657934
12.1158 4.55871405804
12.2112 4.2846068671
12.3066 3.90590944422
12.402 3.43705756991
12.4974 2.89974526326
12.5928 2.3165879212
12.6882 1.70297090974
12.7836 1.06232985736
12.879 0.388538518236
12.9744 -0.324760972694
13.0698 -1.07214050098
13.1652 -1.82801334729
13.2606 -2.54701331886
13.356 -3.17415581945
13.4514 -3.66091707368
13.5468 -3.98019936414
13.6422 -4.13340598977
13.7376 -4.14647505508
13.833 -4.05691410135
13.9284 -3.89803782639
14.0238 -3.6876835055
14.1192 -3.42618701305
14.2146 -3.10367284073
14.31 -2.7121622212
14.4054 -2.25590579367
14.5008 -1.75465558575
14.5962 -1.23848170527
14.6916 -0.737118794826
14.787 -0.269447692694
14.8824 0.161656980742
14.9778 0.566885536801
15.0732 0.962162178554
15.1686 1.35891093218
15.264 1.75768932559
15.3594 2.14779011308
15.4548 2.51211672449
15.5502 2.83404838242
15.6456 3.10244185304
15.741 3.31249258174
15.8364 3.46283812655
15.9318 3.5514441585
16.0272 3.57327017241
16.1226 3.52131600072
16.218 3.39033308217
16.3134 3.18068418462
16.4088 2.89964597355
16.5042 2.55898789653
16.5996 2.17000984688
16.695 1.73896528855
16.7904 1.26585002767
16.8858 0.747780601406
16.9812 0.185556350282
17.0766 -0.41002688987
17.172 -1.01577514173
17.2674 -1.5994824685
17.3628 -2.12806322341
17.4582 -2.57687808325
17.5536 -2.93595146603
17.649 -3.21022061795
17.7444 -3.41386213292
17.8398 -3.56160416939
17.9352 -3.66127450508
18.0306 -3.7109911944
18.126 -3.70186571708
18.2214 -3.62422812901
18.3168 -3.47370570439
18.4122 -3.25383086338
18.5076 -2.97396406857
18.603 -2.64400289413
18.6984 -2.26914435652
18.7938 -1.84792263555
18.8892 -1.37491703645
18.9846 -0.846928133755
19.08 -0.269457514736
19.1754 0.339962302952
19.2708 0.953522932908
19.3662 1.53940753662
19.4616 2.06981090854
19.557 2.52718753731
19.6524 2.90618796394
19.7478 3.21089813236
19.8432 3.44917705714
19.9386 3.62701149705
20.034 3.74540429614
20.1294 3.8007328504
20.2248 3.78767736343
20.3202 3.70269392684
20.4156 3.5460963347
20.511 3.32191939905
20.6064 3.03614026328
20.7018 2.69471587487
20.7972 2.30280410149
20.8926 1.86561354848
20.988 1.39018456669
21.0834 0.886746163937
21.1788 0.368508216042
21.2742 -0.150305389495
21.3696 -0.657270355897
21.465 -1.14390377411
21.5604 -1.60587861744
21.6558 -2.04105754252
21.7512 -2.44628350053
21.8466 -2.81458688368
21.942 -3.13432380393
22.0374 -3.3908226396
22.1328 -3.56988473625
22.2282 -3.66160289317
22.3236 -3.66286694965
22.419 -3.57762940046
22.5144 -3.41510117826
22.6098 -3.18695533924
22.7052 -2.9048907603
22.8006 -2.57947049195
22.896 -2.22030271148
22.9914 -1.83687077163
23.0868 -1.43904911972
23.1822 -1.03666909648
23.2776 -0.638191432423
23.373 -0.249182589214
23.4684 0.128483562266
23.5638 0.496082836214
23.6592 0.856194801376
23.7546 1.21023532719
23.85 1.55634947938
23.9454 1.88847339801
24.0408 2.19684915781
24.1362 2.46968702545
24.2316 2.69529808496
24.327 2.86399954966
24.4224 2.96935955714
24.5178 3.00870085609
24.6132 2.98302599245
24.7086 2.89657435193
24.804 2.75612899943
24.8994 2.57009416176
24.9948 2.34737317733
25.0902 2.09619949321
25.1856 1.82321205502
25.281 1.53308990085
25.3764 1.22890108403
25.4718 0.913030998621
25.5672 0.588286385446
25.6626 0.258684624013
25.758 -0.070399008421
25.8534 -0.392716835151
25.9488 -0.701931911543
26.0442 -0.992236364703
26.1396 -1.25849250153
26.235 -1.49592831493
26.3304 -1.69975332572
26.4258 -1.86517579201
26.5212 -1.98810717195
26.6166 -2.0664225139
26.712 -2.10123321583
26.8074 -2.09746504264
26.9028 -2.06324221675
26.9982 -2.00808382819
27.0936 -1.94048101731
27.189 -1.86575714458
27.2844 -1.7850385968
27.3798 -1.69570348403
27.4752 -1.59304602018
27.5706 -1.47239757308
27.666 -1.33081505017
27.7614 -1.16773296673
27.8568 -0.984521817769
27.9522 -0.783425317498
28.0476 -0.566605791343
28.143 -0.335899426085
28.2384 -0.0934533687083
28.3338 0.157090180429
28.4292 0.409531054058
28.5246 0.654842613677
28.62 0.882055048191
28.7154 1.08009766459
28.8108 1.24019991117
28.9062 1.35807073871
29.0016 1.43493899789
29.097 1.47727323662
29.1924 1.4952030656
29.2878 1.50007886626
29.3832 1.50182041658
29.4786 1.50672064987
29.574 1.51621342582
29.6694 1.52684649546
29.7648 1.53139733769
29.8602 1.52080094641
29.9556 1.48638382333
30.051 1.42185684513
30.1464 1.32462059488
30.2418 1.19615001977
30.3372 1.04148362294
30.4326 0.86806161232
30.528 0.684269718992
30.6234 0.498029979417
30.7188 0.315672374224
30.8142 0.141193814375
30.9096 -0.024069586223
31.005 -0.18134249743
31.1004 -0.333846049756
31.1958 -0.48574598094
31.2912 -0.640691967297
31.3866 -0.800208847595
31.482 -0.962380939298
31.5774 -1.12133080969
31.6728 -1.26784549447
31.7682 -1.3911517806
31.8636 -1.48140626448
31.959 -1.53213409061
32.0544 -1.54179237725
32.1498 -1.5139103138
32.2452 -1.45577471488
32.3406 -1.37617388604
32.436 -1.28304685822
32.5314 -1.18186299638
32.6268 -1.07519606278
32.7222 -0.963430665472
32.8176 -0.846091876041
32.913 -0.72311518876
33.0084 -0.595525998475
33.1038 -0.465367223489
33.1992 -0.33509661199
33.2946 -0.206882152988
33.39 -0.0821761417027
33.4854 0.0382903696288
33.5808 0.154221159258
33.6762 0.265446926676
33.7716 0.371811025022
33.867 0.473266349267
33.9624 0.570001435773
34.0578 0.662350824616
34.1532 0.750369541965
34.2486 0.833195741005
34.344 0.908538982954
34.4394 0.972670129307
34.5348 1.02110120278
34.6302 1.04980833275
34.7256 1.05653975808
34.821 1.04163780368
34.9164 1.00796861339
35.0118 0.959933255172
35.1072 0.901949911408
35.2026 0.83704457217
35.298 0.766141835779
35.3934 0.688327746687
35.4888 0.601917953093
35.5842 0.505817809946
35.6796 0.400566651907
35.775 0.288647388838
35.8704 0.174006435572
35.9658 0.0610809814447
36.0612 -0.0461963226841
36.1566 -0.145015539132
36.252 -0.23378121515
36.3474 -0.311810228634
36.4428 -0.378931032824
36.5382 -0.4352513551
36.6336 -0.481180609391
36.729 -0.517580817815
36.8244 -0.545807244244
36.9198 -0.567455272836
37.0152 -0.583821245177
37.1106 -0.595299264539
37.206 -0.601043582747
37.3014 -0.59915282514
37.3968 -0.587401702587
37.4922 -0.564269643958
37.5876 -0.529836418247
37.683 -0.486131547164
37.7784 -0.436740711701
37.8738 -0.385792452123
37.9692 -0.336723197034
38.0646 -0.291318911515
38.16 -0.249410928309
38.2554 -0.209319390326
38.3508 -0.168822380346
38.4462 -0.126224540981
38.5416 -0.0810911223831
38.637 -0.0343931357857
38.7324 0.0119171007257
38.8278 0.0556432187117
38.9232 0.0950400247031
39.0186 0.129184015306
39.114 0.157928053399
39.2094 0.181557972148
39.3048 0.200393988197
39.4002 0.21456889338
39.4956 0.224086021892
39.591 0.229087538189
39.6864 0.230139026118
39.7818 0.22832228321
39.8772 0.225029199423
39.9726 0.221512263103
40.068 0.218388340263
40.1634 0.215340161434
40.2588 0.211188612727
40.3542 0.204350021958
40.4496 0.193518982593
40.545 0.178308064164
40.6404 0.159580069957
40.7358 0.139324136576
40.8312 0.120103654528
40.9266 0.104267729448
41.022 0.093203985839
41.1174 0.0868897483951
41.2128 0.083886035941
41.3082 0.0817629956917
41.4036 0.0778057502509
41.499 0.0697723753567
41.5944 0.0564790722504
41.6898 0.0380599616029
41.7852 0.015858351885
41.8806 -0.00798507849687
41.976 -0.0311049659779
42.0714 -0.0514743302379
42.1668 -0.0678090184982
42.2622 -0.0797243860657
42.3576 -0.0876339910153
42.453 -0.0924554589113
42.5484 -0.0952394236514
42.6438 -0.0968489811504
42.7392 -0.0977860362422
42.8346 -0.0981978149145
42.93 -0.0980244430753
43.0254 -0.0971948380908
43.1208 -0.0957654925114
43.2162 -0.0939312416904
43.3116 -0.0919043918583
43.407 -0.0897283771911
43.5024 -0.0871313202485
43.5978 -0.0835133028816
43.6932 -0.0781021792812
43.7886 -0.0702329151107
43.884 -0.0596424038095
43.9794 -0.0466561802245
44.0748 -0.0321838735575
44.1702 -0.0175183967932
44.2656 -0.00401369309634
44.361 0.00723888387467
44.4564 0.0156236737218
44.5518 0.0210460892875
44.6472 0.0238259610715
44.7426 0.0245109985661
44.838 0.0236987513741
44.9334 0.0219292667519
45.0288 0.0196606719553
45.1242 0.0172943757611
45.2196 0.0151980763069
45.315 0.013689205347
45.4104 0.0129766379703
45.5058 0.0130923185656
45.6012 0.0138575663257
45.6966 0.0149148613706
45.792 0.0158238321952
45.8874 0.0161881618621
45.9828 0.0157651086531
46.0782 0.0145180167682
46.1736 0.0125985096725
46.269 0.0102746390633
46.3644 0.0078398010043
46.4598 0.00553780254189
46.5552 0.00352496621404
46.6506 0.00187025224816
46.746 0.000579370915656
46.8414 -0.000375632539647
46.9368 -0.00103472495387
47.0322 -0.0014402808218
47.1276 -0.00163613272271
47.223 -0.00166930492655
47.3184 -0.00159024405195
47.4138 -0.00145067214218
47.5092 -0.0013003260314
47.6046 -0.00118390906034
47.7 -0.00113848761789
47.7954 -0.00113848761789
47.8908 -0.00113848761789
47.9862 -0.00113848761789
48.0816 -0.00113848761789
48.177 -0.00113848761789
48.2724 -0.00113848761789
48.3678 -0.00113848761789
48.4632 -0.00113848761789
48.5586 -0.00113848761789
48.654 -0.00113848761789
48.7494 -0.00113848761789
48.8448 -0.00113848761789
48.9402 -0.00113848761789
49.0356 -0.00113848761789
49.131 -0.00113848761789
49.2264 -0.00113848761789
49.3218 -0.00113848761789
49.4172 -0.00113848761789
49.5126 -0.00113848761789
49.608 -0.00113848761789
49.7034 -0.00113848761789
49.7988 -0.00113848761789
49.8942 -0.00113848761789
49.9896 -0.00113848761789
50.085 -0.00113848761789
50.1804 -0.00113848761789
50.2758 -0.00113848761789
50.3712 -0.00113848761789
50.4666 -0.00113848761789
50.562 -0.00113848761789
50.6574 -0.00113848761789
50.7528 -0.00113848761789
50.8482 -0.00113848761789
50.9436 -0.00113848761789
51.039 -0.00113848761789
51.1344 -0.00113848761789
51.2298 -0.00113848761789
51.3252 -0.00113848761789
51.4206 -0.00113848761789
51.516 -0.00113848761789
51.6114 -0.00113848761789
51.7068 -0.00113848761789
51.8022 -0.00113848761789
51.8976 -0.00113848761789
51.993 -0.00113848761789
52.0884 -0.00113848761789
52.1838 -0.00113848761789
52.2792 -0.00113848761789
52.3746 -0.00113848761789
52.47 -0.00113848761789
52.5654 -0.00113848761789
52.6608 -0.00113848761789
52.7562 -0.00113848761789
52.8516 -0.00113848761789
52.947 -0.00113848761789
53.0424 -0.00113848761789
53.1378 -0.00113848761789
53.2332 -0.00113848761789
53.3286 -0.00113848761789
53.424 -0.00113848761789
53.5194 -0.00113848761789
53.6148 -0.00113848761789
53.7102 -0.00113848761789
53.8056 -0.00113848761789
53.901 -0.00113848761789
53.9964 -0.00113848761789
54.0918 -0.00113848761789
54.1872 -0.00113848761789
54.2826 -0.00113848761789
54.378 -0.00113848761789
54.4734 -0.00113848761789
54.5688 -0.00113848761789
54.6642 -0.00113848761789
54.7596 -0.00113848761789
54.855 -0.00113848761789
54.9504 -0.00113848761789
55.0458 -0.00113848761789
55.1412 -0.00113848761789
55.2366 -0.00113848761789
55.332 -0.00113848761789
55.4274 -0.00113848761789
55.5228 -0.00113848761789
55.6182 -0.00113848761789
55.7136 -0.00113848761789
55.809 -0.00113848761789
55.9044 -0.00113848761789
55.9998 -0.00113848761789
56.0952 -0.00113848761789
56.1906 -0.00113848761789
56.286 -0.00113848761789
56.3814 -0.00113848761789
56.4768 -0.00113848761789
56.5722 -0.00113848761789
56.6676 -0.00113848761789
56.763 -0.00113848761789
56.8584 -0.00113848761789
56.9538 -0.00113848761789
57.0492 -0.00113848761789
57.1446 -0.00113848761789
57.24 -0.00113848761789
57.3354 -0.00113848761789
57.4308 -0.00113848761789
57.5262 -0.00113848761789
57.6216 -0.00113848761789
57.717 -0.00113848761789
57.8124 -0.00113848761789
57.9078 -0.00113848761789
58.0032 -0.00113848761789
58.0986 -0.00113848761789
58.194 -0.00113848761789
58.2894 -0.00113848761789
58.3848 -0.00113848761789
58.4802 -0.00113848761789
58.5756 -0.00113848761789
58.671 -0.00113848761789
58.7664 -0.00113848761789
58.8618 -0.00113848761789
58.9572 -0.00113848761789
59.0526 -0.00113848761789
59.148 -0.00113848761789
59.2434 -0.00113848761789
59.3388 -0.00113848761789
59.4342 -0.00113848761789
59.5296 -0.00113848761789
59.625 -0.00113848761789
59.7204 -0.00113848761789
59.8158 -0.00113848761789
59.9112 -0.00113848761789
60.0066 -0.00113848761789
60.102 -0.00113848761789
60.1974 -0.00113848761789
60.2928 -0.00113848761789
60.3882 -0.00113848761789
60.4836 -0.00113848761789
60.579 -0.00113848761789
60.6744 -0.00113848761789
60.7698 -0.00113848761789
60.8652 -0.00113848761789
60.9606 -0.00113848761789
61.056 -0.00113848761789
61.1514 -0.00113848761789
61.2468 -0.00113848761789
61.3422 -0.00113848761789
61.4376 -0.00113848761789
61.533 -0.00113848761789
61.6284 -0.00113848761789
61.7238 -0.00113848761789
61.8192 -0.00113848761789
61.9146 -0.00113848761789
62.01 -0.00113848761789
62.1054 -0.00113848761789
62.2008 -0.00113848761789
62.2962 -0.00113848761789
62.3916 -0.00113848761789
62.487 -0.00113848761789
62.5824 -0.00113848761789
62.6778 -0.00113848761789
62.7732 -0.00113848761789
62.8686 -0.00113848761789
62.964 -0.00113848761789
63.0594 -0.00113848761789
63.1548 -0.00113848761789
63.2502 -0.00113848761789
63.3456 -0.00113848761789
63.441 -0.00113848761789
63.5364 -0.00113848761789
63.6318 -0.00113848761789
63.7272 -0.00113848761789
63.8226 -0.00113848761789
63.918 -0.00113848761789
64.0134 -0.00113848761789
64.1088 -0.00113848761789
64.2042 -0.00113848761789
64.2996 -0.00113848761789
64.395 -0.00113848761789
64.4904 -0.00113848761789
64.5858 -0.00113848761789
64.6812 -0.00113848761789
64.7766 -0.00113848761789
64.872 -0.00113848761789
64.9674 -0.00113848761789
65.0628 -0.00113848761789
65.1582 -0.00113848761789
65.2536 -0.00113848761789
65.349 -0.00113848761789
65.4444 -0.00113848761789
65.5398 -0.00113848761789
65.6352 -0.00113848761789
65.7306 -0.00113848761789
65.826 -0.00113848761789
65.9214 -0.00113848761789
66.0168 -0.00113848761789
66.1122 -0.00113848761789
66.2076 -0.00113848761789
66.303 -0.00113848761789
66.3984 -0.00113848761789
66.4938 -0.00113848761789
66.5892 -0.00113848761789
66.6846 -0.00113848761789
66.78 -0.00113848761789
66.8754 -0.00113848761789
66.9708 -0.00113848761789
67.0662 -0.00113848761789
67.1616 -0.00113848761789
67.257 -0.00113848761789
67.3524 -0.00113848761789
67.4478 -0.00113848761789
67.5432 -0.00113848761789
67.6386 -0.00113848761789
67.734 -0.00113848761789
67.8294 -0.00113848761789
67.9248 -0.00113848761789
68.0202 -0.00113848761789
68.1156 -0.00113848761789
68.211 -0.00113848761789
68.3064 -0.00113848761789
68.4018 -0.00113848761789
68.4972 -0.00113848761789
68.5926 -0.00113848761789
68.688 -0.00113848761789
68.7834 -0.00113848761789
68.8788 -0.00113848761789
68.9742 -0.00113848761789
69.0696 -0.00113848761789
69.165 -0.00113848761789
69.2604 -0.00113848761789
69.3558 -0.00113848761789
69.4512 -0.00113848761789
69.5466 -0.00113848761789
69.642 -0.00113848761789
69.7374 -0.00113848761789
69.8328 -0.00113848761789
69.9282 -0.00113848761789
70.0236 -0.00113848761789
70.119 -0.00113848761789
70.2144 -0.00113848761789
70.3098 -0.00113848761789
70.4052 -0.00113848761789
70.5006 -0.00113848761789
70.596 -0.00113848761789
70.6914 -0.00113848761789
70.7868 -0.00113848761789
70.8822 -0.00113848761789
70.9776 -0.00113848761789
71.073 -0.00113848761789
71.1684 -0.00113848761789
71.2638 -0.00113848761789
71.3592 -0.00113848761789
71.4546 -0.00113848761789
71.55 -0.00113848761789
71.6454 -0.00113848761789
71.7408 -0.00113848761789
71.8362 -0.00113848761789
71.9316 -0.00113848761789
72.027 -0.00113848761789
72.1224 -0.00113848761789
72.2178 -0.00113848761789
72.3132 -0.00113848761789
72.4086 -0.00113848761789
72.504 -0.00113848761789
72.5994 -0.00113848761789
72.6948 -0.00113848761789
72.7902 -0.00113848761789
72.8856 -0.00113848761789
72.981 -0.00113848761789
73.0764 -0.00113848761789
73.1718 -0.00113848761789
73.2672 -0.00113848761789
73.3626 -0.00113848761789
73.458 -0.00113848761789
73.5534 -0.00113848761789
73.6488 -0.00113848761789
73.7442 -0.00113848761789
73.8396 -0.00113848761789
73.935 -0.00113848761789
74.0304 -0.00113848761789
74.1258 -0.00113848761789
74.2212 -0.00113848761789
74.3166 -0.00113848761789
74.412 -0.00113848761789
74.5074 -0.00113848761789
74.6028 -0.00113848761789
74.6982 -0.00113848761789
74.7936 -0.00113848761789
74.889 -0.00113848761789
74.9844 -0.00113848761789
75.0798 -0.00113848761789
75.1752 -0.00113848761789
75.2706 -0.00113848761789
75.366 -0.00113848761789
75.4614 -0.00113848761789
75.5568 -0.00113848761789
75.6522 -0.00113848761789
75.7476 -0.00113848761789
75.843 -0.00113848761789
75.9384 -0.00113848761789
76.0338 -0.00113848761789
76.1292 -0.00113848761789
76.2246 -0.00113848761789
76.32 -0.00113848761789
76.4154 -0.00113848761789
76.5108 -0.00113848761789
76.6062 -0.00113848761789
76.7016 -0.00113848761789
76.797 -0.00113848761789
76.8924 -0.00113848761789
76.9878 -0.00113848761789
77.0832 -0.00113848761789
77.1786 -0.00113848761789
77.274 -0.00113848761789
77.3694 -0.00113848761789
77.4648 -0.00113848761789
77.5602 -0.00113848761789
77.6556 -0.00113848761789
77.751 -0.00113848761789
77.8464 -0.00113848761789
77.9418 -0.00113848761789
78.0372 -0.00113848761789
78.1326 -0.00113848761789
78.228 -0.00113848761789
78.3234 -0.00113848761789
78.4188 -0.00113848761789
78.5142 -0.00113848761789
78.6096 -0.00113848761789
78.705 -0.00113848761789
78.8004 -0.00113848761789
78.8958 -0.00113848761789
78.9912 -0.00113848761789
79.0866 -0.00113848761789
79.182 -0.00113848761789
79.2774 -0.00113848761789
79.3728 -0.00113848761789
79.4682 -0.00113848761789
79.5636 -0.00113848761789
79.659 -0.00113848761789
79.7544 -0.00113848761789
79.8498 -0.00113848761789
79.9452 -0.00113848761789
80.0406 -0.00113848761789
80.136 -0.00113848761789
80.2314 -0.00113848761789
80.3268 -0.00113848761789
80.4222 -0.00113848761789
80.5176 -0.00113848761789
80.613 -0.00113848761789
80.7084 -0.00113848761789
80.8038 -0.00113848761789
80.8992 -0.00113848761789
80.9946 -0.00113848761789
81.09 -0.00113848761789
81.1854 -0.00113848761789
81.2808 -0.00113848761789
81.3762 -0.00113848761789
81.4716 -0.00113848761789
81.567 -0.00113848761789
81.6624 -0.00113848761789
81.7578 -0.00113848761789
81.8532 -0.00113848761789
81.9486 -0.00113848761789
82.044 -0.00113848761789
82.1394 -0.00113848761789
82.2348 -0.00113848761789
82.3302 -0.00113848761789
82.4256 -0.00113848761789
82.521 -0.00113848761789
82.6164 -0.00113848761789
82.7118 -0.00113848761789
82.8072 -0.00113848761789
82.9026 -0.00113848761789
82.998 -0.00113848761789
83.0934 -0.00113848761789
83.1888 -0.00113848761789
83.2842 -0.00113848761789
83.3796 -0.00113848761789
83.475 -0.00113848761789
83.5704 -0.00113848761789
83.6658 -0.00113848761789
83.7612 -0.00113848761789
83.8566 -0.00113848761789
83.952 -0.00113848761789
84.0474 -0.00113848761789
84.1428 -0.00113848761789
84.2382 -0.00113848761789
84.3336 -0.00113848761789
84.429 -0.00113848761789
84.5244 -0.00113848761789
84.6198 -0.00113848761789
84.7152 -0.00113848761789
84.8106 -0.00113848761789
84.906 -0.00113848761789
85.0014 -0.00113848761789
85.0968 -0.00113848761789
85.1922 -0.00113848761789
85.2876 -0.00113848761789
85.383 -0.00113848761789
85.4784 -0.00113848761789
85.5738 -0.00113848761789
85.6692 -0.00113848761789
85.7646 -0.00113848761789
85.86 -0.00113848761789
85.9554 -0.00113848761789
86.0508 -0.00113848761789
86.1462 -0.00113848761789
86.2416 -0.00113848761789
86.337 -0.00113848761789
86.4324 -0.00113848761789
86.5278 -0.00113848761789
86.6232 -0.00113848761789
86.7186 -0.00113848761789
86.814 -0.00113848761789
86.9094 -0.00113848761789
87.0048 -0.00113848761789
87.1002 -0.00113848761789
87.1956 -0.00113848761789
87.291 -0.00113848761789
87.3864 -0.00113848761789
87.4818 -0.00113848761789
87.5772 -0.00113848761789
87.6726 -0.00113848761789
87.768 -0.00113848761789
87.8634 -0.00113848761789
87.9588 -0.00113848761789
88.0542 -0.00113848761789
88.1496 -0.00113848761789
88.245 -0.00113848761789
88.3404 -0.00113848761789
88.4358 -0.00113848761789
88.5312 -0.00113848761789
88.6266 -0.00113848761789
88.722 -0.00113848761789
88.8174 -0.00113848761789
88.9128 -0.00113848761789
89.0082 -0.00113848761789
89.1036 -0.00113848761789
89.199 -0.00113848761789
89.2944 -0.00113848761789
89.3898 -0.00113848761789
89.4852 -0.00113848761789
89.5806 -0.00113848761789
89.676 -0.00113848761789
89.7714 -0.00113848761789
89.8668 -0.00113848761789
89.9622 -0.00113848761789
90.0576 -0.00113848761789
90.153 -0.00113848761789
90.2484 -0.00113848761789
90.3438 -0.00113848761789
90.4392 -0.00113848761789
90.5346 -0.00113848761789
90.63 -0.00113848761789
90.7254 -0.00113848761789
90.8208 -0.00113848761789
90.9162 -0.00113848761789
91.0116 -0.00113848761789
91.107 -0.00113848761789
91.2024 -0.00113848761789
91.2978 -0.00113848761789
91.3932 -0.00113848761789
91.4886 -0.00113848761789
91.584 -0.00113848761789
91.6794 -0.00113848761789
91.7748 -0.00113848761789
91.8702 -0.00113848761789
91.9656 -0.00113848761789
92.061 -0.00113848761789
92.1564 -0.00113848761789
92.2518 -0.00113848761789
92.3472 -0.00113848761789
92.4426 -0.00113848761789
92.538 -0.00113848761789
92.6334 -0.00113848761789
92.7288 -0.00113848761789
92.8242 -0.00113848761789
92.9196 -0.00113848761789
93.015 -0.00113848761789
93.1104 -0.00113848761789
93.2058 -0.00113848761789
93.3012 -0.00113848761789
93.3966 -0.00113848761789
93.492 -0.00113848761789
93.5874 -0.00113848761789
93.6828 -0.00113848761789
93.7782 -0.00113848761789
93.8736 -0.00113848761789
93.969 -0.00113848761789
94.0644 -0.00113848761789
94.1598 -0.00113848761789
94.2552 -0.00113848761789
94.3506 -0.00113848761789
94.446 -0.00113848761789
94.5414 -0.00113848761789
94.6368 -0.00113848761789
94.7322 -0.00113848761789
94.8276 -0.00113848761789
94.923 -0.00113848761789
95.0184 -0.00113848761789
95.1138 -0.00113848761789
95.2092 -0.00113848761789
95.3046 -0.00113848761789
95.4 -0.00113848761789
95.4954 -0.00113848761789
95.5908 -0.00113848761789
95.6862 -0.00113848761789
95.7816 -0.00113848761789
95.877 -0.00113848761789
95.9724 -0.00113848761789
96.0678 -0.00113848761789
96.1632 -0.00113848761789
96.2586 -0.00113848761789
96.354 -0.00113848761789
96.4494 -0.00113848761789
96.5448 -0.00113848761789
96.6402 -0.00113848761789
96.7356 -0.00113848761789
96.831 -0.00113848761789
96.9264 -0.00113848761789
97.0218 -0.00113848761789
97.1172 -0.00113848761789
97.2126 -0.00113848761789
97.308 -0.00113848761789
97.4034 -0.00113848761789
97.4988 -0.00113848761789
97.5942 -0.00113848761789
