0.0 0.107925254951
0.09277 0.512529515524
0.18554 0.860688900868
0.27831 1.1006165906
0.37108 1.20083758423
0.46385 1.1593169629
0.55662 1.0029708919
0.64939 0.778153084838
0.74216 0.535630660677
0.83493 0.315214165991
0.9277 0.135814589434
1.02047 -0.0053824059529
1.11324 -0.124910929192
1.20601 -0.239622409122
1.29878 -0.353543417275
1.39155 -0.451277751467
1.48432 -0.501442043695
1.57709 -0.468386484573
1.66986 -0.325457939285
1.76263 -0.0640382424907
1.8554 0.301249103064
1.94817 0.729124120588
2.04094 1.15141867382
2.13371 1.47808240372
2.22648 1.60654573625
2.31925 1.4349412555
2.41202 0.881674313014
2.50479 -0.0884231060231
2.59756 -1.43738829231
2.69033 -3.03551872944
2.7831 -4.65695247693
2.87587 -5.99406682182
2.96864 -6.69644769794
3.06141 -6.438085421
3.15418 -5.00753160883
3.24695 -2.39960671652
3.33972 1.1272741015
3.43249 5.06114619154
3.52526 8.72361504187
3.61803 11.4147724545
3.7108 12.5769114511
3.80357 11.9317597339
3.89634 9.55203405057
3.98911 5.84524555196
4.08188 1.45255892396
4.17465 -2.90833061631
4.26742 -6.60908778298
4.36019 -9.23605396576
4.45296 -10.6414069492
4.54573 -10.9143201943
4.6385 -10.2937931656
4.73127 -9.06132021538
4.82404 -7.45302001125
4.91681 -5.61765644736
5.00958 -3.62471331368
5.10235 -1.5062285641
5.19512 0.693655522992
5.28789 2.8852314294
5.38066 4.92941394407
5.47343 6.66355423116
5.5662 7.94423887306
5.65897 8.68738219901
5.75174 8.88740835572
5.84451 8.60708318954
5.93728 7.94347971753
6.03005 6.98662937971
6.12282 5.79026400181
6.21559 4.36771972111
6.30836 2.71394760967
6.40113 0.842393700243
6.4939 -1.18149581843
6.58667 -3.22700870387
6.67944 -5.11312797823
6.77221 -6.64783113966
6.86498 -7.67792318688
6.95775 -8.13125976335
7.05052 -8.03567731487
7.14329 -7.50716886846
7.23606 -6.71112776225
7.32883 -5.81051360335
7.4216 -4.91957713638
7.51437 -4.079266343
7.60714 -3.26142838557
7.69991 -2.39755446153
7.79268 -1.41891745267
7.88545 -0.291859830475
7.97822 0.96440997935
8.07099 2.28206240351
8.16376 3.56662526218
8.25653 4.72606875547
8.3493 5.69460860469
8.44207 6.44212525761
8.53484 6.96701768494
8.62761 7.27774282841
8.72038 7.37307762066
8.81315 7.23137135781
8.90592 6.81459894897
8.99869 6.0858496962
9.09146 5.032377165
9.18423 3.68367739329
9.277 2.11629318327
9.36977 0.442776932815
9.46254 -1.21112764683
9.55531 -2.73249631104
9.64808 -4.04128275199
9.74085 -5.09838495399
9.83362 -5.90070995504
9.92639 -6.46707169338
10.01916 -6.82159224394
10.11193 -6.98117292235
10.2047 -6.9508249585
10.29747 -6.72666636669
10.39024 -6.30326500185
10.48301 -5.68107273578
10.57578 -4.87091068499
10.66855 -3.89476649791
10.76132 -2.78418500993
10.85409 -1.57829048279
10.94686 -0.322731512912
11.03963 0.93078199506
11.1324 2.12596118701
11.22517 3.20600688483
11.31794 4.12046589938
11.41071 4.83325931273
11.50348 5.329013812
11.59625 5.61485153132
11.68902 5.71626395887
11.78179 5.66807368751
11.87456 5.50365728928
11.96733 5.24640933324
12.0601 4.90640652478
12.15287 4.48288008268
12.24564 3.97059499554
12.33841 3.36678481716
12.43118 2.67554822192
12.52395 1.90836416089
12.61672 1.08163314248
12.70949 0.213663107773
12.80226 -0.676496396107
12.89503 -1.56743470793
12.9878 -2.4320983854
13.08057 -3.23545150203
13.17334 -3.93570268575
13.26611 -4.49016882724
13.35888 -4.8644509788
13.45165 -5.04158531311
13.54442 -5.02729143023
13.63719 -4.84875472643
13.72996 -4.54699839815
13.82273 -4.1656034338
13.9155 -3.74003656968
14.00827 -3.29144637697
14.10104 -2.82670373059
14.19381 -2.34370701664
14.28658 -1.83885394648
14.37935 -1.31304911081
14.47212 -0.773807282555
14.56489 -0.233221507118
14.65766 0.296366052101
14.75043 0.806233588544
14.8432 1.29252639303
14.93597 1.75439394939
15.02874 2.19033052413
15.12151 2.5949934275
15.21428 2.9584278999
15.30705 3.26822422715
15.39982 3.51347197434
15.49259 3.68836651933
15.58536 3.79349596655
15.67813 3.83407763848
15.7709 3.8160417813
15.86367 3.74200393627
15.95644 3.60922919916
16.04921 3.41065697291
16.14198 3.13848596068
16.23475 2.78854444806
16.32752 2.36334230751
16.42029 1.87245592933
16.51306 1.33030092232
16.60583 0.752640685821
16.6986 0.153690236409
16.79137 -0.454826283435
16.88414 -1.06250053198
16.97691 -1.65799364453
17.06968 -2.22733062344
17.16245 -2.7539824324
17.25522 -3.22091922253
17.34799 -3.61366531255
17.44076 -3.92278893423
17.53353 -4.14454343555
17.6263 -4.27937661919
17.71907 -4.32918292779
17.81184 -4.29484807601
17.90461 -4.17545468744
17.99738 -3.96957804906
18.09015 -3.67791647617
18.18292 -3.30572071554
18.27569 -2.86354542195
18.36846 -2.36572562605
18.46123 -1.82721944125
18.554 -1.26039132821
18.64677 -0.673426418078
18.73954 -0.0712803222841
18.83231 0.54122853922
18.92508 1.15571951575
19.01785 1.75787107023
19.11062 2.32771926504
19.20339 2.84273280093
19.29616 3.28244759506
19.38893 3.63271850702
19.4817 3.88785536678
19.57447 4.04992494246
19.66724 4.12579577452
19.76001 4.12343929725
19.85278 4.04915047981
19.94555 3.90670294715
20.03832 3.69839395148
20.13109 3.42702704753
20.22386 3.09756522933
20.31663 2.71756407979
20.4094 2.29629480998
20.50217 1.84322201621
20.59494 1.36680364459
20.68771 0.874299857736
20.78048 0.372611841947
20.87325 -0.130477142042
20.96602 -0.625543878298
21.05879 -1.10186244794
21.15156 -1.54880844716
21.24433 -1.95766512975
21.3371 -2.32289767644
21.42987 -2.64221683269
21.52264 -2.91539295476
21.61541 -3.14245113266
21.70818 -3.32220500156
21.80095 -3.45188845617
21.89372 -3.52802967433
21.98649 -3.54802097674
22.07926 -3.51145433261
22.17203 -3.42042953286
22.2648 -3.27862588812
22.35757 -3.08963697069
22.45034 -2.8555091705
22.54311 -2.57635160666
22.63588 -2.25133096738
22.72865 -1.88062651153
22.82142 -1.4673956607
22.91419 -1.018773258
23.00696 -0.545414605979
23.09973 -0.059835062351
23.1925 0.425598275856
23.28527 0.900025627384
23.37804 1.35420273068
23.47081 1.77947985889
23.56358 2.16643890936
23.65635 2.50422454956
23.74912 2.78129228314
23.84189 2.98756770644
23.93466 3.11723152302
24.02743 3.17091132175
24.1202 3.15620241433
24.21297 3.08610151665
24.30574 2.97580974865
24.39851 2.83903775692
24.49128 2.68512066732
24.58405 2.51786528389
24.67682 2.3363104539
24.76959 2.1368372639
24.86236 1.91564258726
24.95513 1.67063106183
25.0479 1.40220124171
25.14067 1.11295518222
25.23344 0.806779777453
25.32621 0.487876211147
25.41898 0.160162304091
25.51175 -0.172816591805
25.60452 -0.507585383761
25.69729 -0.840272240546
25.79006 -1.16617152332
25.88283 -1.47944253411
25.9756 -1.7729966807
26.06837 -2.03864115847
26.16114 -2.26758591772
26.25391 -2.45139687152
26.34668 -2.58333674517
26.43945 -2.65980582616
26.53222 -2.68139486637
26.62499 -2.6530355656
26.71776 -2.58296284974
26.81053 -2.48064144557
26.9033 -2.3542813581
26.99607 -2.20884184708
27.08884 -2.04533196185
27.18161 -1.86174841743
27.27438 -1.65532409735
27.36715 -1.42518317728
27.45992 -1.17428243331
27.55269 -0.909780160335
27.64546 -0.641615031705
27.73823 -0.379822435582
27.831 -0.13164203722
27.92377 0.100438084118
28.01654 0.318906042057
28.10931 0.529749538607
28.20208 0.739738484627
28.29485 0.953440741904
28.38762 1.1709898518
28.48039 1.38727358988
28.57316 1.59271139655
28.66593 1.77531381809
28.7587 1.92340910382
28.85147 2.02832364397
28.94424 2.08637632336
29.03701 2.09972617293
29.12978 2.07585037889
29.22255 2.02570853944
29.31532 1.96095705626
29.40809 1.89087042489
29.50086 1.81981199195
29.59363 1.74606412485
29.6864 1.66250998607
29.77917 1.55909833886
29.87194 1.42638999581
29.96471 1.25902953604
30.05748 1.05792989971
30.15025 0.83037667435
30.24302 0.588023110015
30.33579 0.34355467474
30.42856 0.107307036583
30.52133 -0.114905420221
30.6141 -0.32204734128
30.70687 -0.516337288919
30.79964 -0.700806527278
30.89241 -0.877115352388
30.98518 -1.04455437308
31.07795 -1.20049992745
31.17072 -1.34185691481
31.26349 -1.46656927412
31.35626 -1.57431738075
31.44903 -1.66601141922
31.5418 -1.74236573605
31.63457 -1.8023513383
31.72734 -1.84241392041
31.82011 -1.85697374793
31.91288 -1.84008545463
32.00565 -1.78755510516
32.09842 -1.6985784379
32.19119 -1.57618824342
32.28396 -1.42636017242
32.37673 -1.25624053058
32.4695 -1.07232540762
32.56227 -0.879371013757
32.65504 -0.680396990175
32.74781 -0.477585552687
32.84058 -0.273465301158
32.93335 -0.0716950416224
33.02612 0.122959316211
33.11889 0.305402010938
33.21166 0.471295246211
33.30443 0.617889274925
33.3972 0.744211741155
33.48997 0.850606010319
33.58274 0.937954875599
33.67551 1.00706119365
33.76828 1.05852050425
33.86105 1.09310251244
33.95382 1.11234231567
34.04659 1.11890311666
34.13936 1.11638256652
34.23213 1.10853125447
34.3249 1.09817344058
34.41767 1.08629720276
34.51044 1.07172400195
34.60321 1.05150990548
34.69598 1.02190689768
34.78875 0.979484694995
34.88152 0.92198621517
34.97429 0.848660853012
35.06706 0.760087004919
35.15983 0.657716721452
35.2526 0.543445536595
35.34537 0.419413293851
35.43814 0.288051606668
35.53091 0.152227582952
35.62368 0.0152833670539
35.71645 -0.119146059795
35.80922 -0.247500249329
35.90199 -0.366683257755
35.99476 -0.474292434687
36.08753 -0.568595753432
36.1803 -0.648315934246
36.27307 -0.712391794339
36.36584 -0.759895231268
36.45861 -0.790181300427
36.55138 -0.803199096135
36.64415 -0.79978139431
36.73692 -0.781726626308
36.82969 -0.75159175106
36.92246 -0.712269345049
37.01523 -0.666537569216
37.108 -0.616779908338
37.20077 -0.564965720954
37.29354 -0.512821823513
37.38631 -0.462003029298
37.47908 -0.414061495202
37.57185 -0.370134822177
37.66462 -0.330461765437
37.75739 -0.293988209124
37.85016 -0.258351090312
37.94293 -0.220393203365
38.0357 -0.177120327697
38.12847 -0.126778551856
38.22124 -0.0696239852887
38.31401 -0.00804286185111
38.40678 0.0540703978769
38.49955 0.112464875964
38.59232 0.16378051884
38.68509 0.206419393706
38.77786 0.240731507666
38.87063 0.26849307732
38.9634 0.291937894198
39.05617 0.31275923715
39.14894 0.331471868428
39.24171 0.347337574729
39.33448 0.358807122315
39.42725 0.364229624808
39.52002 0.362507708369
39.61279 0.353448762412
39.70556 0.337729183722
39.79833 0.316564596425
39.8911 0.29128621838
39.98387 0.263024796683
40.07664 0.232614553156
40.16941 0.200704678902
40.26218 0.167967833829
40.35495 0.13526484058
40.44772 0.103665685084
40.54049 0.074308937638
40.63326 0.0481606651408
40.72603 0.0257747986001
40.8188 0.00714865434175
40.91157 -0.00827682927498
41.00434 -0.0214765428534
41.09711 -0.0336052186939
41.18988 -0.0457276647021
41.28265 -0.0585737194405
41.37542 -0.0723638852743
41.46819 -0.0867380102339
41.56096 -0.100805966536
41.65373 -0.113321775744
41.7465 -0.122957515825
41.83927 -0.128623511829
41.93204 -0.129757187495
42.02481 -0.126497892833
42.11758 -0.119687598455
42.21035 -0.110685092313
42.30312 -0.101039673835
42.39589 -0.0921178528872
42.48866 -0.0847939871701
42.58143 -0.0792948774983
42.6742 -0.0752360091526
42.76697 -0.0718230153615
42.85974 -0.0681402835549
42.95251 -0.0634281271064
43.04528 -0.0572661545668
43.13805 -0.0496240515549
43.23082 -0.0407924865336
43.32359 -0.031245524284
43.41636 -0.0214985402011
43.50913 -0.0120112122993
43.6019 -0.00315403111474
43.69467 0.00477530500424
43.78744 0.0115184544919
43.88021 0.0168389885261
43.97298 0.0205381675772
44.06575 0.0224990065816
44.15852 0.0227363191648
44.25129 0.021425462241
44.34406 0.0188911698631
44.43683 0.015555177925
44.5296 0.0118588739459
44.62237 0.0081870706354
44.71514 0.00481725942848
44.80791 0.00190682984536
44.90068 -0.000485351256152
44.99345 -0.00235949762062
45.08622 -0.00373831328887
45.17899 -0.00464840355469
45.27176 -0.00512301078231
45.36453 -0.0052175205335
45.4573 -0.00502300990242
45.55007 -0.00466519160391
45.64284 -0.00428475664284
45.73561 -0.00400552422498
45.82838 -0.00390362400724
45.92115 -0.00399096651188
46.01392 -0.00421988773939
46.10669 -0.00450659264316
46.19946 -0.00476351095538
46.29223 -0.0049282814744
46.385 -0.00498031198354
46.47777 -0.00498031198354
46.57054 -0.00498031198354
46.66331 -0.00498031198354
46.75608 -0.00498031198354
46.84885 -0.00498031198354
46.94162 -0.00498031198354
47.03439 -0.00498031198354
47.12716 -0.00498031198354
47.21993 -0.00498031198354
47.3127 -0.00498031198354
47.40547 -0.00498031198354
47.49824 -0.00498031198354
47.59101 -0.00498031198354
47.68378 -0.00498031198354
47.77655 -0.00498031198354
47.86932 -0.00498031198354
47.96209 -0.00498031198354
48.05486 -0.00498031198354
48.14763 -0.00498031198354
48.2404 -0.00498031198354
48.33317 -0.00498031198354
48.42594 -0.00498031198354
48.51871 -0.00498031198354
48.61148 -0.00498031198354
48.70425 -0.00498031198354
48.79702 -0.00498031198354
48.88979 -0.00498031198354
48.98256 -0.00498031198354
49.07533 -0.00498031198354
49.1681 -0.00498031198354
49.26087 -0.00498031198354
49.35364 -0.00498031198354
49.44641 -0.00498031198354
49.53918 -0.00498031198354
49.63195 -0.00498031198354
49.72472 -0.00498031198354
49.81749 -0.00498031198354
49.91026 -0.00498031198354
50.00303 -0.00498031198354
50.0958 -0.00498031198354
50.18857 -0.00498031198354
50.28134 -0.00498031198354
50.37411 -0.00498031198354
50.46688 -0.00498031198354
50.55965 -0.00498031198354
50.65242 -0.00498031198354
50.74519 -0.00498031198354
50.83796 -0.00498031198354
50.93073 -0.00498031198354
51.0235 -0.00498031198354
51.11627 -0.00498031198354
51.20904 -0.00498031198354
51.30181 -0.00498031198354
51.39458 -0.00498031198354
51.48735 -0.00498031198354
51.58012 -0.00498031198354
51.67289 -0.00498031198354
51.76566 -0.00498031198354
51.85843 -0.00498031198354
51.9512 -0.00498031198354
52.04397 -0.00498031198354
52.13674 -0.00498031198354
52.22951 -0.00498031198354
52.32228 -0.00498031198354
52.41505 -0.00498031198354
52.50782 -0.00498031198354
52.60059 -0.00498031198354
52.69336 -0.00498031198354
52.78613 -0.00498031198354
52.8789 -0.00498031198354
52.97167 -0.00498031198354
53.06444 -0.00498031198354
53.15721 -0.00498031198354
53.24998 -0.00498031198354
53.34275 -0.00498031198354
53.43552 -0.00498031198354
53.52829 -0.00498031198354
53.62106 -0.00498031198354
53.71383 -0.00498031198354
53.8066 -0.00498031198354
53.89937 -0.00498031198354
53.99214 -0.00498031198354
54.08491 -0.00498031198354
54.17768 -0.00498031198354
54.27045 -0.00498031198354
54.36322 -0.00498031198354
54.45599 -0.00498031198354
54.54876 -0.00498031198354
54.64153 -0.00498031198354
54.7343 -0.00498031198354
54.82707 -0.00498031198354
54.91984 -0.00498031198354
55.01261 -0.00498031198354
55.10538 -0.00498031198354
55.19815 -0.00498031198354
55.29092 -0.00498031198354
55.38369 -0.00498031198354
55.47646 -0.00498031198354
55.56923 -0.00498031198354
55.662 -0.00498031198354
55.75477 -0.00498031198354
55.84754 -0.00498031198354
55.94031 -0.00498031198354
56.03308 -0.00498031198354
56.12585 -0.00498031198354
56.21862 -0.00498031198354
56.31139 -0.00498031198354
56.40416 -0.00498031198354
56.49693 -0.00498031198354
56.5897 -0.00498031198354
56.68247 -0.00498031198354
56.77524 -0.00498031198354
56.86801 -0.00498031198354
56.96078 -0.00498031198354
57.05355 -0.00498031198354
57.14632 -0.00498031198354
57.23909 -0.00498031198354
57.33186 -0.00498031198354
57.42463 -0.00498031198354
57.5174 -0.00498031198354
57.61017 -0.00498031198354
57.70294 -0.00498031198354
57.79571 -0.00498031198354
57.88848 -0.00498031198354
57.98125 -0.00498031198354
58.07402 -0.00498031198354
58.16679 -0.00498031198354
58.25956 -0.00498031198354
58.35233 -0.00498031198354
58.4451 -0.00498031198354
58.53787 -0.00498031198354
58.63064 -0.00498031198354
58.72341 -0.00498031198354
58.81618 -0.00498031198354
58.90895 -0.00498031198354
59.00172 -0.00498031198354
59.09449 -0.00498031198354
59.18726 -0.00498031198354
59.28003 -0.00498031198354
59.3728 -0.00498031198354
59.46557 -0.00498031198354
59.55834 -0.00498031198354
59.65111 -0.00498031198354
59.74388 -0.00498031198354
59.83665 -0.00498031198354
59.92942 -0.00498031198354
60.02219 -0.00498031198354
60.11496 -0.00498031198354
60.20773 -0.00498031198354
60.3005 -0.00498031198354
60.39327 -0.00498031198354
60.48604 -0.00498031198354
60.57881 -0.00498031198354
60.67158 -0.00498031198354
60.76435 -0.00498031198354
60.85712 -0.00498031198354
60.94989 -0.00498031198354
61.04266 -0.00498031198354
61.13543 -0.00498031198354
61.2282 -0.00498031198354
61.32097 -0.00498031198354
61.41374 -0.00498031198354
61.50651 -0.00498031198354
61.59928 -0.00498031198354
61.69205 -0.00498031198354
61.78482 -0.00498031198354
61.87759 -0.00498031198354
61.97036 -0.00498031198354
62.06313 -0.00498031198354
62.1559 -0.00498031198354
62.24867 -0.00498031198354
62.34144 -0.00498031198354
62.43421 -0.00498031198354
62.52698 -0.00498031198354
62.61975 -0.00498031198354
62.71252 -0.00498031198354
62.80529 -0.00498031198354
62.89806 -0.00498031198354
62.99083 -0.00498031198354
63.0836 -0.00498031198354
63.17637 -0.00498031198354
63.26914 -0.00498031198354
63.36191 -0.00498031198354
63.45468 -0.00498031198354
63.54745 -0.00498031198354
63.64022 -0.00498031198354
63.73299 -0.00498031198354
63.82576 -0.00498031198354
63.91853 -0.00498031198354
64.0113 -0.00498031198354
64.10407 -0.00498031198354
64.19684 -0.00498031198354
64.28961 -0.00498031198354
64.38238 -0.00498031198354
64.47515 -0.00498031198354
64.56792 -0.00498031198354
64.66069 -0.00498031198354
64.75346 -0.00498031198354
64.84623 -0.00498031198354
64.939 -0.00498031198354
65.03177 -0.00498031198354
65.12454 -0.00498031198354
65.21731 -0.00498031198354
65.31008 -0.00498031198354
65.40285 -0.00498031198354
65.49562 -0.00498031198354
65.58839 -0.00498031198354
65.68116 -0.00498031198354
65.77393 -0.00498031198354
65.8667 -0.00498031198354
65.95947 -0.00498031198354
66.05224 -0.00498031198354
66.14501 -0.00498031198354
66.23778 -0.00498031198354
66.33055 -0.00498031198354
66.42332 -0.00498031198354
66.51609 -0.00498031198354
66.60886 -0.00498031198354
66.70163 -0.00498031198354
66.7944 -0.00498031198354
66.88717 -0.00498031198354
66.97994 -0.00498031198354
67.07271 -0.00498031198354
67.16548 -0.00498031198354
67.25825 -0.00498031198354
67.35102 -0.00498031198354
67.44379 -0.00498031198354
67.53656 -0.00498031198354
67.62933 -0.00498031198354
67.7221 -0.00498031198354
67.81487 -0.00498031198354
67.90764 -0.00498031198354
68.00041 -0.00498031198354
68.09318 -0.00498031198354
68.18595 -0.00498031198354
68.27872 -0.00498031198354
68.37149 -0.00498031198354
68.46426 -0.00498031198354
68.55703 -0.00498031198354
68.6498 -0.00498031198354
68.74257 -0.00498031198354
68.83534 -0.00498031198354
68.92811 -0.00498031198354
69.02088 -0.00498031198354
69.11365 -0.00498031198354
69.20642 -0.00498031198354
69.29919 -0.00498031198354
69.39196 -0.00498031198354
69.48473 -0.00498031198354
69.5775 -0.00498031198354
69.67027 -0.00498031198354
69.76304 -0.00498031198354
69.85581 -0.00498031198354
69.94858 -0.00498031198354
70.04135 -0.00498031198354
70.13412 -0.00498031198354
70.22689 -0.00498031198354
70.31966 -0.00498031198354
70.41243 -0.00498031198354
70.5052 -0.00498031198354
70.59797 -0.00498031198354
70.69074 -0.00498031198354
70.78351 -0.00498031198354
70.87628 -0.00498031198354
70.96905 -0.00498031198354
71.06182 -0.00498031198354
71.15459 -0.00498031198354
71.24736 -0.00498031198354
71.34013 -0.00498031198354
71.4329 -0.00498031198354
71.52567 -0.00498031198354
71.61844 -0.00498031198354
71.71121 -0.00498031198354
71.80398 -0.00498031198354
71.89675 -0.00498031198354
71.98952 -0.00498031198354
72.08229 -0.00498031198354
72.17506 -0.00498031198354
72.26783 -0.00498031198354
72.3606 -0.00498031198354
72.45337 -0.00498031198354
72.54614 -0.00498031198354
72.63891 -0.00498031198354
72.73168 -0.00498031198354
72.82445 -0.00498031198354
72.91722 -0.00498031198354
73.00999 -0.00498031198354
73.10276 -0.00498031198354
73.19553 -0.00498031198354
73.2883 -0.00498031198354
73.38107 -0.00498031198354
73.47384 -0.00498031198354
73.56661 -0.00498031198354
73.65938 -0.00498031198354
73.75215 -0.00498031198354
73.84492 -0.00498031198354
73.93769 -0.00498031198354
74.03046 -0.00498031198354
74.12323 -0.00498031198354
74.216 -0.00498031198354
74.30877 -0.00498031198354
74.40154 -0.00498031198354
74.49431 -0.00498031198354
74.58708 -0.00498031198354
74.67985 -0.00498031198354
74.77262 -0.00498031198354
74.86539 -0.00498031198354
74.95816 -0.00498031198354
75.05093 -0.00498031198354
75.1437 -0.00498031198354
75.23647 -0.00498031198354
75.32924 -0.00498031198354
75.42201 -0.00498031198354
75.51478 -0.00498031198354
75.60755 -0.00498031198354
75.70032 -0.00498031198354
75.79309 -0.00498031198354
75.88586 -0.00498031198354
75.97863 -0.00498031198354
76.0714 -0.00498031198354
76.16417 -0.00498031198354
76.25694 -0.00498031198354
76.34971 -0.00498031198354
76.44248 -0.00498031198354
76.53525 -0.00498031198354
76.62802 -0.00498031198354
76.72079 -0.00498031198354
76.81356 -0.00498031198354
76.90633 -0.00498031198354
76.9991 -0.00498031198354
77.09187 -0.00498031198354
77.18464 -0.00498031198354
77.27741 -0.00498031198354
77.37018 -0.00498031198354
77.46295 -0.00498031198354
77.55572 -0.00498031198354
77.64849 -0.00498031198354
77.74126 -0.00498031198354
77.83403 -0.00498031198354
77.9268 -0.00498031198354
78.01957 -0.00498031198354
78.11234 -0.00498031198354
78.20511 -0.00498031198354
78.29788 -0.00498031198354
78.39065 -0.00498031198354
78.48342 -0.00498031198354
78.57619 -0.00498031198354
78.66896 -0.00498031198354
78.76173 -0.00498031198354
78.8545 -0.00498031198354
78.94727 -0.00498031198354
79.04004 -0.00498031198354
79.13281 -0.00498031198354
79.22558 -0.00498031198354
79.31835 -0.00498031198354
79.41112 -0.00498031198354
79.50389 -0.00498031198354
79.59666 -0.00498031198354
79.68943 -0.00498031198354
79.7822 -0.00498031198354
79.87497 -0.00498031198354
79.96774 -0.00498031198354
80.06051 -0.00498031198354
80.15328 -0.00498031198354
80.24605 -0.00498031198354
80.33882 -0.00498031198354
80.43159 -0.00498031198354
80.52436 -0.00498031198354
80.61713 -0.00498031198354
80.7099 -0.00498031198354
80.80267 -0.00498031198354
80.89544 -0.00498031198354
80.98821 -0.00498031198354
81.08098 -0.00498031198354
81.17375 -0.00498031198354
81.26652 -0.00498031198354
81.35929 -0.00498031198354
81.45206 -0.00498031198354
81.54483 -0.00498031198354
81.6376 -0.00498031198354
81.73037 -0.00498031198354
81.82314 -0.00498031198354
81.91591 -0.00498031198354
82.00868 -0.00498031198354
82.10145 -0.00498031198354
82.19422 -0.00498031198354
82.28699 -0.00498031198354
82.37976 -0.00498031198354
82.47253 -0.00498031198354
82.5653 -0.00498031198354
82.65807 -0.00498031198354
82.75084 -0.00498031198354
82.84361 -0.00498031198354
82.93638 -0.00498031198354
83.02915 -0.00498031198354
83.12192 -0.00498031198354
83.21469 -0.00498031198354
83.30746 -0.00498031198354
83.40023 -0.00498031198354
83.493 -0.00498031198354
83.58577 -0.00498031198354
83.67854 -0.00498031198354
83.77131 -0.00498031198354
83.86408 -0.00498031198354
83.95685 -0.00498031198354
84.04962 -0.00498031198354
84.14239 -0.00498031198354
84.23516 -0.00498031198354
84.32793 -0.00498031198354
84.4207 -0.00498031198354
84.51347 -0.00498031198354
84.60624 -0.00498031198354
84.69901 -0.00498031198354
84.79178 -0.00498031198354
84.88455 -0.00498031198354
84.97732 -0.00498031198354
85.07009 -0.00498031198354
85.16286 -0.00498031198354
85.25563 -0.00498031198354
85.3484 -0.00498031198354
85.44117 -0.00498031198354
85.53394 -0.00498031198354
85.62671 -0.00498031198354
85.71948 -0.00498031198354
85.81225 -0.00498031198354
85.90502 -0.00498031198354
85.99779 -0.00498031198354
86.09056 -0.00498031198354
86.18333 -0.00498031198354
86.2761 -0.00498031198354
86.36887 -0.00498031198354
86.46164 -0.00498031198354
86.55441 -0.00498031198354
86.64718 -0.00498031198354
86.73995 -0.00498031198354
86.83272 -0.00498031198354
86.92549 -0.00498031198354
87.01826 -0.00498031198354
87.11103 -0.00498031198354
87.2038 -0.00498031198354
87.29657 -0.00498031198354
87.38934 -0.00498031198354
87.48211 -0.00498031198354
87.57488 -0.00498031198354
87.66765 -0.00498031198354
87.76042 -0.00498031198354
87.85319 -0.00498031198354
87.94596 -0.00498031198354
88.03873 -0.00498031198354
88.1315 -0.00498031198354
88.22427 -0.00498031198354
88.31704 -0.00498031198354
88.40981 -0.00498031198354
88.50258 -0.00498031198354
88.59535 -0.00498031198354
88.68812 -0.00498031198354
88.78089 -0.00498031198354
88.87366 -0.00498031198354
88.96643 -0.00498031198354
89.0592 -0.00498031198354
89.15197 -0.00498031198354
89.24474 -0.00498031198354
89.33751 -0.00498031198354
89.43028 -0.00498031198354
89.52305 -0.00498031198354
89.61582 -0.00498031198354
89.70859 -0.00498031198354
89.80136 -0.00498031198354
89.89413 -0.00498031198354
89.9869 -0.00498031198354
90.07967 -0.00498031198354
90.17244 -0.00498031198354
90.26521 -0.00498031198354
90.35798 -0.00498031198354
90.45075 -0.00498031198354
90.54352 -0.00498031198354
90.63629 -0.00498031198354
90.72906 -0.00498031198354
90.82183 -0.00498031198354
90.9146 -0.00498031198354
91.00737 -0.00498031198354
91.10014 -0.00498031198354
91.19291 -0.00498031198354
91.28568 -0.00498031198354
91.37845 -0.00498031198354
91.47122 -0.00498031198354
91.56399 -0.00498031198354
91.65676 -0.00498031198354
91.74953 -0.00498031198354
91.8423 -0.00498031198354
91.93507 -0.00498031198354
92.02784 -0.00498031198354
92.12061 -0.00498031198354
92.21338 -0.00498031198354
92.30615 -0.00498031198354
92.39892 -0.00498031198354
92.49169 -0.00498031198354
92.58446 -0.00498031198354
92.67723 -0.00498031198354
92.77 -0.00498031198354
92.86277 -0.00498031198354
92.95554 -0.00498031198354
93.04831 -0.00498031198354
93.14108 -0.00498031198354
93.23385 -0.00498031198354
93.32662 -0.00498031198354
93.41939 -0.00498031198354
93.51216 -0.00498031198354
93.60493 -0.00498031198354
93.6977 -0.00498031198354
93.79047 -0.00498031198354
93.88324 -0.00498031198354
93.97601 -0.00498031198354
94.06878 -0.00498031198354
94.16155 -0.00498031198354
94.25432 -0.00498031198354
94.34709 -0.00498031198354
94.43986 -0.00498031198354
94.53263 -0.00498031198354
94.6254 -0.00498031198354
94.71817 -0.00498031198354
94.81094 -0.00498031198354
94.90371 -0.00498031198354
