0.0 -0.0951026367887
0.09578 0.254778223739
0.19156 0.589734488325
0.28734 0.851377586162
0.38312 0.998117108559
0.4789 1.01971156425
0.57468 0.938219745006
0.67046 0.795686802475
0.76624 0.634673606675
0.86202 0.48035473027
0.9578 0.332715865811
1.05358 0.172597447961
1.14936 -0.0219486207179
1.24514 -0.256962138705
1.34092 -0.510660898782
1.4367 -0.735468839979
1.53248 -0.874657876263
1.62826 -0.885558735427
1.72404 -0.754743273429
1.81982 -0.495742930082
1.9156 -0.135762415944
2.01138 0.294311744467
2.10716 0.758889437116
2.20294 1.20686567406
2.29872 1.55656995387
2.3945 1.68768799419
2.49028 1.45611729515
2.58606 0.738886995206
2.68184 -0.503407933816
2.77762 -2.17249263549
2.8734 -4.0098596218
2.96918 -5.61870483881
3.06496 -6.53363382961
3.16074 -6.33126421792
3.25652 -4.76255106795
3.3523 -1.8705404646
3.44808 1.95660708165
3.54386 6.03670131261
3.63964 9.54786389443
3.73542 11.7397254078
3.8312 12.1317026304
3.92698 10.6348914733
4.02276 7.56200157616
4.11854 3.52688843306
4.21432 -0.73060315095
4.3101 -4.53696674586
4.40588 -7.43398779833
4.50166 -9.24165870575
4.59744 -10.0255054719
4.69322 -9.99491971366
4.789 -9.38203043948
4.88478 -8.3508068451
4.98056 -6.96694545992
5.07634 -5.22969928
5.17212 -3.13875183854
5.2679 -0.756240582228
5.36368 1.76750500679
5.45946 4.21344043056
5.55524 6.34531532983
5.65102 7.96842114213
5.7468 8.97149082265
5.84258 9.33763706636
5.93836 9.12404266785
6.03414 8.42262324049
6.12992 7.32107882127
6.2257 5.88226268202
6.32148 4.14991875215
6.41726 2.17516704168
6.51304 0.0473073720712
6.60882 -2.09015972351
6.7046 -4.05090608193
6.80038 -5.64399056769
6.89616 -6.72463914194
6.99194 -7.23631233319
7.08772 -7.22588768509
7.1835 -6.82511111926
7.27928 -6.20521704504
7.37506 -5.52165533906
7.47084 -4.86894742738
7.56662 -4.26115953427
7.6624 -3.64346129138
7.75818 -2.9285528685
7.85396 -2.04236936421
7.94974 -0.960508819991
8.04552 0.278316105736
8.1413 1.58510769656
8.23708 2.85154811243
8.33286 3.9838949748
8.42864 4.92517815959
8.52442 5.65819044626
8.6202 6.1912002453
8.71598 6.53563219852
8.81176 6.68741611411
8.90754 6.62066625526
9.00332 6.29582454292
9.0991 5.67781914157
9.19488 4.75584887286
9.29066 3.55627340041
9.38644 2.14347185151
9.48222 0.609005118206
9.578 -0.945641412259
9.67378 -2.42556203383
9.76956 -3.75264884584
9.86534 -4.86807609813
9.96112 -5.72992913722
10.0569 -6.31075488553
10.15268 -6.5982311903
10.24846 -6.59851744365
10.34424 -6.33879890367
10.44002 -5.86510128676
10.5358 -5.23376666064
10.63158 -4.49855900289
10.72736 -3.6983150533
10.82314 -2.85071551606
10.91892 -1.95544452479
11.0147 -1.0056838607
11.11048 -0.00277719333114
11.20626 1.03274712711
11.30204 2.05893103645
11.39782 3.01997834317
11.4936 3.86022522406
11.58938 4.53815321352
11.68516 5.03432633085
11.78094 5.35042925388
11.87672 5.50110609196
11.9725 5.50350936654
12.06828 5.36978569524
12.16406 5.10534502496
12.25984 4.71227999453
12.35562 4.19466503878
12.4514 3.56201385647
12.54718 2.82897912215
12.64296 2.01221662585
12.73874 1.12740544463
12.83452 0.189404978194
12.9303 -0.783561694848
13.02608 -1.76373174046
13.12186 -2.70965896502
13.21764 -3.56786987174
13.31342 -4.28148791404
13.4092 -4.80333220103
13.50498 -5.10826211051
13.60076 -5.19931199827
13.69654 -5.10470781589
13.79232 -4.86695775182
13.8881 -4.52878311614
13.98388 -4.12189205877
14.07966 -3.66291122614
14.17544 -3.15710194088
14.27122 -2.60672451043
14.367 -2.01897626314
14.46278 -1.40921270124
14.55856 -0.79811007877
14.65434 -0.204868439822
14.75012 0.359353715364
14.8459 0.893878009561
14.94168 1.40532830558
15.03746 1.90047459481
15.13324 2.37888295411
15.22902 2.82922013831
15.3248 3.23110203776
15.42058 3.56151544381
15.51636 3.80261446017
15.61214 3.94720215829
15.70792 3.99957898413
15.8037 3.97182205069
15.89948 3.87765779822
15.99526 3.72688808139
16.09104 3.52260152722
16.18682 3.26174799017
16.2826 2.93807520152
16.37838 2.54572163389
16.47416 2.0821003384
16.56994 1.54962822154
16.66572 0.956619490857
16.7615 0.317770390062
16.85728 -0.345838830889
16.95306 -1.00788124529
17.04884 -1.63975942068
17.14462 -2.21536767782
17.2404 -2.71637521766
17.33618 -3.13585636764
17.43196 -3.4782176344
17.52774 -3.75472903324
17.62352 -3.97602850105
17.7193 -4.14469283278
17.81508 -4.25135864194
17.91086 -4.27655362941
18.00664 -4.19787145116
18.10242 -3.99958101761
18.1982 -3.68047612282
18.29398 -3.25643460708
18.38976 -2.75649706403
18.48554 -2.21418015195
18.58132 -1.65781317648
18.6771 -1.1039574768
18.77288 -0.556370585067
18.86866 -0.0103582035707
18.96444 0.539983221964
19.06022 1.09511157101
19.156 1.64673677758
19.25178 2.17875186281
19.34756 2.67126671696
19.44334 3.10546147397
19.53912 3.46710977572
19.6349 3.74775360303
19.73068 3.94387756341
19.82646 4.05526641936
19.92224 4.08369056362
20.01802 4.03236503233
20.1138 3.90584429381
20.20958 3.7096919618
20.30536 3.44957683744
20.40114 3.13011582905
20.49692 2.75428513771
20.5927 2.32413878939
20.68848 1.84288401761
20.78426 1.31746218702
20.88004 0.760248884322
20.97582 0.188714331702
21.0716 -0.377169754934
21.16738 -0.918815565233
21.26316 -1.42249094919
21.35894 -1.88080833388
21.45472 -2.29164617935
21.5505 -2.65523270548
21.64628 -2.97104390263
21.74206 -3.23617896637
21.83784 -3.44596111561
21.93362 -3.59617987253
22.0294 -3.68539928326
22.12518 -3.71568552612
22.22096 -3.69102688742
22.31674 -3.61413563751
22.41252 -3.48343985881
22.5083 -3.2922334984
22.60408 -3.03100026545
22.69986 -2.6923126572
22.79564 -2.27626009012
22.89142 -1.79385140477
22.9872 -1.26657360892
23.08298 -0.721948464636
23.17876 -0.186723547805
23.27454 0.319589795758
23.37032 0.788260747918
23.4661 1.22066442044
23.56188 1.62387629127
23.65766 2.00451923362
23.75344 2.36342256794
23.84922 2.69313873176
23.945 2.97907711506
24.04078 3.20356513102
24.13656 3.35113106047
24.23234 3.41305443999
24.32812 3.38972136696
24.4239 3.29024732979
24.51968 3.12978371314
24.61546 2.9255815602
24.71124 2.69310157633
24.80702 2.44326184915
24.9028 2.18144058783
24.99858 1.90826844875
25.09436 1.62170937039
25.19014 1.31957097716
25.28592 1.00150464439
25.3817 0.669794567953
25.47748 0.328743834733
25.57326 -0.0169220719448
25.66904 -0.36374459876
25.76482 -0.710330482941
25.8606 -1.05665161478
25.95638 -1.40196356308
26.05216 -1.74221638004
26.14794 -2.06824240626
26.24372 -2.36582366845
26.3395 -2.61799337169
26.43528 -2.80892903908
26.53106 -2.9280171406
26.62684 -2.97249973284
26.72262 -2.94766010944
26.8184 -2.86452711446
26.91418 -2.73610222263
27.00996 -2.5736653395
27.10574 -2.38455529132
27.20152 -2.17205805162
27.2973 -1.9370609498
27.39308 -1.68041184094
27.48886 -1.40476816378
27.58464 -1.11514339065
27.68042 -0.818090444424
27.7762 -0.520116196745
27.87198 -0.226196064921
27.96776 0.0609233142496
28.06354 0.340423181447
28.15932 0.612396384161
28.2551 0.876664939133
28.35088 1.13193671209
28.44666 1.37554296
28.54244 1.60369838858
28.63822 1.81204486653
28.734 1.99622641903
28.82978 2.15220197925
28.92556 2.27659953039
29.02134 2.36691910855
29.11712 2.42123189259
29.2129 2.43779995801
29.30868 2.41466302315
29.40446 2.34949219302
29.50024 2.24004596644
29.59602 2.08537869218
29.6918 1.88755125986
29.78758 1.65314810541
29.88336 1.39368555226
29.97914 1.12422499672
30.07492 0.860191949202
30.1707 0.613289775641
30.26648 0.388050139905
30.36226 0.180586168218
30.45804 -0.0196158856326
30.55382 -0.225262286951
30.6496 -0.445760236819
30.74538 -0.682823612908
30.84116 -0.928961935208
30.93694 -1.1694567029
31.03272 -1.3869613188
31.1285 -1.56678660902
31.22428 -1.70075049577
31.32006 -1.78824259762
31.41584 -1.83448362506
31.51162 -1.84718742458
31.6074 -1.833378134
31.70318 -1.79776055215
31.79896 -1.7430358209
31.89474 -1.67146166422
31.99052 -1.58635300569
32.0863 -1.49239098014
32.18208 -1.3944144801
32.27786 -1.29533324841
32.37364 -1.19438507697
32.46942 -1.08684972772
32.5652 -0.965602970211
32.66098 -0.823950213357
32.75676 -0.658524412709
32.85254 -0.470997103052
32.94832 -0.267925024446
33.0441 -0.05891484202
33.13988 0.146010249519
33.23566 0.338740643505
33.33144 0.514318194351
33.42722 0.670907707666
33.523 0.808894560394
33.61878 0.929747231631
33.71456 1.03515152356
33.81034 1.12657106498
33.90612 1.20507048945
34.0019 1.27114278387
34.09768 1.32442999822
34.19346 1.36347308621
34.28924 1.38577128929
34.38502 1.3883504092
34.4808 1.3687653049
34.57658 1.32616302397
34.67236 1.26190644408
34.76814 1.17940635533
34.86392 1.08317260989
34.9597 0.977480757175
35.05548 0.86524618695
35.15126 0.747592148125
35.24704 0.624247191133
35.34282 0.494502896919
35.4386 0.358221097982
35.53438 0.216420908668
35.63016 0.0712578378874
35.72594 -0.0744436769564
35.82172 -0.217727830103
35.9175 -0.355769404287
36.01328 -0.485753998032
36.10906 -0.604561342689
36.20484 -0.708598684887
36.30062 -0.794067953118
36.3964 -0.857701414608
36.49218 -0.897712835
36.58796 -0.914549851634
36.68374 -0.911086624315
36.77952 -0.892130048919
36.8753 -0.863399021605
36.97108 -0.830328821625
37.06686 -0.797070230315
37.16264 -0.765915304413
37.25842 -0.737185738696
37.3542 -0.709474507613
37.44998 -0.680093982897
37.54576 -0.645633838046
37.64154 -0.602597621769
37.73732 -0.54809926648
37.8331 -0.480543446152
37.92888 -0.400132866723
38.02466 -0.309017250607
38.12044 -0.210973935607
38.21622 -0.110674125149
38.312 -0.0127630015508
38.40778 0.0789329707061
38.50356 0.161820238621
38.59934 0.234508325514
38.69512 0.296482556804
38.7909 0.347746382791
38.88668 0.388660092412
38.98246 0.420025629692
39.07824 0.443260224896
39.17402 0.460394404696
39.2698 0.473698440425
39.36558 0.484958948963
39.46136 0.494675405519
39.55714 0.501578185896
39.65292 0.50279426674
39.7487 0.494722740832
39.84448 0.474353190318
39.94026 0.440530145728
40.03604 0.394655412294
40.13182 0.34053823713
40.2276 0.283449358789
40.32338 0.228747470755
40.41916 0.180586385185
40.51494 0.141128261444
40.61072 0.110440281386
40.7065 0.0869678059909
40.80228 0.0682873059758
40.89806 0.0518167736864
40.99384 0.0352812676884
41.08962 0.016910253365
41.1854 -0.00452034060708
41.28118 -0.0296577389319
41.37696 -0.0584808401644
41.47274 -0.0901870040394
41.56852 -0.12317306246
41.6643 -0.155218730933
41.76008 -0.183892637041
41.85586 -0.207083982449
41.95164 -0.223482743336
42.04742 -0.232832833899
42.1432 -0.235866162923
42.23898 -0.233950066851
42.33476 -0.228587953808
42.43054 -0.220957644494
42.52632 -0.211641016708
42.6221 -0.200613233075
42.71788 -0.187460255716
42.81366 -0.171718366994
42.90944 -0.153201339042
43.00522 -0.132201219675
43.101 -0.10950316303
43.19678 -0.0862220955522
43.29256 -0.0635283955495
43.38834 -0.042364745136
43.48412 -0.0232570595835
43.5799 -0.00628776438504
43.67568 0.00876084220543
43.77146 0.0221520645991
43.86724 0.0339357037971
43.96302 0.0437984592194
44.0588 0.0510983290087
44.15458 0.0550835749861
44.25036 0.0552178836901
44.34614 0.0514834122816
44.44192 0.044535654532
44.5377 0.0356393373092
44.63348 0.0263999315502
44.72926 0.0183841702931
44.82504 0.0127617267962
44.92082 0.0100841183298
45.0166 0.0102562095231
45.11238 0.0126798047713
45.20816 0.0164914247932
45.30394 0.0207992951465
45.39972 0.0248486746741
45.4955 0.0280917713869
45.59128 0.0301827652562
45.68706 0.0309401551712
45.78284 0.0303131089666
45.87862 0.0283659335671
45.9744 0.0252721981834
46.07018 0.0213006986171
46.16596 0.0167820868738
46.26174 0.0120601122898
46.35752 0.00744348678313
46.4533 0.00317547057875
46.54908 -0.000571535290185
46.64486 -0.00368275521878
46.74064 -0.00608418460058
46.83642 -0.00773583785142
46.9322 -0.00863917691382
47.02798 -0.00885138342751
47.12376 -0.00849307711626
47.21954 -0.00773873626025
47.31532 -0.00678839329046
47.4111 -0.00582939965817
47.50688 -0.00500238770164
47.60266 -0.00438346792768
47.69844 -0.0039869496377
47.79422 -0.00378400051364
47.89 -0.00372712730124
47.98578 -0.00372712730124
48.08156 -0.00372712730124
48.17734 -0.00372712730124
48.27312 -0.00372712730124
48.3689 -0.00372712730124
48.46468 -0.00372712730124
48.56046 -0.00372712730124
48.65624 -0.00372712730124
48.75202 -0.00372712730124
48.8478 -0.00372712730124
48.94358 -0.00372712730124
49.03936 -0.00372712730124
49.13514 -0.00372712730124
49.23092 -0.00372712730124
49.3267 -0.00372712730124
49.42248 -0.00372712730124
49.51826 -0.00372712730124
49.61404 -0.00372712730124
49.70982 -0.00372712730124
49.8056 -0.00372712730124
49.90138 -0.00372712730124
49.99716 -0.00372712730124
50.09294 -0.00372712730124
50.18872 -0.00372712730124
50.2845 -0.00372712730124
50.38028 -0.00372712730124
50.47606 -0.00372712730124
50.57184 -0.00372712730124
50.66762 -0.00372712730124
50.7634 -0.00372712730124
50.85918 -0.00372712730124
50.95496 -0.00372712730124
51.05074 -0.00372712730124
51.14652 -0.00372712730124
51.2423 -0.00372712730124
51.33808 -0.00372712730124
51.43386 -0.00372712730124
51.52964 -0.00372712730124
51.62542 -0.00372712730124
51.7212 -0.00372712730124
51.81698 -0.00372712730124
51.91276 -0.00372712730124
52.00854 -0.00372712730124
52.10432 -0.00372712730124
52.2001 -0.00372712730124
52.29588 -0.00372712730124
52.39166 -0.00372712730124
52.48744 -0.00372712730124
52.58322 -0.00372712730124
52.679 -0.00372712730124
52.77478 -0.00372712730124
52.87056 -0.00372712730124
52.96634 -0.00372712730124
53.06212 -0.00372712730124
53.1579 -0.00372712730124
53.25368 -0.00372712730124
53.34946 -0.00372712730124
53.44524 -0.00372712730124
53.54102 -0.00372712730124
53.6368 -0.00372712730124
53.73258 -0.00372712730124
53.82836 -0.00372712730124
53.92414 -0.00372712730124
54.01992 -0.00372712730124
54.1157 -0.00372712730124
54.21148 -0.00372712730124
54.30726 -0.00372712730124
54.40304 -0.00372712730124
54.49882 -0.00372712730124
54.5946 -0.00372712730124
54.69038 -0.00372712730124
54.78616 -0.00372712730124
54.88194 -0.00372712730124
54.97772 -0.00372712730124
55.0735 -0.00372712730124
55.16928 -0.00372712730124
55.26506 -0.00372712730124
55.36084 -0.00372712730124
55.45662 -0.00372712730124
55.5524 -0.00372712730124
55.64818 -0.00372712730124
55.74396 -0.00372712730124
55.83974 -0.00372712730124
55.93552 -0.00372712730124
56.0313 -0.00372712730124
56.12708 -0.00372712730124
56.22286 -0.00372712730124
56.31864 -0.00372712730124
56.41442 -0.00372712730124
56.5102 -0.00372712730124
56.60598 -0.00372712730124
56.70176 -0.00372712730124
56.79754 -0.00372712730124
56.89332 -0.00372712730124
56.9891 -0.00372712730124
57.08488 -0.00372712730124
57.18066 -0.00372712730124
57.27644 -0.00372712730124
57.37222 -0.00372712730124
57.468 -0.00372712730124
57.56378 -0.00372712730124
57.65956 -0.00372712730124
57.75534 -0.00372712730124
57.85112 -0.00372712730124
57.9469 -0.00372712730124
58.04268 -0.00372712730124
58.13846 -0.00372712730124
58.23424 -0.00372712730124
58.33002 -0.00372712730124
58.4258 -0.00372712730124
58.52158 -0.00372712730124
58.61736 -0.00372712730124
58.71314 -0.00372712730124
58.80892 -0.00372712730124
58.9047 -0.00372712730124
59.00048 -0.00372712730124
59.09626 -0.00372712730124
59.19204 -0.00372712730124
59.28782 -0.00372712730124
59.3836 -0.00372712730124
59.47938 -0.00372712730124
59.57516 -0.00372712730124
59.67094 -0.00372712730124
59.76672 -0.00372712730124
59.8625 -0.00372712730124
59.95828 -0.00372712730124
60.05406 -0.00372712730124
60.14984 -0.00372712730124
60.24562 -0.00372712730124
60.3414 -0.00372712730124
60.43718 -0.00372712730124
60.53296 -0.00372712730124
60.62874 -0.00372712730124
60.72452 -0.00372712730124
60.8203 -0.00372712730124
60.91608 -0.00372712730124
61.01186 -0.00372712730124
61.10764 -0.00372712730124
61.20342 -0.00372712730124
61.2992 -0.00372712730124
61.39498 -0.00372712730124
61.49076 -0.00372712730124
61.58654 -0.00372712730124
61.68232 -0.00372712730124
61.7781 -0.00372712730124
61.87388 -0.00372712730124
61.96966 -0.00372712730124
62.06544 -0.00372712730124
62.16122 -0.00372712730124
62.257 -0.00372712730124
62.35278 -0.00372712730124
62.44856 -0.00372712730124
62.54434 -0.00372712730124
62.64012 -0.00372712730124
62.7359 -0.00372712730124
62.83168 -0.00372712730124
62.92746 -0.00372712730124
63.02324 -0.00372712730124
63.11902 -0.00372712730124
63.2148 -0.00372712730124
63.31058 -0.00372712730124
63.40636 -0.00372712730124
63.50214 -0.00372712730124
63.59792 -0.00372712730124
63.6937 -0.00372712730124
63.78948 -0.00372712730124
63.88526 -0.00372712730124
63.98104 -0.00372712730124
64.07682 -0.00372712730124
64.1726 -0.00372712730124
64.26838 -0.00372712730124
64.36416 -0.00372712730124
64.45994 -0.00372712730124
64.55572 -0.00372712730124
64.6515 -0.00372712730124
64.74728 -0.00372712730124
64.84306 -0.00372712730124
64.93884 -0.00372712730124
65.03462 -0.00372712730124
65.1304 -0.00372712730124
65.22618 -0.00372712730124
65.32196 -0.00372712730124
65.41774 -0.00372712730124
65.51352 -0.00372712730124
65.6093 -0.00372712730124
65.70508 -0.00372712730124
65.80086 -0.00372712730124
65.89664 -0.00372712730124
65.99242 -0.00372712730124
66.0882 -0.00372712730124
66.18398 -0.00372712730124
66.27976 -0.00372712730124
66.37554 -0.00372712730124
66.47132 -0.00372712730124
66.5671 -0.00372712730124
66.66288 -0.00372712730124
66.75866 -0.00372712730124
66.85444 -0.00372712730124
66.95022 -0.00372712730124
67.046 -0.00372712730124
67.14178 -0.00372712730124
67.23756 -0.00372712730124
67.33334 -0.00372712730124
67.42912 -0.00372712730124
67.5249 -0.00372712730124
67.62068 -0.00372712730124
67.71646 -0.00372712730124
67.81224 -0.00372712730124
67.90802 -0.00372712730124
68.0038 -0.00372712730124
68.09958 -0.00372712730124
68.19536 -0.00372712730124
68.29114 -0.00372712730124
68.38692 -0.00372712730124
68.4827 -0.00372712730124
68.57848 -0.00372712730124
68.67426 -0.00372712730124
68.77004 -0.00372712730124
68.86582 -0.00372712730124
68.9616 -0.00372712730124
69.05738 -0.00372712730124
69.15316 -0.00372712730124
69.24894 -0.00372712730124
69.34472 -0.00372712730124
69.4405 -0.00372712730124
69.53628 -0.00372712730124
69.63206 -0.00372712730124
69.72784 -0.00372712730124
69.82362 -0.00372712730124
69.9194 -0.00372712730124
70.01518 -0.00372712730124
70.11096 -0.00372712730124
70.20674 -0.00372712730124
70.30252 -0.00372712730124
70.3983 -0.00372712730124
70.49408 -0.00372712730124
70.58986 -0.00372712730124
70.68564 -0.00372712730124
70.78142 -0.00372712730124
70.8772 -0.00372712730124
70.97298 -0.00372712730124
71.06876 -0.00372712730124
71.16454 -0.00372712730124
71.26032 -0.00372712730124
71.3561 -0.00372712730124
71.45188 -0.00372712730124
71.54766 -0.00372712730124
71.64344 -0.00372712730124
71.73922 -0.00372712730124
71.835 -0.00372712730124
71.93078 -0.00372712730124
72.02656 -0.00372712730124
72.12234 -0.00372712730124
72.21812 -0.00372712730124
72.3139 -0.00372712730124
72.40968 -0.00372712730124
72.50546 -0.00372712730124
72.60124 -0.00372712730124
72.69702 -0.00372712730124
72.7928 -0.00372712730124
72.88858 -0.00372712730124
72.98436 -0.00372712730124
73.08014 -0.00372712730124
73.17592 -0.00372712730124
73.2717 -0.00372712730124
73.36748 -0.00372712730124
73.46326 -0.00372712730124
73.55904 -0.00372712730124
73.65482 -0.00372712730124
73.7506 -0.00372712730124
73.84638 -0.00372712730124
73.94216 -0.00372712730124
74.03794 -0.00372712730124
74.13372 -0.00372712730124
74.2295 -0.00372712730124
74.32528 -0.00372712730124
74.42106 -0.00372712730124
74.51684 -0.00372712730124
74.61262 -0.00372712730124
74.7084 -0.00372712730124
74.80418 -0.00372712730124
74.89996 -0.00372712730124
74.99574 -0.00372712730124
75.09152 -0.00372712730124
75.1873 -0.00372712730124
75.28308 -0.00372712730124
75.37886 -0.00372712730124
75.47464 -0.00372712730124
75.57042 -0.00372712730124
75.6662 -0.00372712730124
75.76198 -0.00372712730124
75.85776 -0.00372712730124
75.95354 -0.00372712730124
76.04932 -0.00372712730124
76.1451 -0.00372712730124
76.24088 -0.00372712730124
76.33666 -0.00372712730124
76.43244 -0.00372712730124
76.52822 -0.00372712730124
76.624 -0.00372712730124
76.71978 -0.00372712730124
76.81556 -0.00372712730124
76.91134 -0.00372712730124
77.00712 -0.00372712730124
77.1029 -0.00372712730124
77.19868 -0.00372712730124
77.29446 -0.00372712730124
77.39024 -0.00372712730124
77.48602 -0.00372712730124
77.5818 -0.00372712730124
77.67758 -0.00372712730124
77.77336 -0.00372712730124
77.86914 -0.00372712730124
77.96492 -0.00372712730124
78.0607 -0.00372712730124
78.15648 -0.00372712730124
78.25226 -0.00372712730124
78.34804 -0.00372712730124
78.44382 -0.00372712730124
78.5396 -0.00372712730124
78.63538 -0.00372712730124
78.73116 -0.00372712730124
78.82694 -0.00372712730124
78.92272 -0.00372712730124
79.0185 -0.00372712730124
79.11428 -0.00372712730124
79.21006 -0.00372712730124
79.30584 -0.00372712730124
79.40162 -0.00372712730124
79.4974 -0.00372712730124
79.59318 -0.00372712730124
79.68896 -0.00372712730124
79.78474 -0.00372712730124
79.88052 -0.00372712730124
79.9763 -0.00372712730124
80.07208 -0.00372712730124
80.16786 -0.00372712730124
80.26364 -0.00372712730124
80.35942 -0.00372712730124
80.4552 -0.00372712730124
80.55098 -0.00372712730124
80.64676 -0.00372712730124
80.74254 -0.00372712730124
80.83832 -0.00372712730124
80.9341 -0.00372712730124
81.02988 -0.00372712730124
81.12566 -0.00372712730124
81.22144 -0.00372712730124
81.31722 -0.00372712730124
81.413 -0.00372712730124
81.50878 -0.00372712730124
81.60456 -0.00372712730124
81.70034 -0.00372712730124
81.79612 -0.00372712730124
81.8919 -0.00372712730124
81.98768 -0.00372712730124
82.08346 -0.00372712730124
82.17924 -0.00372712730124
82.27502 -0.00372712730124
82.3708 -0.00372712730124
82.46658 -0.00372712730124
82.56236 -0.00372712730124
82.65814 -0.00372712730124
82.75392 -0.00372712730124
82.8497 -0.00372712730124
82.94548 -0.00372712730124
83.04126 -0.00372712730124
83.13704 -0.00372712730124
83.23282 -0.00372712730124
83.3286 -0.00372712730124
83.42438 -0.00372712730124
83.52016 -0.00372712730124
83.61594 -0.00372712730124
83.71172 -0.00372712730124
83.8075 -0.00372712730124
83.90328 -0.00372712730124
83.99906 -0.00372712730124
84.09484 -0.00372712730124
84.19062 -0.00372712730124
84.2864 -0.00372712730124
84.38218 -0.00372712730124
84.47796 -0.00372712730124
84.57374 -0.00372712730124
84.66952 -0.00372712730124
84.7653 -0.00372712730124
84.86108 -0.00372712730124
84.95686 -0.00372712730124
85.05264 -0.00372712730124
85.14842 -0.00372712730124
85.2442 -0.00372712730124
85.33998 -0.00372712730124
85.43576 -0.00372712730124
85.53154 -0.00372712730124
85.62732 -0.00372712730124
85.7231 -0.00372712730124
85.81888 -0.00372712730124
85.91466 -0.00372712730124
86.01044 -0.00372712730124
86.10622 -0.00372712730124
86.202 -0.00372712730124
86.29778 -0.00372712730124
86.39356 -0.00372712730124
86.48934 -0.00372712730124
86.58512 -0.00372712730124
86.6809 -0.00372712730124
86.77668 -0.00372712730124
86.87246 -0.00372712730124
86.96824 -0.00372712730124
87.06402 -0.00372712730124
87.1598 -0.00372712730124
87.25558 -0.00372712730124
87.35136 -0.00372712730124
87.44714 -0.00372712730124
87.54292 -0.00372712730124
87.6387 -0.00372712730124
87.73448 -0.00372712730124
87.83026 -0.00372712730124
87.92604 -0.00372712730124
88.02182 -0.00372712730124
88.1176 -0.00372712730124
88.21338 -0.00372712730124
88.30916 -0.00372712730124
88.40494 -0.00372712730124
88.50072 -0.00372712730124
88.5965 -0.00372712730124
88.69228 -0.00372712730124
88.78806 -0.00372712730124
88.88384 -0.00372712730124
88.97962 -0.00372712730124
89.0754 -0.00372712730124
89.17118 -0.00372712730124
89.26696 -0.00372712730124
89.36274 -0.00372712730124
89.45852 -0.00372712730124
89.5543 -0.00372712730124
89.65008 -0.00372712730124
89.74586 -0.00372712730124
89.84164 -0.00372712730124
89.93742 -0.00372712730124
90.0332 -0.00372712730124
90.12898 -0.00372712730124
90.22476 -0.00372712730124
90.32054 -0.00372712730124
90.41632 -0.00372712730124
90.5121 -0.00372712730124
90.60788 -0.00372712730124
90.70366 -0.00372712730124
90.79944 -0.00372712730124
90.89522 -0.00372712730124
90.991 -0.00372712730124
91.08678 -0.00372712730124
91.18256 -0.00372712730124
91.27834 -0.00372712730124
91.37412 -0.00372712730124
91.4699 -0.00372712730124
91.56568 -0.00372712730124
91.66146 -0.00372712730124
91.75724 -0.00372712730124
91.85302 -0.00372712730124
91.9488 -0.00372712730124
92.04458 -0.00372712730124
92.14036 -0.00372712730124
92.23614 -0.00372712730124
92.33192 -0.00372712730124
92.4277 -0.00372712730124
92.52348 -0.00372712730124
92.61926 -0.00372712730124
92.71504 -0.00372712730124
92.81082 -0.00372712730124
92.9066 -0.00372712730124
93.00238 -0.00372712730124
93.09816 -0.00372712730124
93.19394 -0.00372712730124
93.28972 -0.00372712730124
93.3855 -0.00372712730124
93.48128 -0.00372712730124
93.57706 -0.00372712730124
93.67284 -0.00372712730124
93.76862 -0.00372712730124
93.8644 -0.00372712730124
93.96018 -0.00372712730124
94.05596 -0.00372712730124
94.15174 -0.00372712730124
94.24752 -0.00372712730124
94.3433 -0.00372712730124
94.43908 -0.00372712730124
94.53486 -0.00372712730124
94.63064 -0.00372712730124
94.72642 -0.00372712730124
94.8222 -0.00372712730124
94.91798 -0.00372712730124
95.01376 -0.00372712730124
95.10954 -0.00372712730124
95.20532 -0.00372712730124
95.3011 -0.00372712730124
95.39688 -0.00372712730124
95.49266 -0.00372712730124
95.58844 -0.00372712730124
95.68422 -0.00372712730124
95.78 -0.00372712730124
95.87578 -0.00372712730124
95.97156 -0.00372712730124
96.06734 -0.00372712730124
96.16312 -0.00372712730124
96.2589 -0.00372712730124
96.35468 -0.00372712730124
96.45046 -0.00372712730124
96.54624 -0.00372712730124
96.64202 -0.00372712730124
96.7378 -0.00372712730124
96.83358 -0.00372712730124
96.92936 -0.00372712730124
97.02514 -0.00372712730124
97.12092 -0.00372712730124
97.2167 -0.00372712730124
97.31248 -0.00372712730124
97.40826 -0.00372712730124
97.50404 -0.00372712730124
97.59982 -0.00372712730124
97.6956 -0.00372712730124
97.79138 -0.00372712730124
97.88716 -0.00372712730124
97.98294 -0.00372712730124
