0 0.00312982
0.0995343 -0.012775
0.199069 -0.0100768
0.298603 0.0170256
0.398137 0.0587855
0.497671 0.0932135
0.597206 0.0972984
0.69674 0.0601945
0.796274 -0.0092179
0.895808 -0.0852194
0.995343 -0.13762
1.09488 -0.14712
1.19441 -0.115203
1.29395 -0.0628969
1.39348 -0.0189534
1.49301 -0.00386146
1.59255 -0.0184648
1.69208 -0.0431896
1.79162 -0.0478201
1.89115 -0.00596745
1.99069 0.093601
2.09022 0.243652
2.18975 0.422206
2.28929 0.597555
2.38882 0.728731
2.48836 0.760713
2.58789 0.62097
2.68742 0.228193
2.78696 -0.478976
2.88649 -1.49607
2.98603 -2.70638
3.08556 -3.85984
3.1851 -4.60049
3.28463 -4.55032
3.38416 -3.43279
3.4837 -1.19671
3.58323 1.90831
3.68277 5.34365
3.7823 8.39142
3.88184 10.3365
3.98137 10.6661
4.0809 9.21968
4.18044 6.23996
4.27997 2.3042
4.37951 -1.83858
4.47904 -5.47017
4.57858 -8.07848
4.67811 -9.4523
4.77764 -9.67409
4.87718 -9.02674
4.97671 -7.85834
5.07625 -6.45845
5.17578 -4.98752
5.27532 -3.47527
5.37485 -1.87473
5.47438 -0.13873
5.57392 1.71817
5.67345 3.59784
5.77299 5.34093
5.87252 6.77715
5.97206 7.77672
6.07159 8.27876
6.17112 8.28656
6.27066 7.83753
6.37019 6.96823
6.46973 5.69655
6.56926 4.03258
6.6688 2.01314
6.76833 -0.259661
6.86786 -2.6005
6.9674 -4.75997
7.06693 -6.47981
7.16647 -7.56491
7.266 -7.94215
7.36553 -7.67961
7.46507 -6.95612
7.5646 -5.9924
7.66414 -4.97251
7.76367 -3.98843
7.86321 -3.02967
7.96274 -2.01931
8.06227 -0.877316
8.16181 0.419668
8.26134 1.80893
8.36088 3.15449
8.46041 4.29366
8.55995 5.09451
8.65948 5.4984
8.75901 5.53127
8.85855 5.28269
8.95808 4.86631
9.05762 4.38055
9.15715 3.88491
9.25669 3.39651
9.35622 2.90154
9.45575 2.37109
9.55529 1.77309
9.65482 1.07831
9.75436 0.264351
9.85389 -0.677379
9.95343 -1.73029
10.053 -2.84159
10.1525 -3.91984
10.252 -4.8477
10.3516 -5.50926
10.4511 -5.82322
10.5506 -5.76815
10.6502 -5.38818
10.7497 -4.77577
10.8492 -4.03853
10.9488 -3.26461
11.0483 -2.50095
11.1478 -1.75213
11.2474 -0.997082
11.3469 -0.213089
11.4464 0.605429
11.546 1.44129
11.6455 2.26176
11.745 3.03146
11.8446 3.72212
11.9441 4.31385
12.0436 4.78915
12.1432 5.12564
12.2427 5.29453
12.3422 5.26724
12.4418 5.02737
12.5413 4.58074
12.6409 3.95721
12.7404 3.20238
12.8399 2.36343
12.9395 1.47692
13.039 0.564993
13.1385 -0.358249
13.2381 -1.27502
13.3376 -2.15462
13.4371 -2.95315
13.5367 -3.62344
13.6362 -4.12979
13.7357 -4.4595
13.8353 -4.62428
13.9348 -4.65064
14.0343 -4.5646
14.1339 -4.37926
14.2334 -4.09218
14.3329 -3.6938
14.4325 -3.18167
14.532 -2.57211
14.6315 -1.90209
14.7311 -1.22001
14.8306 -0.570066
14.9301 0.0214514
15.0297 0.550819
15.1292 1.0307
15.2287 1.47713
15.3283 1.89719
15.4278 2.28393
15.5273 2.62069
15.6269 2.8911
15.7264 3.08853
15.8259 3.21919
15.9255 3.29722
16.025 3.33522
16.1245 3.33598
16.2241 3.29036
16.3236 3.18239
16.4232 2.99844
16.5227 2.73493
16.6222 2.4004
16.7218 2.01108
16.8213 1.58313
16.9208 1.1264
17.0204 0.643425
17.1199 0.133955
17.2194 -0.398166
17.319 -0.940191
17.4185 -1.47086
17.518 -1.96582
17.6176 -2.40491
17.7171 -2.77713
17.8166 -3.08047
17.9162 -3.31736
18.0157 -3.48856
18.1152 -3.58967
18.2148 -3.61235
18.3143 -3.54937
18.4138 -3.40042
18.5134 -3.17477
18.6129 -2.88897
18.7124 -2.56071
18.812 -2.202
18.9115 -1.8157
19.011 -1.39703
19.1106 -0.939293
19.2101 -0.440636
19.3096 0.0916218
19.4092 0.641071
19.5087 1.18613
19.6082 1.70535
19.7078 2.18133
19.8073 2.60184
19.9069 2.95842
20.0064 3.24455
20.1059 3.45484
20.2055 3.58603
20.305 3.63865
20.4045 3.61765
20.5041 3.53084
20.6036 3.38553
20.7031 3.18508
20.8027 2.92763
20.9022 2.60816
21.0017 2.22318
21.1013 1.77572
21.2008 1.27802
21.3003 0.750259
21.3999 0.215699
21.4994 -0.305316
21.5989 -0.799859
21.6985 -1.26335
21.798 -1.69683
21.8975 -2.10228
21.9971 -2.47822
22.0966 -2.81766
22.1961 -3.10868
22.2957 -3.33702
22.3952 -3.48917
22.4947 -3.55485
22.5943 -3.52857
22.6938 -3.4106
22.7933 -3.20751
22.8929 -2.93241
22.9924 -2.60397
23.0919 -2.24378
23.1915 -1.87207
23.291 -1.50305
23.3905 -1.1416
23.4901 -0.783296
23.5896 -0.418049
23.6892 -0.0362172
23.7887 0.365273
23.8882 0.779523
23.9878 1.19045
24.0873 1.57739
24.1868 1.9213
24.2864 2.20996
24.3859 2.4399
24.4854 2.61479
24.585 2.74138
24.6845 2.82534
24.784 2.86869
24.8836 2.86976
24.9831 2.82509
25.0826 2.73187
25.1822 2.58962
25.2817 2.4005
25.3812 2.16848
25.4808 1.89825
25.5803 1.59466
25.6798 1.26294
25.7794 0.909479
25.8789 0.542533
25.9784 0.172352
26.078 -0.18956
26.1775 -0.531824
26.277 -0.84485
26.3766 -1.12231
26.4761 -1.36202
26.5756 -1.56605
26.6752 -1.73965
26.7747 -1.88937
26.8742 -2.02041
26.9738 -2.13422
27.0733 -2.22711
27.1729 -2.29094
27.2724 -2.31576
27.3719 -2.29372
27.4715 -2.22277
27.571 -2.10829
27.6705 -1.96177
27.7701 -1.79689
27.8696 -1.62454
27.9691 -1.44897
28.0687 -1.26695
28.1682 -1.07023
28.2677 -0.85017
28.3673 -0.602517
28.4668 -0.330052
28.5663 -0.0422675
28.6659 0.24753
28.7654 0.526067
28.8649 0.783104
28.9645 1.01255
29.064 1.21185
29.1635 1.38055
29.2631 1.51943
29.3626 1.6304
29.4621 1.71705
29.5617 1.78475
29.6612 1.83964
29.7607 1.8864
29.8603 1.92592
29.9598 1.95404
30.0593 1.96237
30.1589 1.94096
30.2584 1.8818
30.3579 1.7814
30.4575 1.64133
30.557 1.46673
30.6566 1.26373
30.7561 1.03735
30.8556 0.791039
30.9552 0.527918
31.0547 0.252686
31.1542 -0.0271031
31.2538 -0.301435
31.3533 -0.559837
31.4528 -0.793964
31.5524 -0.999408
31.6519 -1.17581
31.7514 -1.32536
31.851 -1.45064
31.9505 -1.55306
32.05 -1.63271
32.1496 -1.6894
32.2491 -1.72393
32.3486 -1.73869
32.4482 -1.73675
32.5477 -1.72022
32.6472 -1.68859
32.7468 -1.63834
32.8463 -1.56426
32.9458 -1.46179
33.0454 -1.3293
33.1449 -1.16907
33.2444 -0.986646
33.344 -0.788784
33.4435 -0.581461
33.543 -0.368801
33.6426 -0.153477
33.7421 0.0619188
33.8416 0.273541
33.9412 0.475941
34.0407 0.662981
34.1402 0.829472
34.2398 0.972568
34.3393 1.09207
34.4389 1.18951
34.5384 1.26658
34.6379 1.3239
34.7375 1.3608
34.837 1.37622
34.9365 1.37008
35.0361 1.34417
35.1356 1.30194
35.2351 1.24729
35.3347 1.183
35.4342 1.10973
35.5337 1.02624
35.6333 0.930593
35.7328 0.821725
35.8323 0.700509
35.9319 0.569676
36.0314 0.432797
36.1309 0.292941
36.2305 0.151843
36.33 0.0100146
36.4295 -0.132313
36.5291 -0.274023
36.6286 -0.412425
36.7281 -0.543423
36.8277 -0.662396
36.9272 -0.765277
37.0267 -0.849282
37.1263 -0.91302
37.2258 -0.956135
37.3253 -0.978868
37.4249 -0.981893
37.5244 -0.966468
37.6239 -0.934675
37.7235 -0.889389
37.823 -0.833799
37.9226 -0.770656
38.0221 -0.70164
38.1216 -0.627242
38.2212 -0.547296
38.3207 -0.461861
38.4202 -0.371971
38.5198 -0.279796
38.6193 -0.188137
38.7188 -0.0995561
38.8184 -0.0156752
38.9179 0.0629611
39.0174 0.136402
39.117 0.204539
39.2165 0.266594
39.316 0.321189
39.4156 0.366937
39.5151 0.403173
39.6146 0.430303
39.7142 0.449526
39.8137 0.462072
39.9132 0.468435
40.0128 0.468101
40.1123 0.459987
40.2118 0.443336
40.3114 0.418522
40.4109 0.387267
40.5104 0.35209
40.61 0.315296
40.7095 0.278116
40.809 0.240478
40.9086 0.201566
41.0081 0.160793
41.1076 0.118599
41.2072 0.0765766
41.3067 0.0368681
41.4062 0.00119427
41.5058 -0.0298659
41.6053 -0.0569159
41.7049 -0.0810926
41.8044 -0.103151
41.9039 -0.122869
42.0035 -0.139137
42.103 -0.150687
42.2025 -0.156965
42.3021 -0.158596
42.4016 -0.157132
42.5011 -0.154228
42.6007 -0.150755
42.7002 -0.146418
42.7997 -0.140116
42.8993 -0.130819
42.9988 -0.11841
43.0983 -0.103971
43.1979 -0.0893036
43.2974 -0.0759975
43.3969 -0.0646179
43.4965 -0.0545177
43.596 -0.0443947
43.6955 -0.0332417
43.7951 -0.0210928
43.8946 -0.00909485
43.9941 0.00114342
44.0937 0.00851565
44.1932 0.0130891
44.2927 0.0160559
44.3923 0.0189895
44.4918 0.0228664
44.5913 0.0274667
44.6909 0.0315297
44.7904 0.033571
44.8899 0.0328528
44.9895 0.0298997
45.089 0.0262342
45.1886 0.0234926
45.2881 0.0224703
45.3876 0.0226887
45.4872 0.0227536
45.5867 0.0212792
45.6862 0.0178001
45.7858 0.0131008
45.8853 0.00875583
45.9848 0.00617029
46.0844 0.0057198
46.1839 0.00653049
46.2834 0.007037
46.383 0.00597022
46.4825 0.00315704
46.582 -0.000368962
46.6816 -0.00301559
46.7811 -0.00363358
46.8806 -0.00224428
46.9802 -3.68128e-05
47.0797 0.00136522
47.1792 0.000909917
47.2788 -0.00123297
47.3783 -0.00378525
47.4778 -0.00516694
47.5774 -0.00449208
47.6769 -0.00213112
47.7764 0.000512691
47.876 0.00187382
47.9755 0.00119785
48.075 -0.000991017
48.1746 -0.00322122
48.2741 -0.00399727
48.3736 -0.00273811
48.4732 -0.000143335
48.5727 0.00224222
48.6723 0.00299365
48.7718 0.00169739
48.8713 -0.000789116
48.9709 -0.00287237
49.0704 -0.00321849
49.1699 -0.00158702
49.2695 0.00101889
49.369 0.00298032
49.4685 0.00307616
49.5681 0.00124847
49.6676 -0.00135938
49.7671 -0.00311632
49.8667 -0.00292303
49.9662 -0.000899679
50.0657 0.00168866
50.1653 0.0032227
50.2648 0.00274174
50.3643 0.00054512
50.4639 -0.00199418
50.5634 -0.00328779
50.6629 -0.0025255
50.7625 -0.000182715
50.862 0.00227607
50.9615 0.00331273
51.0611 0.00227771
51.1606 -0.000182978
51.2601 -0.00253096
51.3597 -0.00329728
51.4592 -0.00200139
51.5587 0.000547493
51.6583 0.00275571
51.7578 0.00324157
51.8573 0.00169987
51.9569 -0.00090639
52.0564 -0.00294753
52.1559 -0.0031462
52.2555 -0.00137676
52.355 0.0012553
52.4546 0.00310402
52.5541 0.00301224
52.6536 0.00103592
52.7532 -0.00158999
52.8527 -0.00322321
52.9522 -0.00284122
53.0518 -0.000681438
53.1513 0.00190636
53.2508 0.00330356
53.3504 0.00263512
53.4499 0.000317552
53.5494 -0.00220056
53.649 -0.00334401
53.7485 -0.00239631
53.848 5.13781e-05
53.9476 0.00246898
54.0471 0.00334397
54.1466 0.0021276
54.2462 -0.000420927
54.3457 -0.00270833
54.4452 -0.0033033
54.5448 -0.00183211
54.6443 0.000786657
54.7438 0.00291562
54.8434 0.00322237
54.9429 0.00151331
55.0424 -0.00114416
55.142 -0.00308829
55.2415 -0.00310203
55.341 -0.00117495
55.4406 0.00148914
55.5401 0.00322413
55.6396 0.00294358
55.7392 0.000821016
55.8387 -0.0018174
55.9383 -0.00332139
56.0378 -0.00274878
56.1373 -0.000455681
56.2369 0.00212496
56.3364 0.00337877
56.4359 0.00251982
56.5355 8.32742e-05
56.635 -0.00240806
56.7345 -0.00339541
56.8341 -0.0022593
56.9336 0.000291785
57.0331 0.00266322
57.1327 0.00337095
57.2322 0.0019702
57.3317 -0.000665029
57.4313 -0.00288727
57.5308 -0.0033055
57.6303 -0.00165584
57.7299 0.001032
57.8294 0.0030774
57.9289 0.00319966
58.0285 0.00131986
58.128 -0.00138828
58.2275 -0.00323118
58.3271 -0.0030545
58.4266 -0.000966146
58.5261 0.00172959
58.6257 0.0033466
58.7252 0.00287154
58.8247 0.000598836
58.9243 -0.00205177
59.0238 -0.00342208
59.1233 -0.00265277
59.2229 -0.000222226
59.3224 0.00235089
59.422 0.00345652
59.5215 0.00240059
59.621 -0.000159253
59.7206 -0.00262327
59.8201 -0.00344926
59.9196 -0.00211783
60.0192 0.000541091
60.1187 0.0028655
60.2182 0.00340016
60.3178 0.00180765
60.4173 -0.000918751
60.5168 -0.00307453
60.6164 -0.00330955
60.7159 -0.00147358
60.8154 0.00128772
60.915 0.00324766
61.0145 0.00317823
61.114 0.00111943
61.2136 -0.00164355
61.3131 -0.00338261
61.4126 -0.0030075
61.5122 -0.000749282
61.6117 0.00198194
61.7112 0.00347751
61.8108 0.00279911
61.9103 0.00036741
62.0098 -0.00229874
62.1094 -0.00353096
62.2089 -0.00255528
62.3084 2.17326e-05
62.408 0.00259005
62.5075 0.00354201
62.607 0.00227863
62.7066 -0.000413585
62.8061 -0.0028522
62.9056 -0.00351022
63.0052 -0.0019722
63.1047 0.000803519
63.2043 0.00308188
63.3038 0.00343564
63.4033 0.00163938
63.5029 -0.0011869
63.6024 -0.00327609
63.7019 -0.00331879
63.8015 -0.00128391
63.901 0.00155912
64.0005 0.00343224
64.1001 0.00316071
64.1996 0.000909808
64.2991 -0.00191568
64.3987 -0.00354815
64.4982 -0.00296292
64.5977 -0.000521342
64.6973 0.00225222
64.7968 0.0036221
64.8963 0.0027274
64.9959 0.000122987
65.0954 -0.00256458
65.1949 -0.00365283
65.2945 -0.00245661
65.394 0.000280634
65.4935 0.00284882
65.5931 0.00363957
65.6926 0.0021534
65.7921 -0.000684794
65.8917 -0.00310132
65.9912 -0.00358204
66.0907 -0.00182106
66.1903 0.00108471
66.2898 0.00331876
66.3893 0.00348048
66.4889 0.00146321
66.5884 -0.00147562
66.688 -0.00349823
66.7875 -0.00333565
66.887 -0.00108383
66.9866 0.0018528
67.0861 0.00363719
67.1856 0.00314879
67.2852 0.000687175
67.3847 -0.00221164
67.4842 -0.00373357
67.5838 -0.00292166
67.6833 -0.000277742
67.7828 0.00254769
67.8824 0.00378574
67.9819 0.00265649
68.0814 -0.000139774
68.181 -0.00285673
68.2805 -0.0037926
68.38 -0.00235597
68.4796 0.000560535
68.5791 0.00313479
68.6786 0.00375352
68.7782 0.00202323
68.8777 -0.000979609
68.9772 -0.00337821
69.0768 -0.0036684
69.1763 -0.00166181
69.2758 0.00139203
69.3754 0.00358369
69.4749 0.00353769
69.5744 0.00127561
69.674 -0.00179284
69.7735 -0.00374833
69.873 -0.00336233
69.9726 -0.000868884
70.0721 0.00217716
70.1716 0.00386964
70.2712 0.00314381
70.3707 0.000446146
70.4703 -0.00254024
70.5698 -0.00394561
70.6693 -0.00288413
70.7689 -1.21679e-05
70.8684 0.00287751
70.9679 0.00397473
71.0675 0.00258578
71.167 -0.000428089
71.2665 -0.00318463
71.3661 -0.003956
71.4656 -0.00225173
71.5651 0.000869525
71.6647 0.00345754
71.7642 0.00388893
71.8637 0.00188539
71.9633 -0.00130696
72.0628 -0.00369253
72.1623 -0.00377361
72.2619 -0.0014906
72.3614 0.00173517
72.4609 0.00388625
72.5605 0.00361066
72.66 0.00107158
72.7595 -0.00214899
72.8591 -0.00403579
72.9586 -0.00340125
73.0581 -0.000632861
73.1577 0.00254331
73.2572 0.00413868
73.3567 0.00314711
73.4563 0.000179304
73.5558 -0.00291317
73.6553 -0.00419296
73.7549 -0.00285049
73.8544 0.000284005
73.954 0.00325383
74.0535 0.00419718
74.153 0.00251417
74.2526 -0.000751785
74.3521 -0.00356079
74.4516 -0.00415042
74.5512 -0.00214142
74.6507 0.00121861
74.7502 0.00382984
74.8498 0.00405236
74.9493 0.00173597
75.0488 -0.001679
75.1484 -0.00405716
75.2479 -0.00390321
75.3474 -0.001302
75.447 0.00212741
75.5465 0.00423931
75.646 0.0037038
75.7456 0.000844065
75.8451 -0.00255836
75.9446 -0.00437332
76.0442 -0.00345552
76.1437 -0.000367093
76.2432 0.00296648
76.3428 0.0044567
76.4423 0.00316033
76.5418 -0.000123697
76.6414 -0.00334653
76.7409 -0.00448746
76.8404 -0.00282078
76.94 0.00062283
77.0395 0.0036935
77.139 0.00446421
77.2386 0.00243994
77.3381 -0.00112463
77.4377 -0.00400265
77.5372 -0.0043861
77.6367 -0.00202142
77.7363 0.00162328
77.8358 0.00426959
77.9353 0.00425289
78.0349 0.00156932
78.1344 -0.00211289
78.2339 -0.00449027
78.3335 -0.00406495
78.433 -0.00108819
78.5325 0.00258753
78.6321 0.00466112
78.7316 0.00382329
78.8311 0.000583004
78.9307 -0.00304133
79.0302 -0.00477903
79.1297 -0.00352949
79.2293 -5.91201e-05
79.3288 0.00346853
79.4283 0.00484139
79.5279 0.0031858
79.6274 -0.000477791
79.7269 -0.00386352
79.8265 -0.00484619
79.926 -0.00279502
80.0255 0.00102178
80.1251 0.00422093
80.2246 0.00479199
80.3241 0.00236059
80.4237 -0.0015667
80.5232 -0.00453569
80.6227 -0.00467795
80.7223 -0.00188646
80.8218 0.00210623
80.9213 0.00480306
81.0209 0.00450391
81.1204 0.00137714
81.22 -0.00263396
81.3195 -0.00501873
81.419 -0.00427033
81.5186 -0.000837633
81.6181 0.00314348
81.7176 0.00517884
81.8172 0.00397835
81.9167 0.000273385
82.0162 -0.00362837
82.1158 -0.00528004
82.2153 -0.00362977
82.3148 0.000309741
82.4144 0.00408236
82.5139 0.00531954
82.6134 0.00322707
82.713 -0.000905528
82.8125 -0.00449934
82.912 -0.00529515
83.0116 -0.00277335
83.1111 0.00150746
83.2106 0.00487343
83.3102 0.0052053
83.4097 0.00227237
83.5092 -0.00210876
83.6088 -0.00519905
83.7083 -0.00504908
83.8078 -0.00172849
83.9074 0.00270251
84.0069 0.005471
84.1064 0.0048263
84.206 0.00114666
84.3055 -0.00328164
84.405 -0.0056845
84.5046 -0.00453743
84.6041 -0.000532381
84.7037 0.00383904
84.8032 0.00583525
84.9027 0.00418369
85.0023 -0.000108358
85.1018 -0.00436764
85.2013 -0.00591949
85.3009 -0.00376701
85.4004 0.000769096
85.4999 0.00486044
85.5995 0.00593404
85.699 0.00329005
85.7985 -0.00144296
85.8981 -0.0053106
85.9976 -0.00587638
86.0971 -0.00275615
86.1967 0.00212275
86.2962 0.00571153
86.3957 0.00574462
86.4953 0.0021694
86.5948 -0.00280093
86.6943 -0.00605691
86.7939 -0.0055376
86.8934 -0.00153453
86.9929 0.00346977
87.0925 0.00634081
87.192 0.00525489
87.2915 0.000856926
87.3911 -0.00412138
87.4906 -0.00655771
87.5901 -0.00489682
87.6897 -0.000142609
87.7892 0.00474774
87.8887 0.00670259
87.9883 0.00446448
88.0878 -0.000601839
88.1873 -0.00534085
88.2869 -0.00677096
88.3864 -0.00395976
88.486 0.0013693
88.5855 0.00589271
88.685 0.00675895
88.7846 0.00338532
88.8841 -0.00215216
88.9836 -0.00639548
89.0832 -0.00666333
89.1827 -0.0027446
89.2822 0.00294239
89.3818 0.00684147
89.4813 0.00648154
89.5808 0.00204181
89.6804 -0.00373158
89.7799 -0.00722326
89.8794 -0.00621178
89.979 -0.00128191
90.0785 0.004511
90.178 0.00753376
90.2776 0.00585298
90.3771 0.000470612
90.4766 -0.00527169
90.5762 -0.00776624
90.6757 -0.00540487
90.7752 0.000385707
90.8748 0.00600448
90.9743 0.00791443
91.0738 0.00486797
91.1734 -0.00127998
91.2729 -0.00670009
91.3724 -0.00797255
91.472 -0.00424361
91.5715 0.00220454
91.671 0.00734918
91.7706 0.00793536
91.8701 0.00353394
91.9697 -0.0031511
92.0692 -0.00794241
92.1687 -0.00779822
92.2683 -0.00274191
92.3678 0.00411087
92.4673 0.00847052
92.5669 0.00755711
92.6664 0.00187128
92.7659 -0.00507456
92.8655 -0.00892436
92.965 -0.00720865
93.0645 -0.000926564
93.1641 0.00603245
93.2636 0.00929495
93.3631 0.00675013
93.4627 -8.69449e-05
93.5622 -0.00697445
93.6617 -0.00957352
93.7613 -0.00617951
93.8608 0.00116325
93.9603 0.00789011
94.0599 0.00975156
94.1594 0.00549541
94.2589 -0.00229567
94.3585 -0.00876871
94.458 -0.0098208
94.5575 -0.00469711
94.6571 0.00347691
94.7566 0.00959929
94.8561 0.00977325
94.9557 0.00378448
95.0552 -0.00469907
95.1547 -0.0103707
95.2543 -0.00960119
95.3538 -0.00275795
95.4534 0.00595374
95.5529 0.0110714
95.6524 0.0092971
95.752 0.00161843
95.8515 -0.00723208
95.951 -0.0116901
96.0506 -0.00885361
96.1501 -0.000367193
96.2496 0.00852482
96.3492 0.0122147
96.4487 0.00826336
96.5482 -0.000994257
96.6478 -0.00982241
96.7473 -0.0126334
96.8468 -0.00751888
96.9464 0.00246435
97.0459 0.011115
97.1454 0.0129336
97.245 0.00661234
97.3445 -0.00404171
97.444 -0.0123927
97.5436 -0.0131024
97.6431 -0.00553518
97.7426 0.0057254
97.8422 0.0136453
97.9417 0.013126
98.0412 0.00427771
98.1408 -0.00751538
98.2403 -0.0148627
98.3398 -0.0129894
98.4394 -0.00282846
98.5389 0.00941291
98.6384 0.0160346
98.738 0.012676
98.8375 0.00117331
98.937 -0.0114212
99.0366 -0.0171506
99.1361 -0.0121663
99.2357 0.000705682
99.3352 0.0135463
99.4347 0.0181997
99.5343 0.0114371
99.6338 -0.00283185
99.7333 -0.0157973
99.8329 -0.0191697
99.9324 -0.0104591
100.032 0.00523574
100.131 0.0181871
100.231 0.0200446
100.331 0.00919367
100.43 -0.00795639
100.53 -0.0207289
100.629 -0.0207988
100.729 -0.00758844
100.828 0.0110378
100.928 0.0234211
101.027 0.0213761
101.127 0.00557021
101.226 -0.0145002
101.326 -0.0261796
101.425 -0.02162
101.525 -0.00304795
101.624 0.0182185
101.724 0.0287645
101.824 0.0219651
