0.0 -0.00113324522527
0.1 -0.0123426609065
0.2 -0.029792580166
0.3 -0.0470206774633
0.4 -0.0506836247487
0.5 -0.0247299529656
0.6 0.0410981258644
0.7 0.142191314454
0.8 0.254880054163
0.9 0.341084966294
1.0 0.361337680647
1.1 0.290610570611
1.2 0.128936498751
1.3 -0.0988523677986
1.4 -0.353641538173
1.5 -0.595797336208
1.6 -0.793148528342
1.7 -0.918425083628
1.8 -0.939685691933
1.9 -0.814183132361
2.0 -0.49632240646
2.1 0.0376457861223
2.2 0.757495825997
2.3 1.55678352777
2.4 2.25621085058
2.5 2.63781916681
2.6 2.50194443088
2.7 1.72972546386
2.8 0.33265664445
2.9 -1.52385882567
3.0 -3.52847788127
3.1 -5.26403042434
3.2 -6.27863141187
3.3 -6.18368790675
3.4 -4.76571070312
3.5 -2.08448898899
3.6 1.48107433456
3.7 5.27447938003
3.8 8.5006858651
3.9 10.4334592558
4.0 10.6257002522
4.1 9.0449235764
4.2 6.07777740124
4.3 2.3974820471
4.4 -1.25529100873
4.5 -4.29155442978
4.6 -6.40971377555
4.7 -7.60552279895
4.8 -8.07209083439
4.9 -8.0514055416
5.0 -7.71050950714
5.1 -7.09117214739
5.2 -6.13869506482
5.3 -4.77791062091
5.4 -2.98993199262
5.5 -0.853898601456
5.6 1.4575172891
5.7 3.71739043222
5.8 5.69657600605
5.9 7.20862420254
6.0 8.13646358673
6.1 8.43848530103
6.2 8.13756665493
6.3 7.30022875183
6.4 6.01534636118
6.5 4.38156022501
6.6 2.50797372467
6.7 0.524286593425
6.8 -1.41157261437
6.9 -3.1220886024
7.0 -4.44123052019
7.1 -5.25991765172
7.2 -5.56533030253
7.3 -5.45136250459
7.4 -5.0888465618
7.5 -4.66379392337
7.6 -4.3089616895
7.7 -4.05868838219
7.8 -3.84630053668
7.9 -3.54329291019
8.0 -3.02072847866
8.1 -2.20525865704
8.2 -1.10772332141
8.3 0.182954552771
8.4 1.53228996791
8.5 2.80184672829
8.6 3.88288545208
8.7 4.712334924
8.8 5.27078706167
8.9 5.56906129978
9.0 5.63195800084
9.1 5.48568965868
9.2 5.15141389525
9.3 4.64376944949
9.4 3.97189488411
9.5 3.14125028814
9.6 2.15652712594
9.7 1.02722345417
9.8 -0.223322244722
9.9 -1.54749983612
10.0 -2.86686827656
10.1 -4.07570781432
10.2 -5.05790131487
10.3 -5.71400313108
10.4 -5.98889470083
10.5 -5.88797657404
10.6 -5.47370470439
10.7 -4.84307824229
10.8 -4.09580972808
10.9 -3.3071521273
11.0 -2.516216391
11.1 -1.73197495378
11.2 -0.950144357995
11.3 -0.169886755278
11.4 0.5983158643
11.5 1.33541353382
11.6 2.0223164919
11.7 2.64682402377
11.8 3.20406467916
11.9 3.69075927939
12.0 4.09789832305
12.1 4.40723933697
12.2 4.59431555721
12.3 4.63647609741
12.4 4.52148074933
12.5 4.2519471519
12.6 3.84337036288
12.7 3.31701424942
12.8 2.69178202654
12.9 1.97977902444
13.0 1.18834778722
13.1 0.327777439667
13.2 -0.579552121125
13.3 -1.49423295798
13.4 -2.36306185916
13.5 -3.13020922064
13.6 -3.75151528603
13.7 -4.20484437608
13.8 -4.49111587459
13.9 -4.62563180369
14.0 -4.62484094408
14.1 -4.49634677
14.2 -4.2379800564
14.3 -3.84617846769
14.4 -3.32813481256
14.5 -2.70979323494
14.6 -2.03426702534
14.7 -1.35101385472
14.8 -0.70150732772
14.9 -0.108919808199
15.0 0.423365855139
15.1 0.904806628749
15.2 1.34710551598
15.3 1.75589592949
15.4 2.1282950441
15.5 2.45603476752
15.6 2.730956172
15.7 2.94916041536
15.8 3.1117799078
15.9 3.22269787486
16.0 3.28510430634
16.1 3.29891405527
16.2 3.26016202484
16.3 3.16234710588
16.4 2.99893556877
16.5 2.76600249845
16.6 2.46412633526
16.7 2.09898216164
16.8 1.68053334138
16.9 1.22123208083
17.0 0.734027361331
17.1 0.231007240904
17.2 -0.276910799366
17.3 -0.779465789508
17.4 -1.26638850401
17.5 -1.72721408978
17.6 -2.15172237327
17.7 -2.53063876714
17.8 -2.85608257079
17.9 -3.12156304075
18.0 -3.32179093595
18.1 -3.45275848257
18.2 -3.51225799081
18.3 -3.50049259643
18.4 -3.42014542437
18.5 -3.27551578297
18.6 -3.07097301063
18.7 -2.8095475167
18.8 -2.4925285208
18.9 -2.12040074228
19.0 -1.6946877284
19.1 -1.21978616391
19.2 -0.703955364993
19.3 -0.159148671304
19.4 0.400047151804
19.5 0.957804626153
19.6 1.49829045661
19.7 2.00651816273
19.8 2.46883424703
19.9 2.87316889539
20.0 3.20920774954
20.1 3.46863462477
20.2 3.64554350745
20.3 3.73697283342
20.4 3.74330515303
20.5 3.66815693481
20.6 3.51753183627
20.7 3.29843119696
20.8 3.0175570912
20.9 2.68084292508
21.0 2.29412302173
21.1 1.86451151066
21.2 1.40150621612
21.3 0.916910460133
21.4 0.42339791038
21.5 -0.0675349483727
21.6 -0.547023642776
21.7 -1.00884055696
21.8 -1.44802714042
21.9 -1.8591087494
22.0 -2.23506989432
22.1 -2.56771178852
22.2 -2.84910227424
22.3 -3.07319516082
22.4 -3.23672190477
22.5 -3.33902692394
22.6 -3.38116190436
22.7 -3.3648438791
22.8 -3.29172805203
22.9 -3.16310006136
23.0 -2.97987605707
23.1 -2.74282709217
23.2 -2.45306762368
23.3 -2.1128424615
23.4 -1.72645306236
23.5 -1.30095205474
23.6 -0.846236738771
23.7 -0.374448276802
23.8 0.101059142183
23.9 0.566763504366
24.0 1.00979663191
24.1 1.41864231657
24.2 1.78397985483
24.3 2.09974148789
24.4 2.36400995767
24.5 2.57908014132
24.6 2.75018087775
24.7 2.88299644984
24.8 2.98086398051
24.9 3.04285840036
25.0 3.06365628305
25.1 3.03526367212
25.2 2.94987059569
25.3 2.80269778364
25.4 2.59386451112
25.5 2.32882606711
25.6 2.01746345251
25.7 1.67223113192
25.8 1.30587797802
25.9 0.929277667294
26.0 0.549916024293
26.1 0.171526445649
26.2 -0.204881018003
26.3 -0.578815507585
26.4 -0.947673943961
26.5 -1.30475058608
26.6 -1.63884576427
26.7 -1.93587418299
26.8 -2.18207914069
26.9 -2.36776149239
27.0 -2.49012729717
27.1 -2.55408778446
27.2 -2.57055519955
27.3 -2.55273420268
27.4 -2.51175341691
27.5 -2.45333923162
27.6 -2.37686818233
27.7 -2.27711340782
27.8 -2.14775252781
27.9 -1.98486303557
28.0 -1.78869989481
28.1 -1.5630601891
28.2 -1.31295456074
28.3 -1.04228818295
28.4 -0.753179075005
28.5 -0.447420975247
28.6 -0.129118910997
28.7 0.193365410038
28.8 0.507729956883
28.9 0.800564371604
29.0 1.06142095071
29.1 1.28604980025
29.2 1.47713055642
29.3 1.6421664781
29.4 1.78964924756
29.5 1.92533821934
29.6 2.0502016314
29.7 2.16054175155
29.8 2.24973636756
29.9 2.31046043749
30.0 2.33638774015
30.1 2.32282696713
30.2 2.26695171482
30.3 2.16783235501
30.4 2.02634345871
30.5 1.84539965077
30.6 1.63005379721
30.7 1.38706422905
30.8 1.12379177391
30.9 0.846730628463
31.0 0.560344112159
31.1 0.266905007747
31.2 -0.0323704459464
31.3 -0.335296640225
31.4 -0.636797300124
31.5 -0.928191774783
31.6 -1.19826147232
31.7 -1.4357425654
31.8 -1.632097853
31.9 -1.7832587114
32.0 -1.88962468499
32.1 -1.95460413592
32.2 -1.98274411916
32.3 -1.97854856073
32.4 -1.94641905633
32.5 -1.89125584871
32.6 -1.8187603603
32.7 -1.73472474797
32.8 -1.64339337007
32.9 -1.54576686269
33.0 -1.43894323019
33.1 -1.31709793028
33.2 -1.17382057884
33.3 -1.0048066759
33.4 -0.80975938814
33.5 -0.592811176783
33.6 -0.361502253413
33.7 -0.124933203447
33.8 0.108107207862
33.9 0.330433201495
34.0 0.536944394906
34.1 0.724423391696
34.2 0.89098079403
34.3 1.03552142662
34.4 1.15749991058
34.5 1.25701878971
34.6 1.33507394524
34.7 1.39359537404
34.8 1.43498993332
34.9 1.46118729114
35.0 1.47257673083
35.1 1.46744733422
35.2 1.44240980806
35.3 1.39380263719
35.4 1.31952487423
35.5 1.2204367551
35.6 1.10063073106
35.7 0.966420661222
35.8 0.8245149271
35.9 0.680190813307
36.0 0.536214195495
36.1 0.39284469601
36.2 0.248782162454
36.3 0.102577974336
36.4 -0.0460503934008
36.5 -0.195442631094
36.6 -0.341969589016
36.7 -0.480716510494
36.8 -0.606607112188
36.9 -0.715554651597
37.0 -0.805223298014
37.1 -0.875150896794
37.2 -0.926266568079
37.3 -0.960096416873
37.4 -0.978047077049
37.5 -0.981044512127
37.6 -0.969571965721
37.7 -0.943953353108
37.8 -0.904676472358
37.9 -0.852631257056
38.0 -0.789244247796
38.1 -0.716522943297
38.2 -0.636979783342
38.3 -0.553371187572
38.4 -0.468245485182
38.5 -0.383433876911
38.6 -0.299731175694
38.7 -0.216980286135
38.8 -0.134579213151
38.9 -0.0521860278657
39.0 0.0297280101501
39.1 0.109742348755
39.2 0.185793322113
39.3 0.255712800272
39.4 0.317706011393
39.5 0.37057456961
39.6 0.413679333013
39.7 0.446779161213
39.8 0.469898105127
39.9 0.483288521995
40.0 0.487457385267
40.1 0.483180510734
40.2 0.471455099514
40.3 0.453393389828
40.4 0.43009332452
40.5 0.402522896597
40.6 0.37144148354
40.7 0.337374365333
40.8 0.300655234014
40.9 0.261539634641
41.0 0.220362061781
41.1 0.177676638903
41.2 0.134314592
41.3 0.091325619712
41.4 0.0498281768795
41.5 0.0108381587505
41.6 -0.0248526047941
41.7 -0.0567151990897
41.8 -0.0844557592048
41.9 -0.107962534592
42.0 -0.12726103863
42.1 -0.142483672402
42.2 -0.153841046327
42.3 -0.161584267956
42.4 -0.165963558789
42.5 -0.167200755312
42.6 -0.16548989985
42.7 -0.161024635668
42.8 -0.154036480274
42.9 -0.144824470279
43.0 -0.133764074274
43.1 -0.12129397647
43.2 -0.107886305566
43.3 -0.0940080061564
43.4 -0.080081460508
43.5 -0.0664532862289
43.6 -0.0533798804948
43.7 -0.0410338913195
43.8 -0.0295275666332
43.9 -0.0189413568957
44.0 -0.00934459028282
44.1 -0.000800940257935
44.2 0.00663922843372
44.3 0.0129509672546
44.4 0.0181424697649
44.5 0.0222545120501
44.6 0.0253532984927
44.7 0.0275210019489
44.8 0.0288474589569
44.9 0.0294243371048
45.0 0.0293417452481
45.1 0.028687071186
45.2 0.0275458198225
45.3 0.0260036450268
45.4 0.0241480099781
45.5 0.0220679018683
45.6 0.0198510636176
45.7 0.0175795693326
45.8 0.0153252683429
45.9 0.0131463479735
46.0 0.011085555562
46.1 0.00917016214377
46.2 0.00741367452798
46.3 0.00581920088453
46.4 0.00438391054629
46.5 0.00310340930999
46.6 0.00197465889046
46.7 0.000996651995918
46.8 0.000169127910917
46.9 -0.000509533030068
47.0 -0.0010439989243
47.1 -0.00144261629291
47.2 -0.0017170833272
47.3 -0.00188164656443
47.4 -0.00195220450426
47.5 -0.00194541810346
47.6 -0.00187779147493
47.7 -0.00176477429039
47.8 -0.00162007246012
47.9 -0.00145533970917
48.0 -0.00128024849269
48.1 -0.00110276094708
48.2 -0.000929386906458
48.3 -0.000765327460483
48.4 -0.000614537805522
48.5 -0.000479790836504
48.6 -0.000362777282983
48.7 -0.000264217487089
48.8 -0.000183952767948
48.9 -0.000121026791572
49.0 -7.3803161109e-05
49.1 -4.01523035977e-05
49.2 -1.76905188181e-05
49.3 -4.01365274981e-06
49.4 3.12957012054e-06
49.5 5.74180911468e-06
49.6 5.53776965453e-06
49.7 3.92789369416e-06
49.8 2.00597181654e-06
49.9 5.43022593579e-07
50.0 0.0
50.1 0.0
50.2 0.0
50.3 0.0
50.4 0.0
50.5 0.0
50.6 0.0
50.7 0.0
50.8 0.0
50.9 0.0
51.0 0.0
51.1 0.0
51.2 0.0
51.3 0.0
51.4 0.0
51.5 0.0
51.6 0.0
51.7 0.0
51.8 0.0
51.9 0.0
52.0 0.0
52.1 0.0
52.2 0.0
52.3 0.0
52.4 0.0
52.5 0.0
52.6 0.0
52.7 0.0
52.8 0.0
52.9 0.0
53.0 0.0
53.1 0.0
53.2 0.0
53.3 0.0
53.4 0.0
53.5 0.0
53.6 0.0
53.7 0.0
53.8 0.0
53.9 0.0
54.0 0.0
54.1 0.0
54.2 0.0
54.3 0.0
54.4 0.0
54.5 0.0
54.6 0.0
54.7 0.0
54.8 0.0
54.9 0.0
55.0 0.0
55.1 0.0
55.2 0.0
55.3 0.0
55.4 0.0
55.5 0.0
55.6 0.0
55.7 0.0
55.8 0.0
55.9 0.0
56.0 0.0
56.1 0.0
56.2 0.0
56.3 0.0
56.4 0.0
56.5 0.0
56.6 0.0
56.7 0.0
56.8 0.0
56.9 0.0
57.0 0.0
57.1 0.0
57.2 0.0
57.3 0.0
57.4 0.0
57.5 0.0
57.6 0.0
57.7 0.0
57.8 0.0
57.9 0.0
58.0 0.0
58.1 0.0
58.2 0.0
58.3 0.0
58.4 0.0
58.5 0.0
58.6 0.0
58.7 0.0
58.8 0.0
58.9 0.0
59.0 0.0
59.1 0.0
59.2 0.0
59.3 0.0
59.4 0.0
59.5 0.0
59.6 0.0
59.7 0.0
59.8 0.0
59.9 0.0
60.0 0.0
60.1 0.0
60.2 0.0
60.3 0.0
60.4 0.0
60.5 0.0
60.6 0.0
60.7 0.0
60.8 0.0
60.9 0.0
61.0 0.0
61.1 0.0
61.2 0.0
61.3 0.0
61.4 0.0
61.5 0.0
61.6 0.0
61.7 0.0
61.8 0.0
61.9 0.0
62.0 0.0
62.1 0.0
62.2 0.0
62.3 0.0
62.4 0.0
62.5 0.0
62.6 0.0
62.7 0.0
62.8 0.0
62.9 0.0
63.0 0.0
63.1 0.0
63.2 0.0
63.3 0.0
63.4 0.0
63.5 0.0
63.6 0.0
63.7 0.0
63.8 0.0
63.9 0.0
64.0 0.0
64.1 0.0
64.2 0.0
64.3 0.0
64.4 0.0
64.5 0.0
64.6 0.0
64.7 0.0
64.8 0.0
64.9 0.0
65.0 0.0
65.1 0.0
65.2 0.0
65.3 0.0
65.4 0.0
65.5 0.0
65.6 0.0
65.7 0.0
65.8 0.0
65.9 0.0
66.0 0.0
66.1 0.0
66.2 0.0
66.3 0.0
66.4 0.0
66.5 0.0
66.6 0.0
66.7 0.0
66.8 0.0
66.9 0.0
67.0 0.0
67.1 0.0
67.2 0.0
67.3 0.0
67.4 0.0
67.5 0.0
67.6 0.0
67.7 0.0
67.8 0.0
67.9 0.0
68.0 0.0
68.1 0.0
68.2 0.0
68.3 0.0
68.4 0.0
68.5 0.0
68.6 0.0
68.7 0.0
68.8 0.0
68.9 0.0
69.0 0.0
69.1 0.0
69.2 0.0
69.3 0.0
69.4 0.0
69.5 0.0
69.6 0.0
69.7 0.0
69.8 0.0
69.9 0.0
70.0 0.0
70.1 0.0
70.2 0.0
70.3 0.0
70.4 0.0
70.5 0.0
70.6 0.0
70.7 0.0
70.8 0.0
70.9 0.0
71.0 0.0
71.1 0.0
71.2 0.0
71.3 0.0
71.4 0.0
71.5 0.0
71.6 0.0
71.7 0.0
71.8 0.0
71.9 0.0
72.0 0.0
72.1 0.0
72.2 0.0
72.3 0.0
72.4 0.0
72.5 0.0
72.6 0.0
72.7 0.0
72.8 0.0
72.9 0.0
73.0 0.0
73.1 0.0
73.2 0.0
73.3 0.0
73.4 0.0
73.5 0.0
73.6 0.0
73.7 0.0
73.8 0.0
73.9 0.0
74.0 0.0
74.1 0.0
74.2 0.0
74.3 0.0
74.4 0.0
74.5 0.0
74.6 0.0
74.7 0.0
74.8 0.0
74.9 0.0
75.0 0.0
75.1 0.0
75.2 0.0
75.3 0.0
75.4 0.0
75.5 0.0
75.6 0.0
75.7 0.0
75.8 0.0
75.9 0.0
76.0 0.0
76.1 0.0
76.2 0.0
76.3 0.0
76.4 0.0
76.5 0.0
76.6 0.0
76.7 0.0
76.8 0.0
76.9 0.0
77.0 0.0
77.1 0.0
77.2 0.0
77.3 0.0
77.4 0.0
77.5 0.0
77.6 0.0
77.7 0.0
77.8 0.0
77.9 0.0
78.0 0.0
78.1 0.0
78.2 0.0
78.3 0.0
78.4 0.0
78.5 0.0
78.6 0.0
78.7 0.0
78.8 0.0
78.9 0.0
79.0 0.0
79.1 0.0
79.2 0.0
79.3 0.0
79.4 0.0
79.5 0.0
79.6 0.0
79.7 0.0
79.8 0.0
79.9 0.0
80.0 0.0
80.1 0.0
80.2 0.0
80.3 0.0
80.4 0.0
80.5 0.0
80.6 0.0
80.7 0.0
80.8 0.0
80.9 0.0
81.0 0.0
81.1 0.0
81.2 0.0
81.3 0.0
81.4 0.0
81.5 0.0
81.6 0.0
81.7 0.0
81.8 0.0
81.9 0.0
82.0 0.0
82.1 0.0
82.2 0.0
82.3 0.0
82.4 0.0
82.5 0.0
82.6 0.0
82.7 0.0
82.8 0.0
82.9 0.0
83.0 0.0
83.1 0.0
83.2 0.0
83.3 0.0
83.4 0.0
83.5 0.0
83.6 0.0
83.7 0.0
83.8 0.0
83.9 0.0
84.0 0.0
84.1 0.0
84.2 0.0
84.3 0.0
84.4 0.0
84.5 0.0
84.6 0.0
84.7 0.0
84.8 0.0
84.9 0.0
85.0 0.0
85.1 0.0
85.2 0.0
85.3 0.0
85.4 0.0
85.5 0.0
85.6 0.0
85.7 0.0
85.8 0.0
85.9 0.0
86.0 0.0
86.1 0.0
86.2 0.0
86.3 0.0
86.4 0.0
86.5 0.0
86.6 0.0
86.7 0.0
86.8 0.0
86.9 0.0
87.0 0.0
87.1 0.0
87.2 0.0
87.3 0.0
87.4 0.0
87.5 0.0
87.6 0.0
87.7 0.0
87.8 0.0
87.9 0.0
88.0 0.0
88.1 0.0
88.2 0.0
88.3 0.0
88.4 0.0
88.5 0.0
88.6 0.0
88.7 0.0
88.8 0.0
88.9 0.0
89.0 0.0
89.1 0.0
89.2 0.0
89.3 0.0
89.4 0.0
89.5 0.0
89.6 0.0
89.7 0.0
89.8 0.0
89.9 0.0
90.0 0.0
90.1 0.0
90.2 0.0
90.3 0.0
90.4 0.0
90.5 0.0
90.6 0.0
90.7 0.0
90.8 0.0
90.9 0.0
91.0 0.0
91.1 0.0
91.2 0.0
91.3 0.0
91.4 0.0
91.5 0.0
91.6 0.0
91.7 0.0
91.8 0.0
91.9 0.0
92.0 0.0
92.1 0.0
92.2 0.0
92.3 0.0
92.4 0.0
92.5 0.0
92.6 0.0
92.7 0.0
92.8 0.0
92.9 0.0
93.0 0.0
93.1 0.0
93.2 0.0
93.3 0.0
93.4 0.0
93.5 0.0
93.6 0.0
93.7 0.0
93.8 0.0
93.9 0.0
94.0 0.0
94.1 0.0
94.2 0.0
94.3 0.0
94.4 0.0
94.5 0.0
94.6 0.0
94.7 0.0
94.8 0.0
94.9 0.0
95.0 0.0
95.1 0.0
95.2 0.0
95.3 0.0
95.4 0.0
95.5 0.0
95.6 0.0
95.7 0.0
95.8 0.0
95.9 0.0
96.0 0.0
96.1 0.0
96.2 0.0
96.3 0.0
96.4 0.0
96.5 0.0
96.6 0.0
96.7 0.0
96.8 0.0
96.9 0.0
97.0 0.0
97.1 0.0
97.2 0.0
97.3 0.0
97.4 0.0
97.5 0.0
97.6 0.0
97.7 0.0
97.8 0.0
97.9 0.0
98.0 0.0
98.1 0.0
98.2 0.0
98.3 0.0
98.4 0.0
98.5 0.0
98.6 0.0
98.7 0.0
98.8 0.0
98.9 0.0
99.0 0.0
99.1 0.0
99.2 0.0
99.3 0.0
99.4 0.0
99.5 0.0
99.6 0.0
99.7 0.0
99.8 0.0
99.9 0.0
100.0 0.0
100.1 0.0
100.2 0.0
100.3 0.0
100.4 0.0
100.5 0.0
100.6 0.0
100.7 0.0
100.8 0.0
100.9 0.0
101.0 0.0
101.1 0.0
101.2 0.0
101.3 0.0
101.4 0.0
101.5 0.0
101.6 0.0
101.7 0.0
101.8 0.0
101.9 0.0
102.0 0.0
102.1 0.0
102.2 0.0
102.3 0.0
