0.0 -0.192026789305
0.09691 0.146920070376
0.19382 0.480825716638
0.29073 0.758907887813
0.38764 0.941644446576
0.48455 1.00915981984
0.58146 0.962994563101
0.67837 0.822382254355
0.77528 0.617091477799
0.87219 0.378561183367
0.9691 0.13204473598
1.06601 -0.107527933553
1.16292 -0.334803824595
1.25983 -0.548051298474
1.35674 -0.739844578417
1.45365 -0.889833675183
1.55056 -0.965424561982
1.64747 -0.931462879346
1.74438 -0.761895150062
1.84129 -0.445864478804
1.9382 0.00954762566119
2.03511 0.574243301053
2.13202 1.18919179467
2.22893 1.76517989349
2.32584 2.18724202762
2.42275 2.32462006196
2.51966 2.05087317157
2.61657 1.27641284916
2.71348 -0.0144454464473
2.81039 -1.73464194871
2.9073 -3.68066075058
3.00421 -5.53610299964
3.10112 -6.89864895946
3.19803 -7.34152377342
3.29494 -6.51640876298
3.39185 -4.28217868999
3.48876 -0.811709421806
3.58567 3.38163712663
3.68258 7.5287381261
3.77949 10.7841017436
3.8764 12.44525775
3.97331 12.1426605895
4.07022 9.93948264902
4.16713 6.30867168401
4.26404 1.99356719309
4.36095 -2.20281623432
4.45786 -5.62952526084
4.55477 -7.93031995812
4.65168 -9.07475701213
4.74859 -9.28012970264
4.8455 -8.86795869344
4.94241 -8.11811725906
5.03932 -7.17669362693
5.13623 -6.0449140822
5.23314 -4.6380930244
5.33005 -2.87494966904
5.42696 -0.752525092952
5.52387 1.6219807461
5.62078 4.04728962575
5.71769 6.27758955064
5.8146 8.08178921547
5.91151 9.2900528779
6.00842 9.8143181062
6.10533 9.64222350418
6.20224 8.81545533142
6.29915 7.40838602981
6.39606 5.51878828446
6.49297 3.27216430215
6.58988 0.830922596621
6.68679 -1.60493959893
6.7837 -3.81572442626
6.88061 -5.59862976651
6.97752 -6.81169447395
7.07443 -7.407598822
7.17134 -7.44247784422
7.26825 -7.05475224811
7.36516 -6.4207306366
7.46207 -5.70201029954
7.55898 -5.00211832261
7.65589 -4.3461088446
7.7528 -3.68870873557
7.84971 -2.94683028799
7.94662 -2.04358526639
8.04353 -0.946954559146
8.14044 0.311101570813
8.23735 1.64113500851
8.33426 2.92379383665
8.43117 4.04590188932
8.52808 4.93047621376
8.62499 5.55036286021
8.7219 5.92273841462
8.81881 6.08920141478
8.91572 6.09096588906
9.01263 5.94920143319
9.10954 5.65727234658
9.20645 5.18648484349
9.30336 4.50192304279
9.40027 3.5816000948
9.49718 2.43156341651
9.59409 1.09211210469
9.691 -0.365509305458
9.78791 -1.84910639712
9.88482 -3.25800810844
9.98173 -4.49481313821
10.07864 -5.47559698207
10.17555 -6.13931903294
10.27246 -6.45653112624
10.36937 -6.43543167508
10.46628 -6.12184552997
10.56319 -5.59047846225
10.6601 -4.9277895569
10.75701 -4.21059317727
10.85392 -3.48728526968
10.95083 -2.76880066122
11.04774 -2.0333382366
11.14465 -1.24350000134
11.24156 -0.369203594239
11.33847 0.592803751022
11.43538 1.61052385399
11.53229 2.62232960145
11.6292 3.55368912409
11.72611 4.33755415927
11.82302 4.92997585601
11.91993 5.31551442818
12.01684 5.5022539768
12.11375 5.5107951084
12.21066 5.36327798218
12.30757 5.07695825995
12.40448 4.6634872983
12.50139 4.13187744813
12.5983 3.49182850271
12.69521 2.7550895032
12.79212 1.93485879581
12.88903 1.04515639452
12.98594 0.10226914533
13.08285 -0.871321663958
13.17976 -1.84251093469
13.27667 -2.76605549333
13.37358 -3.5887076582
13.47049 -4.25901670606
13.5674 -4.73949526789
13.66431 -5.01589321535
13.76122 -5.09907222058
13.85813 -5.01826729232
13.95504 -4.80870450835
14.05195 -4.49935235127
14.14886 -4.10643286399
14.24577 -3.63522342323
14.34268 -3.08827524714
14.43959 -2.47484009311
14.5365 -1.81584183118
14.63341 -1.14140069168
14.73032 -0.48222910395
14.82723 0.140244607431
14.92414 0.719379276383
15.02105 1.26120869465
15.11796 1.7757267215
15.21487 2.26630906311
15.31178 2.72312278948
15.40869 3.12424139455
15.5056 3.44398157177
15.60251 3.66403005029
15.69942 3.78140627634
15.79633 3.80902744071
15.89324 3.76863256112
15.99015 3.67987826765
16.08706 3.55134176958
16.18397 3.37797154998
16.28088 3.14595469023
16.37779 2.84203316787
16.4747 2.46213823738
16.57161 2.01490819907
16.66852 1.51868776777
16.76543 0.994199759779
16.86234 0.45723675021
16.95925 -0.0846564739355
17.05616 -0.630083078765
17.15307 -1.17800760325
17.24998 -1.72197223673
17.34689 -2.2477328597
17.4438 -2.73552011573
17.54071 -3.16536855902
17.63762 -3.52227996114
17.73453 -3.79832137103
17.83144 -3.99080977672
17.92835 -4.09820376205
18.02526 -4.11670146299
18.12217 -4.04001767481
18.21908 -3.86272853973
18.31599 -3.58521652863
18.4129 -3.21706974903
18.50981 -2.7765309675
18.60672 -2.28584600513
18.70363 -1.76480788385
18.80054 -1.22597480041
18.89745 -0.674221046767
18.99436 -0.110885145562
19.09127 0.459842820696
19.18818 1.02600316157
19.28509 1.5674149098
19.382 2.06028559499
19.47891 2.48470542852
19.57582 2.83122962911
19.67273 3.10316073095
19.76964 3.31333211908
19.86655 3.47696101058
19.96346 3.60401088065
20.06037 3.69455015102
20.15728 3.73890687994
20.25419 3.72200200302
20.3511 3.62940751756
20.44801 3.45230177234
20.54492 3.18958440844
20.64183 2.84717061763
20.73874 2.43583631195
20.83565 1.96923070868
20.93256 1.46285809336
21.02947 0.933657731032
21.12638 0.399148096233
21.22329 -0.124583932244
21.3202 -0.625704579457
21.41711 -1.09887569284
21.51402 -1.54530377143
21.61093 -1.9698770641
21.70784 -2.37625786523
21.80475 -2.76213912268
21.90166 -3.11709853035
21.99857 -3.42432801439
22.09548 -3.66553833111
22.19239 -3.82662663458
22.2893 -3.90124952903
22.38621 -3.89057868331
22.48312 -3.7996417347
22.58003 -3.63258469183
22.67694 -3.38982154877
22.77385 -3.06896615304
22.87076 -2.66923714932
22.96767 -2.19691739812
23.06458 -1.66863895077
23.16149 -1.11025031602
23.2584 -0.55130219602
23.35531 -0.0175287801504
23.45222 0.475177617733
23.54913 0.922520270811
23.64604 1.3286764797
23.74295 1.70015217186
23.83986 2.03988518049
23.93677 2.3445240876
24.03368 2.60593724582
24.13059 2.8156699703
24.2275 2.9695505329
24.32441 3.06974192953
24.42132 3.12312741586
24.51823 3.13706279421
24.61514 3.11501063143
24.71205 3.05458356116
24.80896 2.94910631984
24.90587 2.79180049889
25.00278 2.58024844
25.09969 2.31870083777
25.1966 2.01706612361
25.29351 1.68729814751
25.39042 1.33930402728
25.48733 0.978649874221
25.58424 0.607203803063
25.68115 0.226113126508
25.77806 -0.160823062933
25.87497 -0.545504068619
25.97188 -0.916669909306
26.06879 -1.26325438151
26.1657 -1.57806444455
26.26261 -1.8596761055
26.35952 -2.11139750165
26.45643 -2.3377430703
26.55334 -2.54020315769
26.65025 -2.71446356871
26.74716 -2.85046528724
26.84407 -2.93524873431
26.94098 -2.95719158997
27.03789 -2.9097079391
27.1348 -2.79294229749
27.23171 -2.61312561712
27.32862 -2.38039664574
27.42553 -2.10643035859
27.52244 -1.80294511352
27.61935 -1.48134474983
27.71626 -1.15293728465
27.81317 -0.828849462546
27.91008 -0.519079970111
28.00699 -0.230852950469
28.1039 0.0329322891698
28.20081 0.274217391958
28.29772 0.498771561273
28.39463 0.713915482515
28.49154 0.925881192518
28.58845 1.13784965422
28.68536 1.34930398484
28.78227 1.55664680027
28.87918 1.75446310257
28.97609 1.93666940088
29.073 2.09710096636
29.16991 2.22946685199
29.26682 2.32749864845
29.36373 2.38553387697
29.46064 2.39927663421
29.55755 2.36679059522
29.65446 2.28904476942
29.75137 2.16962270213
29.84828 2.01366312178
29.94519 1.82655571905
30.0421 1.61307237915
30.13901 1.37735565628
30.23592 1.12365598733
30.33283 0.857227107973
30.42974 0.584657979556
30.52665 0.313237129739
30.62356 0.0495382607748
30.72047 -0.20206388536
30.81738 -0.440109782338
30.91429 -0.665526166195
31.0112 -0.880035162012
31.10811 -1.08427424504
31.20502 -1.27657703572
31.30193 -1.45301896065
31.39884 -1.60865019241
31.49575 -1.73920246967
31.59266 -1.84232343487
31.68957 -1.91768949019
31.78648 -1.96600162775
31.88339 -1.98750488612
31.9803 -1.98093483051
32.07721 -1.94354722374
32.17412 -1.87228407616
32.27103 -1.76551714529
32.36794 -1.62452249438
32.46485 -1.45400961272
32.56176 -1.26152527777
32.65867 -1.0560759466
32.75558 -0.846579983739
32.85249 -0.640668836273
32.9494 -0.444023635275
33.04631 -0.26010858192
33.14322 -0.0900551278341
33.24013 0.0673982739495
33.33704 0.215744315168
33.43395 0.360014078313
33.53086 0.505377972456
33.62777 0.655244276183
33.72468 0.80947373398
33.82159 0.963507100918
33.9185 1.10897859614
34.01541 1.23581284299
34.11232 1.33513472617
34.20923 1.40189701628
34.30614 1.43618328186
34.40305 1.4426740771
34.49996 1.42853264397
34.59687 1.40061275282
34.69378 1.36312025969
34.79069 1.31658702448
34.8876 1.25840032989
34.98451 1.18448127665
35.08142 1.09131437013
35.17833 0.977531856359
35.27524 0.844580438151
35.37215 0.69643694651
35.46906 0.538676418891
35.56597 0.377316912729
35.66288 0.217793806025
35.75979 0.0642627293163
35.8567 -0.0806986194925
35.95361 -0.215987034483
36.05052 -0.341507642331
36.14743 -0.457453328794
36.24434 -0.563543427707
36.34125 -0.658517618665
36.43816 -0.740152188152
36.53507 -0.805881642394
36.63198 -0.85382194148
36.72889 -0.883743409798
36.8258 -0.897486671798
36.92271 -0.898524830902
37.01962 -0.890776876603
37.11653 -0.87717580441
37.21344 -0.858670766871
37.31035 -0.834175814584
37.40726 -0.801526320509
37.50417 -0.758987443408
37.60108 -0.706549277961
37.69799 -0.646319826895
37.7949 -0.581771692417
37.89181 -0.516194634308
37.98872 -0.451144967603
38.08563 -0.385724978104
38.18254 -0.317132534865
38.27945 -0.242282495446
38.37636 -0.159741263343
38.47327 -0.0710244953329
38.57018 0.0194100574347
38.66709 0.105524497166
38.764 0.18182095922
38.86091 0.245267334092
38.95782 0.296177683032
39.05473 0.337693207668
39.15164 0.374148669204
39.24855 0.409083532138
39.34546 0.443759067202
39.44237 0.476756224263
39.53928 0.504719951009
39.63619 0.523833379107
39.7331 0.531356615111
39.83001 0.526623940321
39.92692 0.511188038786
40.02383 0.488169356181
40.12074 0.46115085022
40.21765 0.433061296994
40.31456 0.405415453231
40.41147 0.378096986742
40.50838 0.349670325256
40.60529 0.318057760162
40.7022 0.281345368249
40.79911 0.238480536962
40.89602 0.189677169643
40.99293 0.136434905268
41.08984 0.0811901024923
41.18675 0.0267266016929
41.28366 -0.0244492949676
41.38057 -0.0705566219757
41.47748 -0.110672101968
41.57439 -0.144546124499
41.6713 -0.172243868198
41.76821 -0.193830182575
41.86512 -0.209282739498
41.96203 -0.218681960396
42.05894 -0.222555396716
42.15585 -0.222141945082
42.25276 -0.219356246846
42.34967 -0.216378173655
42.44658 -0.214995575814
42.54349 -0.215981561856
42.6404 -0.218802777498
42.73731 -0.221816152281
42.83422 -0.222885314648
42.93113 -0.220150054241
43.02804 -0.212615173576
43.12495 -0.200322543777
43.22186 -0.184079624589
43.31877 -0.16492959813
43.41568 -0.143655330463
43.51259 -0.120562876413
43.6095 -0.0956230445247
43.70641 -0.0688550079013
43.80332 -0.0407160073863
43.90023 -0.0122726912627
43.99714 0.0149425314894
44.09405 0.039317120754
44.19096 0.0595926910658
44.28787 0.0751425055147
44.38478 0.085980955854
44.48169 0.0925371546045
44.5786 0.0953388039211
44.67551 0.094780453249
44.77242 0.0910851243064
44.86933 0.0844524146345
44.96624 0.0752846805686
45.06315 0.0643472359268
45.16006 0.052760823418
45.25697 0.0418154169758
45.35388 0.032682598817
45.45079 0.0261458291442
45.5477 0.0224495201502
45.64461 0.0213069086931
45.74152 0.0220392602767
45.83843 0.0237773479193
45.93534 0.0256533814141
46.03225 0.0269385117648
46.12916 0.0271162827716
46.22607 0.0259065048665
46.32298 0.0232594610109
46.41989 0.0193323960976
46.5168 0.0144502615934
46.61371 0.00904949118189
46.71062 0.00360843171068
46.80753 -0.00142435985413
46.90444 -0.00568921111442
47.00135 -0.00895076610079
47.09826 -0.011107363002
47.19517 -0.0121801564807
47.29208 -0.0122909828306
47.38899 -0.0116355973619
47.4859 -0.0104542791614
47.58281 -0.00899929041345
47.67972 -0.00750042181859
47.77663 -0.00613420560705
47.87354 -0.00500525013107
47.97045 -0.00414617161633
48.06736 -0.00353577742131
48.16427 -0.00312715389121
48.26118 -0.00287309264078
48.35809 -0.00273874182091
48.455 -0.00269925290064
48.55191 -0.00269925290064
48.64882 -0.00269925290064
48.74573 -0.00269925290064
48.84264 -0.00269925290064
48.93955 -0.00269925290064
49.03646 -0.00269925290064
49.13337 -0.00269925290064
49.23028 -0.00269925290064
49.32719 -0.00269925290064
49.4241 -0.00269925290064
49.52101 -0.00269925290064
49.61792 -0.00269925290064
49.71483 -0.00269925290064
49.81174 -0.00269925290064
49.90865 -0.00269925290064
50.00556 -0.00269925290064
50.10247 -0.00269925290064
50.19938 -0.00269925290064
50.29629 -0.00269925290064
50.3932 -0.00269925290064
50.49011 -0.00269925290064
50.58702 -0.00269925290064
50.68393 -0.00269925290064
50.78084 -0.00269925290064
50.87775 -0.00269925290064
50.97466 -0.00269925290064
51.07157 -0.00269925290064
51.16848 -0.00269925290064
51.26539 -0.00269925290064
51.3623 -0.00269925290064
51.45921 -0.00269925290064
51.55612 -0.00269925290064
51.65303 -0.00269925290064
51.74994 -0.00269925290064
51.84685 -0.00269925290064
51.94376 -0.00269925290064
52.04067 -0.00269925290064
52.13758 -0.00269925290064
52.23449 -0.00269925290064
52.3314 -0.00269925290064
52.42831 -0.00269925290064
52.52522 -0.00269925290064
52.62213 -0.00269925290064
52.71904 -0.00269925290064
52.81595 -0.00269925290064
52.91286 -0.00269925290064
53.00977 -0.00269925290064
53.10668 -0.00269925290064
53.20359 -0.00269925290064
53.3005 -0.00269925290064
53.39741 -0.00269925290064
53.49432 -0.00269925290064
53.59123 -0.00269925290064
53.68814 -0.00269925290064
53.78505 -0.00269925290064
53.88196 -0.00269925290064
53.97887 -0.00269925290064
54.07578 -0.00269925290064
54.17269 -0.00269925290064
54.2696 -0.00269925290064
54.36651 -0.00269925290064
54.46342 -0.00269925290064
54.56033 -0.00269925290064
54.65724 -0.00269925290064
54.75415 -0.00269925290064
54.85106 -0.00269925290064
54.94797 -0.00269925290064
55.04488 -0.00269925290064
55.14179 -0.00269925290064
55.2387 -0.00269925290064
55.33561 -0.00269925290064
55.43252 -0.00269925290064
55.52943 -0.00269925290064
55.62634 -0.00269925290064
55.72325 -0.00269925290064
55.82016 -0.00269925290064
55.91707 -0.00269925290064
56.01398 -0.00269925290064
56.11089 -0.00269925290064
56.2078 -0.00269925290064
56.30471 -0.00269925290064
56.40162 -0.00269925290064
56.49853 -0.00269925290064
56.59544 -0.00269925290064
56.69235 -0.00269925290064
56.78926 -0.00269925290064
56.88617 -0.00269925290064
56.98308 -0.00269925290064
57.07999 -0.00269925290064
57.1769 -0.00269925290064
57.27381 -0.00269925290064
57.37072 -0.00269925290064
57.46763 -0.00269925290064
57.56454 -0.00269925290064
57.66145 -0.00269925290064
57.75836 -0.00269925290064
57.85527 -0.00269925290064
57.95218 -0.00269925290064
58.04909 -0.00269925290064
58.146 -0.00269925290064
58.24291 -0.00269925290064
58.33982 -0.00269925290064
58.43673 -0.00269925290064
58.53364 -0.00269925290064
58.63055 -0.00269925290064
58.72746 -0.00269925290064
58.82437 -0.00269925290064
58.92128 -0.00269925290064
59.01819 -0.00269925290064
59.1151 -0.00269925290064
59.21201 -0.00269925290064
59.30892 -0.00269925290064
59.40583 -0.00269925290064
59.50274 -0.00269925290064
59.59965 -0.00269925290064
59.69656 -0.00269925290064
59.79347 -0.00269925290064
59.89038 -0.00269925290064
59.98729 -0.00269925290064
60.0842 -0.00269925290064
60.18111 -0.00269925290064
60.27802 -0.00269925290064
60.37493 -0.00269925290064
60.47184 -0.00269925290064
60.56875 -0.00269925290064
60.66566 -0.00269925290064
60.76257 -0.00269925290064
60.85948 -0.00269925290064
60.95639 -0.00269925290064
61.0533 -0.00269925290064
61.15021 -0.00269925290064
61.24712 -0.00269925290064
61.34403 -0.00269925290064
61.44094 -0.00269925290064
61.53785 -0.00269925290064
61.63476 -0.00269925290064
61.73167 -0.00269925290064
61.82858 -0.00269925290064
61.92549 -0.00269925290064
62.0224 -0.00269925290064
62.11931 -0.00269925290064
62.21622 -0.00269925290064
62.31313 -0.00269925290064
62.41004 -0.00269925290064
62.50695 -0.00269925290064
62.60386 -0.00269925290064
62.70077 -0.00269925290064
62.79768 -0.00269925290064
62.89459 -0.00269925290064
62.9915 -0.00269925290064
63.08841 -0.00269925290064
63.18532 -0.00269925290064
63.28223 -0.00269925290064
63.37914 -0.00269925290064
63.47605 -0.00269925290064
63.57296 -0.00269925290064
63.66987 -0.00269925290064
63.76678 -0.00269925290064
63.86369 -0.00269925290064
63.9606 -0.00269925290064
64.05751 -0.00269925290064
64.15442 -0.00269925290064
64.25133 -0.00269925290064
64.34824 -0.00269925290064
64.44515 -0.00269925290064
64.54206 -0.00269925290064
64.63897 -0.00269925290064
64.73588 -0.00269925290064
64.83279 -0.00269925290064
64.9297 -0.00269925290064
65.02661 -0.00269925290064
65.12352 -0.00269925290064
65.22043 -0.00269925290064
65.31734 -0.00269925290064
65.41425 -0.00269925290064
65.51116 -0.00269925290064
65.60807 -0.00269925290064
65.70498 -0.00269925290064
65.80189 -0.00269925290064
65.8988 -0.00269925290064
65.99571 -0.00269925290064
66.09262 -0.00269925290064
66.18953 -0.00269925290064
66.28644 -0.00269925290064
66.38335 -0.00269925290064
66.48026 -0.00269925290064
66.57717 -0.00269925290064
66.67408 -0.00269925290064
66.77099 -0.00269925290064
66.8679 -0.00269925290064
66.96481 -0.00269925290064
67.06172 -0.00269925290064
67.15863 -0.00269925290064
67.25554 -0.00269925290064
67.35245 -0.00269925290064
67.44936 -0.00269925290064
67.54627 -0.00269925290064
67.64318 -0.00269925290064
67.74009 -0.00269925290064
67.837 -0.00269925290064
67.93391 -0.00269925290064
68.03082 -0.00269925290064
68.12773 -0.00269925290064
68.22464 -0.00269925290064
68.32155 -0.00269925290064
68.41846 -0.00269925290064
68.51537 -0.00269925290064
68.61228 -0.00269925290064
68.70919 -0.00269925290064
68.8061 -0.00269925290064
68.90301 -0.00269925290064
68.99992 -0.00269925290064
69.09683 -0.00269925290064
69.19374 -0.00269925290064
69.29065 -0.00269925290064
69.38756 -0.00269925290064
69.48447 -0.00269925290064
69.58138 -0.00269925290064
69.67829 -0.00269925290064
69.7752 -0.00269925290064
69.87211 -0.00269925290064
69.96902 -0.00269925290064
70.06593 -0.00269925290064
70.16284 -0.00269925290064
70.25975 -0.00269925290064
70.35666 -0.00269925290064
70.45357 -0.00269925290064
70.55048 -0.00269925290064
70.64739 -0.00269925290064
70.7443 -0.00269925290064
70.84121 -0.00269925290064
70.93812 -0.00269925290064
71.03503 -0.00269925290064
71.13194 -0.00269925290064
71.22885 -0.00269925290064
71.32576 -0.00269925290064
71.42267 -0.00269925290064
71.51958 -0.00269925290064
71.61649 -0.00269925290064
71.7134 -0.00269925290064
71.81031 -0.00269925290064
71.90722 -0.00269925290064
72.00413 -0.00269925290064
72.10104 -0.00269925290064
72.19795 -0.00269925290064
72.29486 -0.00269925290064
72.39177 -0.00269925290064
72.48868 -0.00269925290064
72.58559 -0.00269925290064
72.6825 -0.00269925290064
72.77941 -0.00269925290064
72.87632 -0.00269925290064
72.97323 -0.00269925290064
73.07014 -0.00269925290064
73.16705 -0.00269925290064
73.26396 -0.00269925290064
73.36087 -0.00269925290064
73.45778 -0.00269925290064
73.55469 -0.00269925290064
73.6516 -0.00269925290064
73.74851 -0.00269925290064
73.84542 -0.00269925290064
73.94233 -0.00269925290064
74.03924 -0.00269925290064
74.13615 -0.00269925290064
74.23306 -0.00269925290064
74.32997 -0.00269925290064
74.42688 -0.00269925290064
74.52379 -0.00269925290064
74.6207 -0.00269925290064
74.71761 -0.00269925290064
74.81452 -0.00269925290064
74.91143 -0.00269925290064
75.00834 -0.00269925290064
75.10525 -0.00269925290064
75.20216 -0.00269925290064
75.29907 -0.00269925290064
75.39598 -0.00269925290064
75.49289 -0.00269925290064
75.5898 -0.00269925290064
75.68671 -0.00269925290064
75.78362 -0.00269925290064
75.88053 -0.00269925290064
75.97744 -0.00269925290064
76.07435 -0.00269925290064
76.17126 -0.00269925290064
76.26817 -0.00269925290064
76.36508 -0.00269925290064
76.46199 -0.00269925290064
76.5589 -0.00269925290064
76.65581 -0.00269925290064
76.75272 -0.00269925290064
76.84963 -0.00269925290064
76.94654 -0.00269925290064
77.04345 -0.00269925290064
77.14036 -0.00269925290064
77.23727 -0.00269925290064
77.33418 -0.00269925290064
77.43109 -0.00269925290064
77.528 -0.00269925290064
77.62491 -0.00269925290064
77.72182 -0.00269925290064
77.81873 -0.00269925290064
77.91564 -0.00269925290064
78.01255 -0.00269925290064
78.10946 -0.00269925290064
78.20637 -0.00269925290064
78.30328 -0.00269925290064
78.40019 -0.00269925290064
78.4971 -0.00269925290064
78.59401 -0.00269925290064
78.69092 -0.00269925290064
78.78783 -0.00269925290064
78.88474 -0.00269925290064
78.98165 -0.00269925290064
79.07856 -0.00269925290064
79.17547 -0.00269925290064
79.27238 -0.00269925290064
79.36929 -0.00269925290064
79.4662 -0.00269925290064
79.56311 -0.00269925290064
79.66002 -0.00269925290064
79.75693 -0.00269925290064
79.85384 -0.00269925290064
79.95075 -0.00269925290064
80.04766 -0.00269925290064
80.14457 -0.00269925290064
80.24148 -0.00269925290064
80.33839 -0.00269925290064
80.4353 -0.00269925290064
80.53221 -0.00269925290064
80.62912 -0.00269925290064
80.72603 -0.00269925290064
80.82294 -0.00269925290064
80.91985 -0.00269925290064
81.01676 -0.00269925290064
81.11367 -0.00269925290064
81.21058 -0.00269925290064
81.30749 -0.00269925290064
81.4044 -0.00269925290064
81.50131 -0.00269925290064
81.59822 -0.00269925290064
81.69513 -0.00269925290064
81.79204 -0.00269925290064
81.88895 -0.00269925290064
81.98586 -0.00269925290064
82.08277 -0.00269925290064
82.17968 -0.00269925290064
82.27659 -0.00269925290064
82.3735 -0.00269925290064
82.47041 -0.00269925290064
82.56732 -0.00269925290064
82.66423 -0.00269925290064
82.76114 -0.00269925290064
82.85805 -0.00269925290064
82.95496 -0.00269925290064
83.05187 -0.00269925290064
83.14878 -0.00269925290064
83.24569 -0.00269925290064
83.3426 -0.00269925290064
83.43951 -0.00269925290064
83.53642 -0.00269925290064
83.63333 -0.00269925290064
83.73024 -0.00269925290064
83.82715 -0.00269925290064
83.92406 -0.00269925290064
84.02097 -0.00269925290064
84.11788 -0.00269925290064
84.21479 -0.00269925290064
84.3117 -0.00269925290064
84.40861 -0.00269925290064
84.50552 -0.00269925290064
84.60243 -0.00269925290064
84.69934 -0.00269925290064
84.79625 -0.00269925290064
84.89316 -0.00269925290064
84.99007 -0.00269925290064
85.08698 -0.00269925290064
85.18389 -0.00269925290064
85.2808 -0.00269925290064
85.37771 -0.00269925290064
85.47462 -0.00269925290064
85.57153 -0.00269925290064
85.66844 -0.00269925290064
85.76535 -0.00269925290064
85.86226 -0.00269925290064
85.95917 -0.00269925290064
86.05608 -0.00269925290064
86.15299 -0.00269925290064
86.2499 -0.00269925290064
86.34681 -0.00269925290064
86.44372 -0.00269925290064
86.54063 -0.00269925290064
86.63754 -0.00269925290064
86.73445 -0.00269925290064
86.83136 -0.00269925290064
86.92827 -0.00269925290064
87.02518 -0.00269925290064
87.12209 -0.00269925290064
87.219 -0.00269925290064
87.31591 -0.00269925290064
87.41282 -0.00269925290064
87.50973 -0.00269925290064
87.60664 -0.00269925290064
87.70355 -0.00269925290064
87.80046 -0.00269925290064
87.89737 -0.00269925290064
87.99428 -0.00269925290064
88.09119 -0.00269925290064
88.1881 -0.00269925290064
88.28501 -0.00269925290064
88.38192 -0.00269925290064
88.47883 -0.00269925290064
88.57574 -0.00269925290064
88.67265 -0.00269925290064
88.76956 -0.00269925290064
88.86647 -0.00269925290064
88.96338 -0.00269925290064
89.06029 -0.00269925290064
89.1572 -0.00269925290064
89.25411 -0.00269925290064
89.35102 -0.00269925290064
89.44793 -0.00269925290064
89.54484 -0.00269925290064
89.64175 -0.00269925290064
89.73866 -0.00269925290064
89.83557 -0.00269925290064
89.93248 -0.00269925290064
90.02939 -0.00269925290064
90.1263 -0.00269925290064
90.22321 -0.00269925290064
90.32012 -0.00269925290064
90.41703 -0.00269925290064
90.51394 -0.00269925290064
90.61085 -0.00269925290064
90.70776 -0.00269925290064
90.80467 -0.00269925290064
90.90158 -0.00269925290064
90.99849 -0.00269925290064
91.0954 -0.00269925290064
91.19231 -0.00269925290064
91.28922 -0.00269925290064
91.38613 -0.00269925290064
91.48304 -0.00269925290064
91.57995 -0.00269925290064
91.67686 -0.00269925290064
91.77377 -0.00269925290064
91.87068 -0.00269925290064
91.96759 -0.00269925290064
92.0645 -0.00269925290064
92.16141 -0.00269925290064
92.25832 -0.00269925290064
92.35523 -0.00269925290064
92.45214 -0.00269925290064
92.54905 -0.00269925290064
92.64596 -0.00269925290064
92.74287 -0.00269925290064
92.83978 -0.00269925290064
92.93669 -0.00269925290064
93.0336 -0.00269925290064
93.13051 -0.00269925290064
93.22742 -0.00269925290064
93.32433 -0.00269925290064
93.42124 -0.00269925290064
93.51815 -0.00269925290064
93.61506 -0.00269925290064
93.71197 -0.00269925290064
93.80888 -0.00269925290064
93.90579 -0.00269925290064
94.0027 -0.00269925290064
94.09961 -0.00269925290064
94.19652 -0.00269925290064
94.29343 -0.00269925290064
94.39034 -0.00269925290064
94.48725 -0.00269925290064
94.58416 -0.00269925290064
94.68107 -0.00269925290064
94.77798 -0.00269925290064
94.87489 -0.00269925290064
94.9718 -0.00269925290064
95.06871 -0.00269925290064
95.16562 -0.00269925290064
95.26253 -0.00269925290064
95.35944 -0.00269925290064
95.45635 -0.00269925290064
95.55326 -0.00269925290064
95.65017 -0.00269925290064
95.74708 -0.00269925290064
95.84399 -0.00269925290064
95.9409 -0.00269925290064
96.03781 -0.00269925290064
96.13472 -0.00269925290064
96.23163 -0.00269925290064
96.32854 -0.00269925290064
96.42545 -0.00269925290064
96.52236 -0.00269925290064
96.61927 -0.00269925290064
96.71618 -0.00269925290064
96.81309 -0.00269925290064
96.91 -0.00269925290064
97.00691 -0.00269925290064
97.10382 -0.00269925290064
97.20073 -0.00269925290064
97.29764 -0.00269925290064
97.39455 -0.00269925290064
97.49146 -0.00269925290064
97.58837 -0.00269925290064
97.68528 -0.00269925290064
97.78219 -0.00269925290064
97.8791 -0.00269925290064
97.97601 -0.00269925290064
98.07292 -0.00269925290064
98.16983 -0.00269925290064
98.26674 -0.00269925290064
98.36365 -0.00269925290064
98.46056 -0.00269925290064
98.55747 -0.00269925290064
98.65438 -0.00269925290064
98.75129 -0.00269925290064
98.8482 -0.00269925290064
98.94511 -0.00269925290064
99.04202 -0.00269925290064
99.13893 -0.00269925290064
