0.0 0.0298238353745
0.09315 0.35544660414
0.1863 0.66199061154
0.27945 0.90048258754
0.3726 1.03511529283
0.46575 1.05568594353
0.5589 0.978696310821
0.65205 0.837404800864
0.7452 0.665907125392
0.83835 0.484474191229
0.9315 0.293276031027
1.02465 0.0777569203678
1.1178 -0.177018105639
1.21095 -0.469467542336
1.3041 -0.769833165346
1.39725 -1.02057118749
1.4904 -1.15074572976
1.58355 -1.09908809477
1.6767 -0.834043273257
1.76985 -0.361763310409
1.863 0.275758654449
1.95615 1.00505448925
2.0493 1.7254941764
2.14245 2.31524725262
2.2356 2.63979369092
2.32875 2.56522270831
2.4219 1.98188150577
2.51505 0.839337919054
2.6082 -0.817247157927
2.70135 -2.82428788178
2.7945 -4.89997887157
2.88765 -6.67006134478
2.9808 -7.71965190409
3.07395 -7.67062682622
3.1671 -6.27894177667
3.26025 -3.53204288942
3.3534 0.290423847734
3.44655 4.62908831714
3.5397 8.74186271236
3.63285 11.8630644484
3.726 13.3798696563
3.81915 12.9765268436
3.9123 10.70652433
4.00545 6.97299964562
4.0986 2.42331593462
4.19175 -2.21096029104
4.2849 -6.28039570819
4.37805 -9.34103461783
4.4712 -11.2024115275
4.56435 -11.8971098988
4.6575 -11.5969232035
4.75065 -10.5158562806
4.8438 -8.83883305449
4.93695 -6.6984192973
5.0301 -4.19678333505
5.12325 -1.44936569238
5.2164 1.37940264137
5.30955 4.06955149636
5.4027 6.37378927862
5.49585 8.07065098808
5.589 9.02206032886
5.68215 9.21202133709
5.7753 8.74933014159
5.86845 7.83072831609
5.9616 6.67714552317
6.05475 5.46710501842
6.1479 4.29245993714
6.24105 3.15193682519
6.3342 1.98207361976
6.42735 0.710166511849
6.5205 -0.694165830748
6.61365 -2.18983322006
6.7068 -3.66749000665
6.79995 -4.98123041421
6.8931 -5.99429186887
6.98625 -6.62052765617
7.0794 -6.84666301442
7.17255 -6.72848415638
7.2657 -6.36421734226
7.35885 -5.85668162621
7.452 -5.27931924472
7.54515 -4.65863705106
7.6383 -3.97781968402
7.73145 -3.19717340944
7.8246 -2.28078105402
7.91775 -1.21764440607
8.0109 -0.029732247433
8.10405 1.2339331803
8.1972 2.51218381224
8.29035 3.74777050826
8.3835 4.89725460629
8.47665 5.93075228544
8.5698 6.82246939088
8.66295 7.53731966543
8.7561 8.02100772953
8.84925 8.20004804028
8.9424 7.99438338297
9.03555 7.33983534422
9.1287 6.21288569017
9.22185 4.64865243669
9.315 2.74510223122
9.40815 0.651317594191
9.5013 -1.4569001396
9.59445 -3.40691314262
9.6876 -5.05655014346
9.78075 -6.31253998363
9.8739 -7.13698744175
9.96705 -7.54228541399
10.0602 -7.57769964578
10.15335 -7.31239373242
10.2465 -6.81951171537
10.33965 -6.16437946836
10.4328 -5.39795010045
10.52595 -4.55518129542
10.6191 -3.65729327748
10.71225 -2.71658824787
10.8054 -1.74243597638
10.89855 -0.747018807658
10.9917 0.250560180621
11.08485 1.22305783293
11.178 2.13740941291
11.27115 2.96002212408
11.3643 3.66316116142
11.45745 4.22994591272
11.5506 4.65595954931
11.64375 4.94681269631
11.7369 5.11265135803
11.83005 5.16193385481
11.9232 5.09722813356
12.01635 4.91496287055
12.1095 4.60926779576
12.20265 4.17808465819
12.2958 3.62858711578
12.38895 2.97921508783
12.4821 2.25722296411
12.57525 1.49284546132
12.6684 0.712917432614
12.76155 -0.0628870852931
12.8547 -0.821345147888
12.94785 -1.55099615829
13.041 -2.23617474736
13.13415 -2.853404777
13.2273 -3.37290136308
13.32045 -3.76552259338
13.4136 -4.012687752
13.50675 -4.1148996736
13.5999 -4.09456958561
13.69305 -3.99095787903
13.7862 -3.84834227386
13.87935 -3.7015374445
13.9725 -3.56423620922
14.06565 -3.42469278292
14.1588 -3.2504261263
14.25195 -3.00011789388
14.3451 -2.63821901668
14.43825 -2.14704071429
14.5314 -1.53248057495
14.62455 -0.822285889159
14.7177 -0.0586086024395
14.81085 0.711645401105
14.904 1.44512078823
14.99715 2.10683850507
15.0903 2.6714273345
15.18345 3.12222378228
15.2766 3.4501538121
15.36975 3.65359873166
15.4629 3.7391450486
15.55605 3.72205081917
15.6492 3.62505191405
15.74235 3.47487734647
15.8355 3.29709026623
15.92865 3.11089327822
16.0218 2.92574628915
16.11495 2.74091733547
16.2081 2.54781632346
16.30125 2.33383051246
16.3944 2.085974434
16.48755 1.79315405361
16.5807 1.44689507239
16.67385 1.04136655673
16.767 0.573870774585
16.86015 0.0464763806056
16.9533 -0.53155879663
17.04645 -1.14187679318
17.1396 -1.75718592886
17.23275 -2.34440808966
17.3259 -2.87038676083
17.41905 -3.30840226827
17.5122 -3.64310531362
17.60535 -3.87193478734
17.6985 -4.0024873772
17.79165 -4.04702456261
17.8848 -4.01652149258
17.97795 -3.91678555695
18.0711 -3.74812775867
18.16425 -3.50835557388
18.2574 -3.19730037175
18.35055 -2.82044447575
18.4437 -2.38976917327
18.53685 -1.92140478033
18.63 -1.43128598545
18.72315 -0.930995091613
18.8163 -0.425846335965
18.90945 0.0838775474371
19.0026 0.599186151287
19.09575 1.11798915279
19.1889 1.63216681165
19.28205 2.12745925278
19.3752 2.58615626585
19.46835 2.99127003446
19.5615 3.33026643274
19.65465 3.59676635994
19.7478 3.78968976889
19.84095 3.91054962613
19.9341 3.96041098726
20.02725 3.93805604027
20.1204 3.84018428731
20.21355 3.66342543256
20.3067 3.40708378469
20.39985 3.07526504387
20.493 2.67743609437
20.58615 2.22727764535
20.6793 1.74047077168
20.77245 1.23243109343
20.8656 0.716834595873
20.95875 0.205226226489
21.0519 -0.292593016846
21.14505 -0.768020522935
21.2382 -1.2134728857
21.33135 -1.62270477808
21.4245 -1.99133622842
21.51765 -2.31710832153
21.6108 -2.5995286834
21.70395 -2.83893755103
21.7971 -3.03538945654
21.89025 -3.18788482293
21.9834 -3.29431988443
22.07655 -3.35215048474
22.1697 -3.35939801599
22.26285 -3.31546667257
22.356 -3.22137094818
22.44915 -3.07931027284
22.5423 -2.8918826882
22.63545 -2.66140844914
22.7286 -2.38974796277
22.82175 -2.07870613981
22.9149 -1.73078824478
23.00805 -1.34989510026
23.1012 -0.941611172455
23.19435 -0.512997448462
23.2875 -0.0720891287244
23.38065 0.372562634348
23.4738 0.812061168296
23.56695 1.23707064837
23.6601 1.63774467971
23.75325 2.00403604895
23.8464 2.32655526062
23.93955 2.59778341267
24.0327 2.81312875432
24.12585 2.97126075286
24.219 3.07343929576
24.31215 3.12205972169
24.4053 3.1190902775
24.49845 3.06521783904
24.5916 2.96022354617
24.68475 2.80449748243
24.7779 2.60097146086
24.87105 2.3564365368
24.9642 2.08140873997
25.05735 1.78835101717
25.1505 1.48885474254
25.24365 1.19093932417
25.3368 0.897652630138
25.42995 0.607608877229
25.5231 0.317226861184
25.61625 0.0236447958884
25.7094 -0.273024273171
25.80255 -0.569104837804
25.8957 -0.858626005219
25.98885 -1.13571049915
26.082 -1.39678918896
26.17515 -1.64142420333
26.2683 -1.87121751752
26.36145 -2.08725412497
26.4546 -2.28730081353
26.54775 -2.46417083415
26.6409 -2.60617664225
26.73405 -2.69966512283
26.8272 -2.73270894789
26.92035 -2.69854388055
27.0135 -2.59749817714
27.10665 -2.43684531899
27.1998 -2.22887195364
27.29295 -1.98808251406
27.3861 -1.72860230742
27.47925 -1.46249540316
27.5724 -1.19912177611
27.66555 -0.945153350008
27.7587 -0.704700141624
27.85185 -0.479208421974
27.945 -0.267211287312
28.03815 -0.0643540575216
28.1313 0.135776147291
28.22445 0.339987964347
28.3176 0.553272211596
28.41075 0.776776541303
28.5039 1.00683783409
28.59705 1.2355510984
28.6902 1.45271320747
28.78335 1.64837300788
28.8765 1.81495857434
28.96965 1.94818163372
29.0628 2.04653132315
29.15595 2.10985671472
29.2491 2.13795045395
29.34225 2.12997622522
29.4354 2.08507256893
29.52855 2.0037840474
29.6217 1.889473137
29.71485 1.748810515
29.808 1.59085888832
29.90115 1.42494935577
29.9943 1.25816241748
30.08745 1.09346905309
30.1806 0.92934322507
30.27375 0.761040554395
30.3669 0.583034734308
30.46005 0.391631725066
30.5532 0.186744436238
30.64635 -0.0277938127204
30.7395 -0.245365502866
30.83265 -0.458562638675
30.9258 -0.661165264815
31.01895 -0.849345556069
31.1121 -1.02175483464
31.20525 -1.17865286874
31.2984 -1.32059620491
31.39155 -1.44728234418
31.4847 -1.55696406118
31.57785 -1.64653616191
31.671 -1.71212204306
31.76415 -1.74986081865
31.8573 -1.75662900519
31.95045 -1.73055303278
32.0436 -1.67128659515
32.13675 -1.58008337088
32.2299 -1.45969524985
32.32305 -1.314113977
32.4162 -1.14819163417
32.50935 -0.967225282586
32.6025 -0.776634266086
32.69565 -0.581843858969
32.7888 -0.388393667877
32.88195 -0.202144428552
32.9751 -0.0293383302189
33.06825 0.123742529338
33.1614 0.251638242166
33.25455 0.350962984061
33.3477 0.421657303911
33.44085 0.467713638982
33.534 0.496924899178
33.62715 0.519502214276
33.7203 0.545823070531
33.81345 0.583935277472
33.9066 0.637590588491
33.99975 0.70543395447
34.0929 0.781579003881
34.18605 0.857318808027
34.2792 0.923354532458
34.37235 0.971819789199
34.4655 0.997559300178
34.55865 0.998481541955
34.6518 0.975169271287
34.74495 0.930140310153
34.8381 0.867137761853
34.93125 0.790643379709
35.0244 0.705577495902
35.11755 0.617006019479
35.2107 0.529688488955
35.30385 0.447447264772
35.397 0.37252064759
35.49015 0.305169177365
35.5833 0.243765118133
35.67645 0.185419198429
35.7696 0.126968342949
35.86275 0.0659775082457
35.9559 0.00138687703901
36.04905 -0.0664184750897
36.1422 -0.136088360376
36.23535 -0.206068377926
36.3285 -0.275257748758
36.42165 -0.343244236939
36.5148 -0.410010530364
36.60795 -0.475268397753
36.7011 -0.53776252332
36.79425 -0.594909544626
36.8874 -0.642992398425
36.98055 -0.677887191325
37.0737 -0.696071810875
37.16685 -0.695550890437
37.26 -0.676371901653
37.35315 -0.640573744585
37.4463 -0.591624320437
37.53945 -0.533578434842
37.6326 -0.470259607215
37.72575 -0.404723357207
37.8189 -0.339125389469
37.91205 -0.274954031478
38.0052 -0.213454407318
38.09835 -0.156016424794
38.1915 -0.104333117774
38.28465 -0.0602410694571
38.3778 -0.0252879665259
38.47095 -0.000184227549323
38.5641 0.0156525970702
38.65725 0.0242754303513
38.7504 0.0290090082516
38.84355 0.0338951330593
38.9367 0.0429124052946
39.02985 0.0591693406624
39.123 0.0842770750425
39.21615 0.11805409007
39.3093 0.158618563392
39.40245 0.202815005074
39.4956 0.24683589471
39.58875 0.286863984045
39.6819 0.319586576548
39.77505 0.342505684449
39.8682 0.354054452771
39.96135 0.353592342351
40.0545 0.341363822845
40.14765 0.318467925086
40.2408 0.286824762116
40.33395 0.249077868871
40.4271 0.208367458999
40.52025 0.167954788951
40.6134 0.130750047339
40.70655 0.0988583229344
40.7997 0.073276868225
40.89285 0.0538394121246
40.986 0.039423753033
41.07915 0.0283509067174
41.1723 0.0188448111986
41.26545 0.00941468589924
41.3586 -0.000932242552784
41.45175 -0.0126643403422
41.5449 -0.0258309311083
41.63805 -0.0402081960401
41.7312 -0.0554048423593
41.82435 -0.0708940612518
41.9175 -0.085995065395
42.01065 -0.0998634272449
42.1038 -0.111546632504
42.19695 -0.120123067681
42.2901 -0.12489126945
42.38325 -0.125540366301
42.4764 -0.12223188848
42.56955 -0.115557892636
42.6627 -0.106392271406
42.75585 -0.0956946261526
42.849 -0.0843387831788
42.94215 -0.0730169341168
43.0353 -0.062228768539
43.12845 -0.0523252535565
43.2216 -0.0435582862148
43.31475 -0.036097147025
43.4079 -0.0300025114118
43.50105 -0.0251811702922
43.5942 -0.0213619943508
43.68735 -0.0181272030278
43.7805 -0.0150064043925
43.87365 -0.011607993911
43.9668 -0.00774007135671
44.05995 -0.00347241157091
44.1531 0.000887181263163
44.24625 0.00489472666681
44.3394 0.0081120339942
44.43255 0.0102369301671
44.5257 0.011178141798
44.61885 0.0110562259621
44.712 0.0101414172429
44.80515 0.00876028850839
44.8983 0.00720822239305
44.99145 0.0056945086863
45.0846 0.00432862200632
45.17775 0.0031391844827
45.2709 0.00210800246006
45.36405 0.0012020367843
45.4572 0.000393256863121
45.55035 -0.000335007638494
45.6435 -0.000990607081219
45.73665 -0.00157776242227
45.8298 -0.00210052232629
45.92295 -0.00256322842877
46.0161 -0.00296908643497
46.10925 -0.00331865101461
46.2024 -0.0036094456877
46.29555 -0.00383699445041
46.3887 -0.00399697956631
46.48185 -0.00408817387995
46.575 -0.00411585089681
46.66815 -0.00411585089681
46.7613 -0.00411585089681
46.85445 -0.00411585089681
46.9476 -0.00411585089681
47.04075 -0.00411585089681
47.1339 -0.00411585089681
47.22705 -0.00411585089681
47.3202 -0.00411585089681
47.41335 -0.00411585089681
47.5065 -0.00411585089681
47.59965 -0.00411585089681
47.6928 -0.00411585089681
47.78595 -0.00411585089681
47.8791 -0.00411585089681
47.97225 -0.00411585089681
48.0654 -0.00411585089681
48.15855 -0.00411585089681
48.2517 -0.00411585089681
48.34485 -0.00411585089681
48.438 -0.00411585089681
48.53115 -0.00411585089681
48.6243 -0.00411585089681
48.71745 -0.00411585089681
48.8106 -0.00411585089681
48.90375 -0.00411585089681
48.9969 -0.00411585089681
49.09005 -0.00411585089681
49.1832 -0.00411585089681
49.27635 -0.00411585089681
49.3695 -0.00411585089681
49.46265 -0.00411585089681
49.5558 -0.00411585089681
49.64895 -0.00411585089681
49.7421 -0.00411585089681
49.83525 -0.00411585089681
49.9284 -0.00411585089681
50.02155 -0.00411585089681
50.1147 -0.00411585089681
50.20785 -0.00411585089681
50.301 -0.00411585089681
50.39415 -0.00411585089681
50.4873 -0.00411585089681
50.58045 -0.00411585089681
50.6736 -0.00411585089681
50.76675 -0.00411585089681
50.8599 -0.00411585089681
50.95305 -0.00411585089681
51.0462 -0.00411585089681
51.13935 -0.00411585089681
51.2325 -0.00411585089681
51.32565 -0.00411585089681
51.4188 -0.00411585089681
51.51195 -0.00411585089681
51.6051 -0.00411585089681
51.69825 -0.00411585089681
51.7914 -0.00411585089681
51.88455 -0.00411585089681
51.9777 -0.00411585089681
52.07085 -0.00411585089681
52.164 -0.00411585089681
52.25715 -0.00411585089681
52.3503 -0.00411585089681
52.44345 -0.00411585089681
52.5366 -0.00411585089681
52.62975 -0.00411585089681
52.7229 -0.00411585089681
52.81605 -0.00411585089681
52.9092 -0.00411585089681
53.00235 -0.00411585089681
53.0955 -0.00411585089681
53.18865 -0.00411585089681
53.2818 -0.00411585089681
53.37495 -0.00411585089681
53.4681 -0.00411585089681
53.56125 -0.00411585089681
53.6544 -0.00411585089681
53.74755 -0.00411585089681
53.8407 -0.00411585089681
53.93385 -0.00411585089681
54.027 -0.00411585089681
54.12015 -0.00411585089681
54.2133 -0.00411585089681
54.30645 -0.00411585089681
54.3996 -0.00411585089681
54.49275 -0.00411585089681
54.5859 -0.00411585089681
54.67905 -0.00411585089681
54.7722 -0.00411585089681
54.86535 -0.00411585089681
54.9585 -0.00411585089681
55.05165 -0.00411585089681
55.1448 -0.00411585089681
55.23795 -0.00411585089681
55.3311 -0.00411585089681
55.42425 -0.00411585089681
55.5174 -0.00411585089681
55.61055 -0.00411585089681
55.7037 -0.00411585089681
55.79685 -0.00411585089681
55.89 -0.00411585089681
55.98315 -0.00411585089681
56.0763 -0.00411585089681
56.16945 -0.00411585089681
56.2626 -0.00411585089681
56.35575 -0.00411585089681
56.4489 -0.00411585089681
56.54205 -0.00411585089681
56.6352 -0.00411585089681
56.72835 -0.00411585089681
56.8215 -0.00411585089681
56.91465 -0.00411585089681
57.0078 -0.00411585089681
57.10095 -0.00411585089681
57.1941 -0.00411585089681
57.28725 -0.00411585089681
57.3804 -0.00411585089681
57.47355 -0.00411585089681
57.5667 -0.00411585089681
57.65985 -0.00411585089681
57.753 -0.00411585089681
57.84615 -0.00411585089681
57.9393 -0.00411585089681
58.03245 -0.00411585089681
58.1256 -0.00411585089681
58.21875 -0.00411585089681
58.3119 -0.00411585089681
58.40505 -0.00411585089681
58.4982 -0.00411585089681
58.59135 -0.00411585089681
58.6845 -0.00411585089681
58.77765 -0.00411585089681
58.8708 -0.00411585089681
58.96395 -0.00411585089681
59.0571 -0.00411585089681
59.15025 -0.00411585089681
59.2434 -0.00411585089681
59.33655 -0.00411585089681
59.4297 -0.00411585089681
59.52285 -0.00411585089681
59.616 -0.00411585089681
59.70915 -0.00411585089681
59.8023 -0.00411585089681
59.89545 -0.00411585089681
59.9886 -0.00411585089681
60.08175 -0.00411585089681
60.1749 -0.00411585089681
60.26805 -0.00411585089681
60.3612 -0.00411585089681
60.45435 -0.00411585089681
60.5475 -0.00411585089681
60.64065 -0.00411585089681
60.7338 -0.00411585089681
60.82695 -0.00411585089681
60.9201 -0.00411585089681
61.01325 -0.00411585089681
61.1064 -0.00411585089681
61.19955 -0.00411585089681
61.2927 -0.00411585089681
61.38585 -0.00411585089681
61.479 -0.00411585089681
61.57215 -0.00411585089681
61.6653 -0.00411585089681
61.75845 -0.00411585089681
61.8516 -0.00411585089681
61.94475 -0.00411585089681
62.0379 -0.00411585089681
62.13105 -0.00411585089681
62.2242 -0.00411585089681
62.31735 -0.00411585089681
62.4105 -0.00411585089681
62.50365 -0.00411585089681
62.5968 -0.00411585089681
62.68995 -0.00411585089681
62.7831 -0.00411585089681
62.87625 -0.00411585089681
62.9694 -0.00411585089681
63.06255 -0.00411585089681
63.1557 -0.00411585089681
63.24885 -0.00411585089681
63.342 -0.00411585089681
63.43515 -0.00411585089681
63.5283 -0.00411585089681
63.62145 -0.00411585089681
63.7146 -0.00411585089681
63.80775 -0.00411585089681
63.9009 -0.00411585089681
63.99405 -0.00411585089681
64.0872 -0.00411585089681
64.18035 -0.00411585089681
64.2735 -0.00411585089681
64.36665 -0.00411585089681
64.4598 -0.00411585089681
64.55295 -0.00411585089681
64.6461 -0.00411585089681
64.73925 -0.00411585089681
64.8324 -0.00411585089681
64.92555 -0.00411585089681
65.0187 -0.00411585089681
65.11185 -0.00411585089681
65.205 -0.00411585089681
65.29815 -0.00411585089681
65.3913 -0.00411585089681
65.48445 -0.00411585089681
65.5776 -0.00411585089681
65.67075 -0.00411585089681
65.7639 -0.00411585089681
65.85705 -0.00411585089681
65.9502 -0.00411585089681
66.04335 -0.00411585089681
66.1365 -0.00411585089681
66.22965 -0.00411585089681
66.3228 -0.00411585089681
66.41595 -0.00411585089681
66.5091 -0.00411585089681
66.60225 -0.00411585089681
66.6954 -0.00411585089681
66.78855 -0.00411585089681
66.8817 -0.00411585089681
66.97485 -0.00411585089681
67.068 -0.00411585089681
67.16115 -0.00411585089681
67.2543 -0.00411585089681
67.34745 -0.00411585089681
67.4406 -0.00411585089681
67.53375 -0.00411585089681
67.6269 -0.00411585089681
67.72005 -0.00411585089681
67.8132 -0.00411585089681
67.90635 -0.00411585089681
67.9995 -0.00411585089681
68.09265 -0.00411585089681
68.1858 -0.00411585089681
68.27895 -0.00411585089681
68.3721 -0.00411585089681
68.46525 -0.00411585089681
68.5584 -0.00411585089681
68.65155 -0.00411585089681
68.7447 -0.00411585089681
68.83785 -0.00411585089681
68.931 -0.00411585089681
69.02415 -0.00411585089681
69.1173 -0.00411585089681
69.21045 -0.00411585089681
69.3036 -0.00411585089681
69.39675 -0.00411585089681
69.4899 -0.00411585089681
69.58305 -0.00411585089681
69.6762 -0.00411585089681
69.76935 -0.00411585089681
69.8625 -0.00411585089681
69.95565 -0.00411585089681
70.0488 -0.00411585089681
70.14195 -0.00411585089681
70.2351 -0.00411585089681
70.32825 -0.00411585089681
70.4214 -0.00411585089681
70.51455 -0.00411585089681
70.6077 -0.00411585089681
70.70085 -0.00411585089681
70.794 -0.00411585089681
70.88715 -0.00411585089681
70.9803 -0.00411585089681
71.07345 -0.00411585089681
71.1666 -0.00411585089681
71.25975 -0.00411585089681
71.3529 -0.00411585089681
71.44605 -0.00411585089681
71.5392 -0.00411585089681
71.63235 -0.00411585089681
71.7255 -0.00411585089681
71.81865 -0.00411585089681
71.9118 -0.00411585089681
72.00495 -0.00411585089681
72.0981 -0.00411585089681
72.19125 -0.00411585089681
72.2844 -0.00411585089681
72.37755 -0.00411585089681
72.4707 -0.00411585089681
72.56385 -0.00411585089681
72.657 -0.00411585089681
72.75015 -0.00411585089681
72.8433 -0.00411585089681
72.93645 -0.00411585089681
73.0296 -0.00411585089681
73.12275 -0.00411585089681
73.2159 -0.00411585089681
73.30905 -0.00411585089681
73.4022 -0.00411585089681
73.49535 -0.00411585089681
73.5885 -0.00411585089681
73.68165 -0.00411585089681
73.7748 -0.00411585089681
73.86795 -0.00411585089681
73.9611 -0.00411585089681
74.05425 -0.00411585089681
74.1474 -0.00411585089681
74.24055 -0.00411585089681
74.3337 -0.00411585089681
74.42685 -0.00411585089681
74.52 -0.00411585089681
74.61315 -0.00411585089681
74.7063 -0.00411585089681
74.79945 -0.00411585089681
74.8926 -0.00411585089681
74.98575 -0.00411585089681
75.0789 -0.00411585089681
75.17205 -0.00411585089681
75.2652 -0.00411585089681
75.35835 -0.00411585089681
75.4515 -0.00411585089681
75.54465 -0.00411585089681
75.6378 -0.00411585089681
75.73095 -0.00411585089681
75.8241 -0.00411585089681
75.91725 -0.00411585089681
76.0104 -0.00411585089681
76.10355 -0.00411585089681
76.1967 -0.00411585089681
76.28985 -0.00411585089681
76.383 -0.00411585089681
76.47615 -0.00411585089681
76.5693 -0.00411585089681
76.66245 -0.00411585089681
76.7556 -0.00411585089681
76.84875 -0.00411585089681
76.9419 -0.00411585089681
77.03505 -0.00411585089681
77.1282 -0.00411585089681
77.22135 -0.00411585089681
77.3145 -0.00411585089681
77.40765 -0.00411585089681
77.5008 -0.00411585089681
77.59395 -0.00411585089681
77.6871 -0.00411585089681
77.78025 -0.00411585089681
77.8734 -0.00411585089681
77.96655 -0.00411585089681
78.0597 -0.00411585089681
78.15285 -0.00411585089681
78.246 -0.00411585089681
78.33915 -0.00411585089681
78.4323 -0.00411585089681
78.52545 -0.00411585089681
78.6186 -0.00411585089681
78.71175 -0.00411585089681
78.8049 -0.00411585089681
78.89805 -0.00411585089681
78.9912 -0.00411585089681
79.08435 -0.00411585089681
79.1775 -0.00411585089681
79.27065 -0.00411585089681
79.3638 -0.00411585089681
79.45695 -0.00411585089681
79.5501 -0.00411585089681
79.64325 -0.00411585089681
79.7364 -0.00411585089681
79.82955 -0.00411585089681
79.9227 -0.00411585089681
80.01585 -0.00411585089681
80.109 -0.00411585089681
80.20215 -0.00411585089681
80.2953 -0.00411585089681
80.38845 -0.00411585089681
80.4816 -0.00411585089681
80.57475 -0.00411585089681
80.6679 -0.00411585089681
80.76105 -0.00411585089681
80.8542 -0.00411585089681
80.94735 -0.00411585089681
81.0405 -0.00411585089681
81.13365 -0.00411585089681
81.2268 -0.00411585089681
81.31995 -0.00411585089681
81.4131 -0.00411585089681
81.50625 -0.00411585089681
81.5994 -0.00411585089681
81.69255 -0.00411585089681
81.7857 -0.00411585089681
81.87885 -0.00411585089681
81.972 -0.00411585089681
82.06515 -0.00411585089681
82.1583 -0.00411585089681
82.25145 -0.00411585089681
82.3446 -0.00411585089681
82.43775 -0.00411585089681
82.5309 -0.00411585089681
82.62405 -0.00411585089681
82.7172 -0.00411585089681
82.81035 -0.00411585089681
82.9035 -0.00411585089681
82.99665 -0.00411585089681
83.0898 -0.00411585089681
83.18295 -0.00411585089681
83.2761 -0.00411585089681
83.36925 -0.00411585089681
83.4624 -0.00411585089681
83.55555 -0.00411585089681
83.6487 -0.00411585089681
83.74185 -0.00411585089681
83.835 -0.00411585089681
83.92815 -0.00411585089681
84.0213 -0.00411585089681
84.11445 -0.00411585089681
84.2076 -0.00411585089681
84.30075 -0.00411585089681
84.3939 -0.00411585089681
84.48705 -0.00411585089681
84.5802 -0.00411585089681
84.67335 -0.00411585089681
84.7665 -0.00411585089681
84.85965 -0.00411585089681
84.9528 -0.00411585089681
85.04595 -0.00411585089681
85.1391 -0.00411585089681
85.23225 -0.00411585089681
85.3254 -0.00411585089681
85.41855 -0.00411585089681
85.5117 -0.00411585089681
85.60485 -0.00411585089681
85.698 -0.00411585089681
85.79115 -0.00411585089681
85.8843 -0.00411585089681
85.97745 -0.00411585089681
86.0706 -0.00411585089681
86.16375 -0.00411585089681
86.2569 -0.00411585089681
86.35005 -0.00411585089681
86.4432 -0.00411585089681
86.53635 -0.00411585089681
86.6295 -0.00411585089681
86.72265 -0.00411585089681
86.8158 -0.00411585089681
86.90895 -0.00411585089681
87.0021 -0.00411585089681
87.09525 -0.00411585089681
87.1884 -0.00411585089681
87.28155 -0.00411585089681
87.3747 -0.00411585089681
87.46785 -0.00411585089681
87.561 -0.00411585089681
87.65415 -0.00411585089681
87.7473 -0.00411585089681
87.84045 -0.00411585089681
87.9336 -0.00411585089681
88.02675 -0.00411585089681
88.1199 -0.00411585089681
88.21305 -0.00411585089681
88.3062 -0.00411585089681
88.39935 -0.00411585089681
88.4925 -0.00411585089681
88.58565 -0.00411585089681
88.6788 -0.00411585089681
88.77195 -0.00411585089681
88.8651 -0.00411585089681
88.95825 -0.00411585089681
89.0514 -0.00411585089681
89.14455 -0.00411585089681
89.2377 -0.00411585089681
89.33085 -0.00411585089681
89.424 -0.00411585089681
89.51715 -0.00411585089681
89.6103 -0.00411585089681
89.70345 -0.00411585089681
89.7966 -0.00411585089681
89.88975 -0.00411585089681
89.9829 -0.00411585089681
90.07605 -0.00411585089681
90.1692 -0.00411585089681
90.26235 -0.00411585089681
90.3555 -0.00411585089681
90.44865 -0.00411585089681
90.5418 -0.00411585089681
90.63495 -0.00411585089681
90.7281 -0.00411585089681
90.82125 -0.00411585089681
90.9144 -0.00411585089681
91.00755 -0.00411585089681
91.1007 -0.00411585089681
91.19385 -0.00411585089681
91.287 -0.00411585089681
91.38015 -0.00411585089681
91.4733 -0.00411585089681
91.56645 -0.00411585089681
91.6596 -0.00411585089681
91.75275 -0.00411585089681
91.8459 -0.00411585089681
91.93905 -0.00411585089681
92.0322 -0.00411585089681
92.12535 -0.00411585089681
92.2185 -0.00411585089681
92.31165 -0.00411585089681
92.4048 -0.00411585089681
92.49795 -0.00411585089681
92.5911 -0.00411585089681
92.68425 -0.00411585089681
92.7774 -0.00411585089681
92.87055 -0.00411585089681
92.9637 -0.00411585089681
93.05685 -0.00411585089681
93.15 -0.00411585089681
93.24315 -0.00411585089681
93.3363 -0.00411585089681
93.42945 -0.00411585089681
93.5226 -0.00411585089681
93.61575 -0.00411585089681
93.7089 -0.00411585089681
93.80205 -0.00411585089681
93.8952 -0.00411585089681
93.98835 -0.00411585089681
94.0815 -0.00411585089681
94.17465 -0.00411585089681
94.2678 -0.00411585089681
94.36095 -0.00411585089681
94.4541 -0.00411585089681
94.54725 -0.00411585089681
94.6404 -0.00411585089681
94.73355 -0.00411585089681
94.8267 -0.00411585089681
94.91985 -0.00411585089681
95.013 -0.00411585089681
95.10615 -0.00411585089681
95.1993 -0.00411585089681
95.29245 -0.00411585089681
