0.0 -0.184672194682
0.09503 -0.0943694706973
0.19006 0.0439979734421
0.28509 0.192443278429
0.38012 0.317807566516
0.47515 0.404136977583
0.57018 0.454807637539
0.66521 0.484759003329
0.76024 0.507608798031
0.85527 0.524007281396
0.9503 0.517252234625
1.04533 0.458850536921
1.14036 0.321695355072
1.23539 0.0955617957991
1.33042 -0.201462857756
1.42545 -0.521615221539
1.52048 -0.798524996292
1.61551 -0.966710721003
1.71054 -0.978978559454
1.80557 -0.812929254172
1.9006 -0.468962704758
1.99563 0.0315394170118
2.09066 0.643718785683
2.18569 1.29414885748
2.28072 1.87598711536
2.37575 2.24961439095
2.47078 2.25815414422
2.56581 1.76312980499
2.66084 0.693072555527
2.75587 -0.91095273422
2.8509 -2.86725709453
2.94593 -4.85212478086
3.04096 -6.43266351006
3.13599 -7.14000423222
3.23102 -6.58193467752
3.32605 -4.57519079725
3.42108 -1.25296537302
3.51611 2.9042561112
3.61114 7.14319086002
3.70617 10.6053566631
3.8012 12.5403312144
3.89623 12.5008096789
3.99126 10.4601652904
4.08629 6.81599670542
4.18132 2.27768485665
4.27635 -2.32708692471
4.37138 -6.26467267357
4.46641 -9.05856146931
4.56144 -10.5546680005
4.65647 -10.8788333914
4.7515 -10.3171099669
4.84653 -9.17441120881
4.94156 -7.66863107985
5.03659 -5.89584910639
5.13162 -3.86684628229
5.22665 -1.58338168033
5.32168 0.890043266595
5.41671 3.39401916868
5.51174 5.69425779598
5.60677 7.54230343223
5.7018 8.74871579185
5.79683 9.23665248779
5.89186 9.05333748962
5.98689 8.33586903839
6.08192 7.24853114771
6.17695 5.92142823678
6.27198 4.41858177501
6.36701 2.74846793208
6.46204 0.908869255287
6.55707 -1.05886257895
6.6521 -3.03578409894
6.74713 -4.83143922433
6.84216 -6.23032368767
6.93719 -7.05968929267
7.03222 -7.24968664368
7.12725 -6.8602209868
7.22228 -6.06304746324
7.31731 -5.08573833245
7.41234 -4.13897374719
7.50737 -3.35443932614
7.6024 -2.75557985003
7.69743 -2.26989564298
7.79246 -1.77471266544
7.88749 -1.15570744644
7.98252 -0.354229085749
8.07755 0.613605576354
8.17258 1.66950861886
8.26761 2.70727634146
8.36264 3.63136973432
8.45767 4.38361756425
8.5527 4.9493996916
8.64773 5.34448982549
8.74276 5.59158434803
8.83779 5.69842027069
8.93282 5.6469339893
9.02785 5.39714137277
9.12288 4.90305344688
9.21791 4.13339283237
9.31294 3.08867881356
9.40797 1.80870380707
9.503 0.369000990306
9.59803 -1.13092830769
9.69306 -2.58276304466
9.78809 -3.88353593687
9.88312 -4.94680352929
9.97815 -5.71091181184
10.07318 -6.14490074668
10.16821 -6.25154710891
10.26324 -6.06590742414
10.35827 -5.64787532723
10.4533 -5.0689934021
10.54833 -4.39622662938
10.64336 -3.67742545435
10.73839 -2.93358351082
10.83342 -2.16104951652
10.92845 -1.34308295143
11.02348 -0.466199604407
11.11851 0.465380885934
11.21354 1.42309377715
11.30857 2.35775017068
11.4036 3.21170734529
11.49863 3.93393417423
11.59366 4.49137789456
11.68869 4.87223973894
11.78372 5.08102538047
11.87875 5.12921064883
11.97378 5.02701146698
12.06881 4.78042558584
12.16384 4.39433975289
12.25887 3.87892501234
12.3539 3.25467816052
12.44893 2.55229716683
12.54396 1.80663264675
12.63899 1.04753763264
12.73402 0.292533572145
12.82905 -0.454369473656
12.92408 -1.19639092941
13.01911 -1.93288879039
13.11414 -2.64892382462
13.20917 -3.31105441933
13.3042 -3.87218196612
13.39923 -4.2839853396
13.49426 -4.51181528855
13.58929 -4.54568891127
13.68432 -4.40280983871
13.77935 -4.12090060692
13.87438 -3.74564003947
13.96941 -3.31773630597
14.06444 -2.86468717847
14.15947 -2.39953032511
14.2545 -1.92540533044
14.34953 -1.44232559039
14.44456 -0.952286997458
14.53959 -0.460591836305
14.63462 0.026135821385
14.72965 0.502846027798
14.82468 0.967243419192
14.91971 1.41806760156
15.01474 1.85142326269
15.10977 2.25760350332
15.2048 2.62079543664
15.29983 2.92248282306
15.39486 3.14719290258
15.48989 3.28774909805
15.58492 3.34727318371
15.67995 3.33681807128
15.77498 3.26980547357
15.87001 3.15611600215
15.96504 2.99880417901
16.06007 2.79492726887
16.1551 2.53972202598
16.25013 2.23159597677
16.34516 1.87509038189
16.44019 1.48026146296
16.53522 1.05905509623
16.63025 0.620994069376
16.72528 0.17086316327
16.82031 -0.290135567825
16.91534 -0.760375230248
17.01037 -1.23332451544
17.1054 -1.69538557585
17.20043 -2.12763241862
17.29546 -2.51086529734
17.39049 -2.83147720182
17.48552 -3.08504642104
17.58055 -3.27568148041
17.67558 -3.41137077355
17.77061 -3.49772496253
17.86564 -3.53337988602
17.96067 -3.50946528728
18.0557 -3.41340155655
18.15073 -3.23501867248
18.24576 -2.97181632441
18.34079 -2.63071861933
18.43582 -2.22560695022
18.53085 -1.77217666065
18.62588 -1.2830303871
18.72091 -0.765672108397
18.81594 -0.224368699059
18.91097 0.335349147582
19.006 0.902263769561
19.10103 1.45782661912
19.19606 1.97850562524
19.29109 2.4411988523
19.38612 2.82916104279
19.48115 3.1356239983
19.57618 3.36349009012
19.67121 3.52145907975
19.76624 3.61864295087
19.86127 3.66026575569
19.9563 3.64622963387
20.05133 3.57268636976
20.14636 3.43522767768
20.24139 3.23170940397
20.33642 2.96329692506
20.43145 2.63362931981
20.52648 2.24722248547
20.62151 1.80863746743
20.71654 1.32331586472
20.81157 0.799739165026
20.9066 0.251483723361
21.00163 -0.302494137471
21.09666 -0.840206112612
21.19169 -1.34105384778
21.28672 -1.79051733862
21.38175 -2.18294639656
21.47678 -2.52106422021
21.57181 -2.81231181743
21.66684 -3.06364126897
21.76187 -3.27704359322
21.8569 -3.44765047438
21.95193 -3.56495553607
22.04696 -3.61626582856
22.14199 -3.59065184234
22.23702 -3.48177853844
22.33205 -3.28888940688
22.42708 -3.01629272938
22.52211 -2.67233094872
22.61714 -2.26869060249
22.71217 -1.82020842642
22.8072 -1.34458101018
22.90223 -0.861137084
22.99726 -0.388298956371
23.09229 0.0597140398633
23.18732 0.475585414549
23.28235 0.8595325958
23.37738 1.21715181768
23.47241 1.55506203363
23.56744 1.87610482498
23.66247 2.17623680288
23.7575 2.44457225619
23.85253 2.6665939731
23.94756 2.82906711282
24.04259 2.92442351547
24.13762 2.95272243438
24.23265 2.92054820707
24.32768 2.83770796114
24.42271 2.71355985394
24.51774 2.55475847156
24.61277 2.36523016833
24.7078 2.14786801082
24.80283 1.90651258279
24.89786 1.64676035086
24.99289 1.37499255296
25.08792 1.09622262716
25.18295 0.812200651022
25.27798 0.521184544663
25.37301 0.219886302865
25.46804 -0.0931717316996
25.56307 -0.414575751541
25.6581 -0.734925597613
25.75313 -1.04051696224
25.84816 -1.31719740904
25.94319 -1.5546652411
26.03822 -1.74922390268
26.13325 -1.90376040715
26.22828 -2.02508667751
26.32331 -2.12004973009
26.41834 -2.19232981189
26.51337 -2.24136641941
26.6084 -2.26367010908
26.70343 -2.25554090602
26.79846 -2.21557139522
26.89349 -2.14556975237
26.98852 -2.0495077449
27.08355 -1.93122249922
27.17858 -1.79226519525
27.27361 -1.63115955484
27.36864 -1.4445190226
27.46367 -1.22944957796
27.5587 -0.985998981117
27.65373 -0.718442747433
27.74876 -0.434863319734
27.84379 -0.145377447917
27.93882 0.140009525142
28.03385 0.412916245866
28.12888 0.666991121472
28.22391 0.897474820744
28.31894 1.10066913959
28.41397 1.27401014541
28.509 1.41690094027
28.60403 1.53167943123
28.69906 1.62406525224
28.79409 1.70223025058
28.88912 1.77421494277
28.98415 1.84478775697
29.07918 1.91300262456
29.17421 1.97165640587
29.26924 2.00908859678
29.36427 2.01273809857
29.4593 1.97308140944
29.55433 1.88641268652
29.64936 1.7554618562
29.74439 1.58780924184
29.83942 1.39297441156
29.93445 1.17951067053
30.02948 0.953255982113
30.12451 0.71722524234
30.21954 0.472843429079
30.31457 0.221694030073
30.4096 -0.0331036801634
30.50463 -0.28642313491
30.59966 -0.531580910943
30.69469 -0.761325606663
30.78972 -0.968870532509
30.88475 -1.14863614426
30.97978 -1.29663921629
31.07481 -1.4106594892
31.16984 -1.49033244188
31.26487 -1.53719565608
31.3599 -1.55458357523
31.45493 -1.54724184947
31.54996 -1.52064679097
31.64499 -1.48018801342
31.74002 -1.43047359535
31.83505 -1.37496115965
31.93008 -1.31592751153
32.02511 -1.25458663959
32.12014 -1.19109612865
32.21517 -1.12432393
32.3102 -1.05151687973
32.40523 -0.968248957085
32.50026 -0.869052608671
32.59529 -0.748878110167
32.69032 -0.605078160187
32.78535 -0.43920479414
32.88038 -0.257777182011
32.97541 -0.0714554802257
33.07044 0.10734103984
33.16547 0.267662070838
33.2605 0.402968379575
33.35553 0.51269857161
33.45056 0.601882256742
33.54559 0.678981507439
33.64062 0.752813981403
33.73565 0.829701319183
33.83068 0.911787800099
33.92571 0.99690956521
34.02074 1.07974744073
34.11577 1.15356431721
34.2108 1.21177771549
34.30583 1.24891398631
34.40086 1.26093070694
34.49589 1.24522821044
34.59092 1.20073542926
34.68595 1.12824960736
34.78098 1.03088519301
34.87601 0.914253667405
34.97104 0.786002444433
35.06607 0.654597177324
35.1611 0.527607240884
35.25613 0.410050912496
35.35116 0.303414801325
35.44619 0.205740600665
35.54122 0.112767527703
35.63625 0.0197132609959
35.73128 -0.0769518316321
35.82631 -0.178341490916
35.92134 -0.282928261122
36.01637 -0.387201851721
36.1114 -0.48683845321
36.20643 -0.57787596395
36.30146 -0.657475254429
36.39649 -0.724086248228
36.49152 -0.777109595891
36.58655 -0.81633272855
36.68158 -0.841458378275
36.77661 -0.851941959887
36.87164 -0.847177218291
36.96667 -0.826903858163
37.0617 -0.791624178954
37.15673 -0.742831823424
37.25176 -0.682952186786
37.34679 -0.615019202192
37.44182 -0.542211978679
37.53685 -0.467411038836
37.63188 -0.392902127019
37.72691 -0.320278756121
37.82194 -0.250511729149
37.91697 -0.184101829307
38.012 -0.121229914588
38.10703 -0.0618602621948
38.20206 -0.00580974882747
38.29709 0.0471684492406
38.39212 0.097246379425
38.48715 0.144338372555
38.58218 0.187946951728
38.67721 0.227143870178
38.77224 0.260764236368
38.86727 0.287802702375
38.9623 0.307888489891
39.05733 0.321639123847
39.15236 0.330700793276
39.24739 0.337388226786
39.34242 0.344001616446
39.43745 0.352049840017
39.53248 0.36167396834
39.62751 0.371504838237
39.72254 0.379023097293
39.81757 0.381290703478
39.9126 0.375779248215
40.00763 0.360997939214
40.10266 0.336730864356
40.19769 0.303875669883
40.29272 0.264044676265
40.38775 0.219164024372
40.48278 0.171255126294
40.57781 0.122438788307
40.67284 0.0750465373375
40.76787 0.0316418255781
40.8629 -0.00520796998441
40.95793 -0.0334275770736
41.05296 -0.0520475551485
41.14799 -0.0616774790768
41.24302 -0.0645939738382
41.33805 -0.0643335285514
41.43308 -0.0648745379508
41.52811 -0.069657771873
41.62314 -0.0807558939566
41.71817 -0.0984383571285
41.8132 -0.121224411421
41.90823 -0.146347335614
42.00326 -0.170439196428
42.09829 -0.190223994682
42.19332 -0.203066502738
42.28835 -0.207317757715
42.38338 -0.202473263126
42.47841 -0.189186021522
42.57344 -0.169158305428
42.66847 -0.144905374716
42.7635 -0.119377333764
42.85853 -0.0954590238201
42.95356 -0.0754291965249
43.04859 -0.0605133562371
43.14362 -0.050671936768
43.23865 -0.0447100712865
43.33368 -0.040692682303
43.42871 -0.0365408801343
43.52374 -0.0306205426929
43.61877 -0.0221412270147
43.7138 -0.0112600927786
43.80883 0.00110291464267
43.90386 0.0136339242279
43.99889 0.0250269641923
44.09392 0.0342858750274
44.18895 0.0408591145493
44.28398 0.0446179508516
44.37901 0.0457431293491
44.47404 0.0445979835021
44.56907 0.0416410271466
44.6641 0.0373889851022
44.75913 0.0324065288717
44.85416 0.0272875049189
44.94919 0.0226051541489
45.04422 0.018834167745
45.13925 0.0162694376034
45.23428 0.0149735159413
45.32931 0.0147750498813
45.42434 0.0153205931778
45.51937 0.0161628922665
45.6144 0.016858570498
45.70943 0.017049773596
45.80446 0.0165144948172
45.89949 0.0151826416939
45.99452 0.0131239155507
46.08955 0.0105170541852
46.18458 0.00760919034881
46.27961 0.00467189122649
46.37464 0.00195911330726
46.46967 -0.00032782667944
46.5647 -0.00206333568721
46.65973 -0.00320537287951
46.75476 -0.0037880337826
46.84979 -0.00390271007654
46.94482 -0.0036740907446
47.03985 -0.00323717180307
47.13488 -0.00271910703754
47.22991 -0.00222672617093
47.32494 -0.00183860937047
47.41997 -0.00160050491957
47.515 -0.00152399492957
47.61003 -0.00152399492957
47.70506 -0.00152399492957
47.80009 -0.00152399492957
47.89512 -0.00152399492957
47.99015 -0.00152399492957
48.08518 -0.00152399492957
48.18021 -0.00152399492957
48.27524 -0.00152399492957
48.37027 -0.00152399492957
48.4653 -0.00152399492957
48.56033 -0.00152399492957
48.65536 -0.00152399492957
48.75039 -0.00152399492957
48.84542 -0.00152399492957
48.94045 -0.00152399492957
49.03548 -0.00152399492957
49.13051 -0.00152399492957
49.22554 -0.00152399492957
49.32057 -0.00152399492957
49.4156 -0.00152399492957
49.51063 -0.00152399492957
49.60566 -0.00152399492957
49.70069 -0.00152399492957
49.79572 -0.00152399492957
49.89075 -0.00152399492957
49.98578 -0.00152399492957
50.08081 -0.00152399492957
50.17584 -0.00152399492957
50.27087 -0.00152399492957
50.3659 -0.00152399492957
50.46093 -0.00152399492957
50.55596 -0.00152399492957
50.65099 -0.00152399492957
50.74602 -0.00152399492957
50.84105 -0.00152399492957
50.93608 -0.00152399492957
51.03111 -0.00152399492957
51.12614 -0.00152399492957
51.22117 -0.00152399492957
51.3162 -0.00152399492957
51.41123 -0.00152399492957
51.50626 -0.00152399492957
51.60129 -0.00152399492957
51.69632 -0.00152399492957
51.79135 -0.00152399492957
51.88638 -0.00152399492957
51.98141 -0.00152399492957
52.07644 -0.00152399492957
52.17147 -0.00152399492957
52.2665 -0.00152399492957
52.36153 -0.00152399492957
52.45656 -0.00152399492957
52.55159 -0.00152399492957
52.64662 -0.00152399492957
52.74165 -0.00152399492957
52.83668 -0.00152399492957
52.93171 -0.00152399492957
53.02674 -0.00152399492957
53.12177 -0.00152399492957
53.2168 -0.00152399492957
53.31183 -0.00152399492957
53.40686 -0.00152399492957
53.50189 -0.00152399492957
53.59692 -0.00152399492957
53.69195 -0.00152399492957
53.78698 -0.00152399492957
53.88201 -0.00152399492957
53.97704 -0.00152399492957
54.07207 -0.00152399492957
54.1671 -0.00152399492957
54.26213 -0.00152399492957
54.35716 -0.00152399492957
54.45219 -0.00152399492957
54.54722 -0.00152399492957
54.64225 -0.00152399492957
54.73728 -0.00152399492957
54.83231 -0.00152399492957
54.92734 -0.00152399492957
55.02237 -0.00152399492957
55.1174 -0.00152399492957
55.21243 -0.00152399492957
55.30746 -0.00152399492957
55.40249 -0.00152399492957
55.49752 -0.00152399492957
55.59255 -0.00152399492957
55.68758 -0.00152399492957
55.78261 -0.00152399492957
55.87764 -0.00152399492957
55.97267 -0.00152399492957
56.0677 -0.00152399492957
56.16273 -0.00152399492957
56.25776 -0.00152399492957
56.35279 -0.00152399492957
56.44782 -0.00152399492957
56.54285 -0.00152399492957
56.63788 -0.00152399492957
56.73291 -0.00152399492957
56.82794 -0.00152399492957
56.92297 -0.00152399492957
57.018 -0.00152399492957
57.11303 -0.00152399492957
57.20806 -0.00152399492957
57.30309 -0.00152399492957
57.39812 -0.00152399492957
57.49315 -0.00152399492957
57.58818 -0.00152399492957
57.68321 -0.00152399492957
57.77824 -0.00152399492957
57.87327 -0.00152399492957
57.9683 -0.00152399492957
58.06333 -0.00152399492957
58.15836 -0.00152399492957
58.25339 -0.00152399492957
58.34842 -0.00152399492957
58.44345 -0.00152399492957
58.53848 -0.00152399492957
58.63351 -0.00152399492957
58.72854 -0.00152399492957
58.82357 -0.00152399492957
58.9186 -0.00152399492957
59.01363 -0.00152399492957
59.10866 -0.00152399492957
59.20369 -0.00152399492957
59.29872 -0.00152399492957
59.39375 -0.00152399492957
59.48878 -0.00152399492957
59.58381 -0.00152399492957
59.67884 -0.00152399492957
59.77387 -0.00152399492957
59.8689 -0.00152399492957
59.96393 -0.00152399492957
60.05896 -0.00152399492957
60.15399 -0.00152399492957
60.24902 -0.00152399492957
60.34405 -0.00152399492957
60.43908 -0.00152399492957
60.53411 -0.00152399492957
60.62914 -0.00152399492957
60.72417 -0.00152399492957
60.8192 -0.00152399492957
60.91423 -0.00152399492957
61.00926 -0.00152399492957
61.10429 -0.00152399492957
61.19932 -0.00152399492957
61.29435 -0.00152399492957
61.38938 -0.00152399492957
61.48441 -0.00152399492957
61.57944 -0.00152399492957
61.67447 -0.00152399492957
61.7695 -0.00152399492957
61.86453 -0.00152399492957
61.95956 -0.00152399492957
62.05459 -0.00152399492957
62.14962 -0.00152399492957
62.24465 -0.00152399492957
62.33968 -0.00152399492957
62.43471 -0.00152399492957
62.52974 -0.00152399492957
62.62477 -0.00152399492957
62.7198 -0.00152399492957
62.81483 -0.00152399492957
62.90986 -0.00152399492957
63.00489 -0.00152399492957
63.09992 -0.00152399492957
63.19495 -0.00152399492957
63.28998 -0.00152399492957
63.38501 -0.00152399492957
63.48004 -0.00152399492957
63.57507 -0.00152399492957
63.6701 -0.00152399492957
63.76513 -0.00152399492957
63.86016 -0.00152399492957
63.95519 -0.00152399492957
64.05022 -0.00152399492957
64.14525 -0.00152399492957
64.24028 -0.00152399492957
64.33531 -0.00152399492957
64.43034 -0.00152399492957
64.52537 -0.00152399492957
64.6204 -0.00152399492957
64.71543 -0.00152399492957
64.81046 -0.00152399492957
64.90549 -0.00152399492957
65.00052 -0.00152399492957
65.09555 -0.00152399492957
65.19058 -0.00152399492957
65.28561 -0.00152399492957
65.38064 -0.00152399492957
65.47567 -0.00152399492957
65.5707 -0.00152399492957
65.66573 -0.00152399492957
65.76076 -0.00152399492957
65.85579 -0.00152399492957
65.95082 -0.00152399492957
66.04585 -0.00152399492957
66.14088 -0.00152399492957
66.23591 -0.00152399492957
66.33094 -0.00152399492957
66.42597 -0.00152399492957
66.521 -0.00152399492957
66.61603 -0.00152399492957
66.71106 -0.00152399492957
66.80609 -0.00152399492957
66.90112 -0.00152399492957
66.99615 -0.00152399492957
67.09118 -0.00152399492957
67.18621 -0.00152399492957
67.28124 -0.00152399492957
67.37627 -0.00152399492957
67.4713 -0.00152399492957
67.56633 -0.00152399492957
67.66136 -0.00152399492957
67.75639 -0.00152399492957
67.85142 -0.00152399492957
67.94645 -0.00152399492957
68.04148 -0.00152399492957
68.13651 -0.00152399492957
68.23154 -0.00152399492957
68.32657 -0.00152399492957
68.4216 -0.00152399492957
68.51663 -0.00152399492957
68.61166 -0.00152399492957
68.70669 -0.00152399492957
68.80172 -0.00152399492957
68.89675 -0.00152399492957
68.99178 -0.00152399492957
69.08681 -0.00152399492957
69.18184 -0.00152399492957
69.27687 -0.00152399492957
69.3719 -0.00152399492957
69.46693 -0.00152399492957
69.56196 -0.00152399492957
69.65699 -0.00152399492957
69.75202 -0.00152399492957
69.84705 -0.00152399492957
69.94208 -0.00152399492957
70.03711 -0.00152399492957
70.13214 -0.00152399492957
70.22717 -0.00152399492957
70.3222 -0.00152399492957
70.41723 -0.00152399492957
70.51226 -0.00152399492957
70.60729 -0.00152399492957
70.70232 -0.00152399492957
70.79735 -0.00152399492957
70.89238 -0.00152399492957
70.98741 -0.00152399492957
71.08244 -0.00152399492957
71.17747 -0.00152399492957
71.2725 -0.00152399492957
71.36753 -0.00152399492957
71.46256 -0.00152399492957
71.55759 -0.00152399492957
71.65262 -0.00152399492957
71.74765 -0.00152399492957
71.84268 -0.00152399492957
71.93771 -0.00152399492957
72.03274 -0.00152399492957
72.12777 -0.00152399492957
72.2228 -0.00152399492957
72.31783 -0.00152399492957
72.41286 -0.00152399492957
72.50789 -0.00152399492957
72.60292 -0.00152399492957
72.69795 -0.00152399492957
72.79298 -0.00152399492957
72.88801 -0.00152399492957
72.98304 -0.00152399492957
73.07807 -0.00152399492957
73.1731 -0.00152399492957
73.26813 -0.00152399492957
73.36316 -0.00152399492957
73.45819 -0.00152399492957
73.55322 -0.00152399492957
73.64825 -0.00152399492957
73.74328 -0.00152399492957
73.83831 -0.00152399492957
73.93334 -0.00152399492957
74.02837 -0.00152399492957
74.1234 -0.00152399492957
74.21843 -0.00152399492957
74.31346 -0.00152399492957
74.40849 -0.00152399492957
74.50352 -0.00152399492957
74.59855 -0.00152399492957
74.69358 -0.00152399492957
74.78861 -0.00152399492957
74.88364 -0.00152399492957
74.97867 -0.00152399492957
75.0737 -0.00152399492957
75.16873 -0.00152399492957
75.26376 -0.00152399492957
75.35879 -0.00152399492957
75.45382 -0.00152399492957
75.54885 -0.00152399492957
75.64388 -0.00152399492957
75.73891 -0.00152399492957
75.83394 -0.00152399492957
75.92897 -0.00152399492957
76.024 -0.00152399492957
76.11903 -0.00152399492957
76.21406 -0.00152399492957
76.30909 -0.00152399492957
76.40412 -0.00152399492957
76.49915 -0.00152399492957
76.59418 -0.00152399492957
76.68921 -0.00152399492957
76.78424 -0.00152399492957
76.87927 -0.00152399492957
76.9743 -0.00152399492957
77.06933 -0.00152399492957
77.16436 -0.00152399492957
77.25939 -0.00152399492957
77.35442 -0.00152399492957
77.44945 -0.00152399492957
77.54448 -0.00152399492957
77.63951 -0.00152399492957
77.73454 -0.00152399492957
77.82957 -0.00152399492957
77.9246 -0.00152399492957
78.01963 -0.00152399492957
78.11466 -0.00152399492957
78.20969 -0.00152399492957
78.30472 -0.00152399492957
78.39975 -0.00152399492957
78.49478 -0.00152399492957
78.58981 -0.00152399492957
78.68484 -0.00152399492957
78.77987 -0.00152399492957
78.8749 -0.00152399492957
78.96993 -0.00152399492957
79.06496 -0.00152399492957
79.15999 -0.00152399492957
79.25502 -0.00152399492957
79.35005 -0.00152399492957
79.44508 -0.00152399492957
79.54011 -0.00152399492957
79.63514 -0.00152399492957
79.73017 -0.00152399492957
79.8252 -0.00152399492957
79.92023 -0.00152399492957
80.01526 -0.00152399492957
80.11029 -0.00152399492957
80.20532 -0.00152399492957
80.30035 -0.00152399492957
80.39538 -0.00152399492957
80.49041 -0.00152399492957
80.58544 -0.00152399492957
80.68047 -0.00152399492957
80.7755 -0.00152399492957
80.87053 -0.00152399492957
80.96556 -0.00152399492957
81.06059 -0.00152399492957
81.15562 -0.00152399492957
81.25065 -0.00152399492957
81.34568 -0.00152399492957
81.44071 -0.00152399492957
81.53574 -0.00152399492957
81.63077 -0.00152399492957
81.7258 -0.00152399492957
81.82083 -0.00152399492957
81.91586 -0.00152399492957
82.01089 -0.00152399492957
82.10592 -0.00152399492957
82.20095 -0.00152399492957
82.29598 -0.00152399492957
82.39101 -0.00152399492957
82.48604 -0.00152399492957
82.58107 -0.00152399492957
82.6761 -0.00152399492957
82.77113 -0.00152399492957
82.86616 -0.00152399492957
82.96119 -0.00152399492957
83.05622 -0.00152399492957
83.15125 -0.00152399492957
83.24628 -0.00152399492957
83.34131 -0.00152399492957
83.43634 -0.00152399492957
83.53137 -0.00152399492957
83.6264 -0.00152399492957
83.72143 -0.00152399492957
83.81646 -0.00152399492957
83.91149 -0.00152399492957
84.00652 -0.00152399492957
84.10155 -0.00152399492957
84.19658 -0.00152399492957
84.29161 -0.00152399492957
84.38664 -0.00152399492957
84.48167 -0.00152399492957
84.5767 -0.00152399492957
84.67173 -0.00152399492957
84.76676 -0.00152399492957
84.86179 -0.00152399492957
84.95682 -0.00152399492957
85.05185 -0.00152399492957
85.14688 -0.00152399492957
85.24191 -0.00152399492957
85.33694 -0.00152399492957
85.43197 -0.00152399492957
85.527 -0.00152399492957
85.62203 -0.00152399492957
85.71706 -0.00152399492957
85.81209 -0.00152399492957
85.90712 -0.00152399492957
86.00215 -0.00152399492957
86.09718 -0.00152399492957
86.19221 -0.00152399492957
86.28724 -0.00152399492957
86.38227 -0.00152399492957
86.4773 -0.00152399492957
86.57233 -0.00152399492957
86.66736 -0.00152399492957
86.76239 -0.00152399492957
86.85742 -0.00152399492957
86.95245 -0.00152399492957
87.04748 -0.00152399492957
87.14251 -0.00152399492957
87.23754 -0.00152399492957
87.33257 -0.00152399492957
87.4276 -0.00152399492957
87.52263 -0.00152399492957
87.61766 -0.00152399492957
87.71269 -0.00152399492957
87.80772 -0.00152399492957
87.90275 -0.00152399492957
87.99778 -0.00152399492957
88.09281 -0.00152399492957
88.18784 -0.00152399492957
88.28287 -0.00152399492957
88.3779 -0.00152399492957
88.47293 -0.00152399492957
88.56796 -0.00152399492957
88.66299 -0.00152399492957
88.75802 -0.00152399492957
88.85305 -0.00152399492957
88.94808 -0.00152399492957
89.04311 -0.00152399492957
89.13814 -0.00152399492957
89.23317 -0.00152399492957
89.3282 -0.00152399492957
89.42323 -0.00152399492957
89.51826 -0.00152399492957
89.61329 -0.00152399492957
89.70832 -0.00152399492957
89.80335 -0.00152399492957
89.89838 -0.00152399492957
89.99341 -0.00152399492957
90.08844 -0.00152399492957
90.18347 -0.00152399492957
90.2785 -0.00152399492957
90.37353 -0.00152399492957
90.46856 -0.00152399492957
90.56359 -0.00152399492957
90.65862 -0.00152399492957
90.75365 -0.00152399492957
90.84868 -0.00152399492957
90.94371 -0.00152399492957
91.03874 -0.00152399492957
91.13377 -0.00152399492957
91.2288 -0.00152399492957
91.32383 -0.00152399492957
91.41886 -0.00152399492957
91.51389 -0.00152399492957
91.60892 -0.00152399492957
91.70395 -0.00152399492957
91.79898 -0.00152399492957
91.89401 -0.00152399492957
91.98904 -0.00152399492957
92.08407 -0.00152399492957
92.1791 -0.00152399492957
92.27413 -0.00152399492957
92.36916 -0.00152399492957
92.46419 -0.00152399492957
92.55922 -0.00152399492957
92.65425 -0.00152399492957
92.74928 -0.00152399492957
92.84431 -0.00152399492957
92.93934 -0.00152399492957
93.03437 -0.00152399492957
93.1294 -0.00152399492957
93.22443 -0.00152399492957
93.31946 -0.00152399492957
93.41449 -0.00152399492957
93.50952 -0.00152399492957
93.60455 -0.00152399492957
93.69958 -0.00152399492957
93.79461 -0.00152399492957
93.88964 -0.00152399492957
93.98467 -0.00152399492957
94.0797 -0.00152399492957
94.17473 -0.00152399492957
94.26976 -0.00152399492957
94.36479 -0.00152399492957
94.45982 -0.00152399492957
94.55485 -0.00152399492957
94.64988 -0.00152399492957
94.74491 -0.00152399492957
94.83994 -0.00152399492957
94.93497 -0.00152399492957
95.03 -0.00152399492957
95.12503 -0.00152399492957
95.22006 -0.00152399492957
95.31509 -0.00152399492957
95.41012 -0.00152399492957
95.50515 -0.00152399492957
95.60018 -0.00152399492957
95.69521 -0.00152399492957
95.79024 -0.00152399492957
95.88527 -0.00152399492957
95.9803 -0.00152399492957
96.07533 -0.00152399492957
96.17036 -0.00152399492957
96.26539 -0.00152399492957
96.36042 -0.00152399492957
96.45545 -0.00152399492957
96.55048 -0.00152399492957
96.64551 -0.00152399492957
96.74054 -0.00152399492957
96.83557 -0.00152399492957
96.9306 -0.00152399492957
97.02563 -0.00152399492957
97.12066 -0.00152399492957
97.21569 -0.00152399492957
