0.0 -0.476257765008
0.09465 -0.134967330967
0.1893 0.22332968406
0.28395 0.53003798769
0.3786 0.734347810308
0.47325 0.821385041395
0.5679 0.813538429447
0.66255 0.755430257191
0.7572 0.690201015597
0.85185 0.63772877333
0.9465 0.585095510618
1.04115 0.494049564911
1.1358 0.32170886369
1.23045 0.0456142253519
1.3251 -0.31753117783
1.41975 -0.709057692564
1.5144 -1.04471213879
1.60905 -1.24321721982
1.7037 -1.25028760337
1.79835 -1.04511440244
1.893 -0.634355024582
1.98765 -0.0478260868937
2.0823 0.658146568699
2.17695 1.39346098517
2.2716 2.02827134454
2.36625 2.39619344413
2.4609 2.31903201064
2.55555 1.65690560577
2.6502 0.368359363397
2.74485 -1.44510783106
2.8395 -3.52693743189
2.93415 -5.48884641765
3.0288 -6.86727159993
3.12345 -7.2109471286
3.2181 -6.19555305281
3.31275 -3.74519049486
3.4074 -0.115192499583
3.50205 4.11362303696
3.5967 8.14720182404
3.69135 11.1680893671
3.786 12.5430873452
3.88065 11.9847496663
3.9753 9.61941004679
4.06995 5.94314060551
4.1646 1.67961333078
4.25925 -2.41664993262
4.3539 -5.74998384126
4.44855 -8.00648765126
4.5432 -9.17456929462
4.63785 -9.46682119982
4.7325 -9.18342412535
4.82715 -8.5748309472
4.9218 -7.75619959424
5.01645 -6.70063410077
5.1111 -5.30203443631
5.20575 -3.4693261194
5.3004 -1.20667259851
5.39505 1.35183033204
5.4897 3.96152648275
5.58435 6.3283736772
5.679 8.18632979234
5.77365 9.36190470067
5.8683 9.80335495416
5.96295 9.56674994437
6.0576 8.76957082191
6.15225 7.53603705809
6.2469 5.9601496817
6.34155 4.10169583618
6.4362 2.01277582958
6.53085 -0.223350235454
6.6255 -2.46590174917
6.72015 -4.52119737255
6.8148 -6.18062599833
6.90945 -7.27740060242
7.0041 -7.73809814126
7.09875 -7.60682965183
7.1934 -7.03101693054
7.28805 -6.21278129444
7.3827 -5.34343176382
7.47735 -4.54533557429
7.572 -3.84287658426
7.66665 -3.1728981176
7.7613 -2.42873232856
7.85595 -1.51805038352
7.9506 -0.409794757501
8.04525 0.848570931081
8.1399 2.14806091525
8.23455 3.3587620914
8.3292 4.37450751772
8.42385 5.14272743478
8.5185 5.66890375792
8.61315 5.99671151322
8.7078 6.17501007998
8.80245 6.22721364706
8.8971 6.13607417837
8.99175 5.84951621202
9.0864 5.30413255425
9.18105 4.45577808979
9.2757 3.30423593244
9.37035 1.90237595255
9.465 0.347643711359
9.55965 -1.2389444275
9.6543 -2.7370431389
9.74895 -4.04592564076
9.8436 -5.09424506732
9.93825 -5.84186433211
10.0329 -6.27753931939
10.12755 -6.41550687171
10.2222 -6.291584869
10.31685 -5.95747905008
10.4115 -5.47188507547
10.50615 -4.8886092151
10.6008 -4.24448336845
10.69545 -3.55174161278
10.7901 -2.79910940636
10.88475 -1.96273592148
10.9794 -1.02363540388
11.07405 0.0151112416755
11.1687 1.11865644145
11.26335 2.22270007797
11.358 3.24737451102
11.45265 4.11718677873
11.5473 4.77886639277
11.64195 5.21032257681
11.7366 5.41847391688
11.83125 5.42887326359
11.9259 5.2731583772
12.02055 4.98015245767
12.1152 4.57342581187
12.20985 4.07408436367
12.3045 3.50468948764
12.39915 2.89005924719
12.4938 2.2532320808
12.58845 1.60852567389
12.6831 0.956183493162
12.77775 0.283021951291
12.8724 -0.42932426724
12.96705 -1.19111030031
13.0617 -1.99193592604
13.15635 -2.79519454236
13.251 -3.5429924072
13.34565 -4.17031747799
13.4403 -4.62295092178
13.53495 -4.87187774482
13.6296 -4.91860534423
13.72425 -4.78996404956
13.8189 -4.52556043373
13.91355 -4.16388293594
14.0082 -3.73289272748
14.10285 -3.2480851339
14.1975 -2.71708785834
14.29215 -2.14690499215
14.3868 -1.54929657838
14.48145 -0.941549147191
14.5761 -0.342866357107
14.67075 0.230913220225
14.7654 0.770868633543
14.86005 1.27472019247
14.9547 1.74303656313
15.04935 2.17432130025
15.144 2.56197006519
15.23865 2.89493328003
15.3333 3.16173912991
15.42795 3.35559416359
15.5226 3.47765951187
15.61725 3.53660151881
15.7119 3.54453342756
15.80655 3.51136662399
15.9012 3.44035953069
15.99585 3.326938752
16.0905 3.16113802729
16.18515 2.93223614486
16.2798 2.63329944593
16.37445 2.26371619065
16.4691 1.82910416525
16.56375 1.33937342014
16.6584 0.806456788182
16.75305 0.242971425609
16.8477 -0.337864917379
16.94235 -0.921702724201
17.037 -1.49292952801
17.13165 -2.03555093327
17.2263 -2.53484163456
17.32095 -2.97883038834
17.4156 -3.35864830764
17.51025 -3.66745680653
17.6049 -3.89865792761
17.69955 -4.04472547035
17.7942 -4.09780859013
17.88885 -4.05226811413
17.9835 -3.90804033578
18.07815 -3.67293841676
18.1728 -3.36223662986
18.26745 -2.99512269116
18.3621 -2.5892473429
18.45675 -2.155765978
18.5514 -1.69727279148
18.64605 -1.2097842324
18.7407 -0.688016124742
18.83535 -0.131579778734
18.93 0.450765163066
19.02465 1.04075394847
19.1193 1.61425595012
19.21395 2.14714964786
19.3086 2.62073184492
19.40325 3.02437243635
19.4979 3.35462382321
19.59255 3.61176668114
19.6872 3.79591245801
19.78185 3.90475654616
19.8765 3.93398669126
19.97115 3.87984321849
20.0658 3.74221585398
20.16045 3.52649255643
20.2551 3.24315875636
20.34975 2.90538987637
20.4444 2.52589396837
20.53905 2.11453558357
20.6337 1.67773532376
20.72835 1.21965636212
20.823 0.744321860618
20.91765 0.257491800571
21.0123 -0.232549514651
21.10695 -0.715454127105
21.2016 -1.18005442622
21.29625 -1.61569603167
21.3909 -2.0131731789
21.48555 -2.36519521947
21.5802 -2.66660833535
21.67485 -2.91457665527
21.7695 -3.10865349523
21.86415 -3.25041396624
21.9588 -3.3423519409
22.05345 -3.38614328514
22.1481 -3.38093419273
22.24275 -3.32264270385
22.3374 -3.205044974
22.43205 -3.02263647561
22.5267 -2.77425859453
22.62135 -2.46581709121
22.716 -2.11054406321
22.81065 -1.72623684184
22.9053 -1.33033771407
22.99995 -0.934890561869
23.0946 -0.543681067769
23.18925 -0.153012804491
23.2839 0.244059446222
23.37855 0.651854349144
23.4732 1.06719198886
23.56785 1.47776005739
23.6625 1.86447929887
23.75715 2.20680123009
23.8518 2.48857492631
23.94645 2.70196993677
24.0411 2.84797517188
24.13575 2.93365854034
24.2304 2.9678258926
24.32505 2.95726156209
24.4197 2.90516280057
24.51435 2.81207084631
24.609 2.67828257314
24.70365 2.50608512991
24.7983 2.30047423136
24.89295 2.06804439017
24.9876 1.81485652457
25.08225 1.54466274453
25.1769 1.25860387004
25.27155 0.95658243459
25.3662 0.639502838874
25.46085 0.311049188358
25.5555 -0.022066846386
25.65015 -0.351571353567
25.7448 -0.66999569608
25.83945 -0.97260058844
25.9341 -1.25774030218
26.02875 -1.52541600972
26.1234 -1.77478641484
26.21805 -2.00201158284
26.3127 -2.19966768953
26.40735 -2.35816251015
26.502 -2.46854283149
26.59665 -2.52537231091
26.6913 -2.52834252878
26.78595 -2.48195048389
26.8806 -2.39355618301
26.97525 -2.27089539316
27.0699 -2.1202737282
27.16455 -1.94616251224
27.2592 -1.75206627303
27.35385 -1.5418240422
27.4485 -1.32033108967
27.54315 -1.09310183538
27.6378 -0.864868861073
27.73245 -0.638068976278
27.8271 -0.412219544583
27.92175 -0.184740635284
28.0164 0.047023081275
28.11105 0.283533590985
28.2057 0.521707902012
28.30035 0.755232019878
28.395 0.976457918552
28.48965 1.17891769473
28.5843 1.35937204464
28.67895 1.51838408432
28.7736 1.65895832068
28.86825 1.78408315607
28.9629 1.89430212648
29.05755 1.9864352647
29.1522 2.05399487358
29.24685 2.08904931691
29.3415 2.08467960632
29.43615 2.03701898239
29.5308 1.94618748117
29.62545 1.81601495133
29.7201 1.65296564589
29.81475 1.46488629237
29.9094 1.26004458204
30.00405 1.04655795614
30.0987 0.831986083666
30.19335 0.622776590406
30.288 0.423450415815
30.38265 0.235750395072
30.4773 0.0582244649395
30.57195 -0.11330832032
30.6666 -0.284280664976
30.76125 -0.459229110146
30.8559 -0.639691559718
30.95055 -0.822946179611
31.0452 -1.00211414595
31.13985 -1.16764024294
31.2345 -1.30965089443
31.32915 -1.42039136614
31.4238 -1.49597220783
31.51845 -1.53696484276
31.6131 -1.54781689003
31.70775 -1.5354222856
31.8024 -1.5073554506
31.89705 -1.47024577127
31.9917 -1.42860304804
32.08635 -1.38421476488
32.181 -1.33610227905
32.27565 -1.28096435686
32.3703 -1.21401907092
32.46495 -1.13013007062
32.5596 -1.02504722673
32.65425 -0.896524975057
32.7489 -0.745055025212
32.84355 -0.574009106076
32.9382 -0.389137783155
33.03285 -0.197566312902
33.1275 -0.00658752230064
33.22215 0.177398425174
33.3168 0.349532356419
33.41145 0.506648264177
33.5061 0.647036508111
33.60075 0.770039156737
33.6954 0.875689948359
33.79005 0.964500666726
33.8847 1.03735581596
33.97935 1.09539179918
34.074 1.13975303066
34.16865 1.17122205166
34.2633 1.18984824713
34.35795 1.19477015962
34.4526 1.18438977657
34.54725 1.15692125743
34.6419 1.11116334113
34.73655 1.04721908294
34.8312 0.96687422879
34.92585 0.873460440583
35.0205 0.771226713693
35.11515 0.664437671384
35.2098 0.55652565346
35.30445 0.449596330942
35.3991 0.344435846663
35.49375 0.240957372726
35.5884 0.138849169606
35.68305 0.0381223606973
35.7777 -0.0606685433679
35.87235 -0.156583117312
35.967 -0.248688316481
36.06165 -0.336428320163
36.1563 -0.419726693533
36.25095 -0.498716843169
36.3456 -0.573195026268
36.44025 -0.642051386673
36.5349 -0.702980455804
36.62955 -0.752678337671
36.7242 -0.78753834921
36.81885 -0.804644235813
36.9135 -0.802721118332
37.00815 -0.782697402103
37.1028 -0.747658458197
37.19745 -0.702183107989
37.2921 -0.651264540248
37.38675 -0.599150298266
37.4814 -0.548448096905
37.57605 -0.499740774067
37.6707 -0.451781652032
37.76535 -0.40216666534
37.86 -0.348258431725
37.95465 -0.288097729674
38.0493 -0.221074260561
38.14395 -0.148213541371
38.2386 -0.0720380873778
38.33325 0.00394445626599
38.4279 0.0759968987082
38.52255 0.140968844025
38.6172 0.196968001548
38.71185 0.243700812245
38.8065 0.282368965592
38.90115 0.315126778995
38.9958 0.344240778317
39.09045 0.371201758034
39.1851 0.39607593496
39.27975 0.4173221863
39.3744 0.432159350134
39.46905 0.43738792424
39.5637 0.430417561836
39.65835 0.410180097549
39.753 0.37764191344
39.84765 0.335755456397
39.9423 0.288862863587
40.03695 0.24172741435
40.1316 0.198471290981
40.22625 0.161714322212
40.3209 0.132139739297
40.41555 0.108585180353
40.5102 0.0886093882437
40.60485 0.0693578719805
40.6995 0.0484763574186
40.79415 0.0248164740203
40.8888 -0.00125635659304
40.98345 -0.0280249319396
41.0781 -0.0529857544628
41.17275 -0.0736321804515
41.2674 -0.0882066227573
41.36205 -0.0961897011264
41.4567 -0.0983875277063
41.55135 -0.0966177331895
41.646 -0.0931300611696
41.74065 -0.0899772136231
41.8353 -0.0885460394923
41.92995 -0.0893737062638
42.0246 -0.0922482539569
42.11925 -0.09648452525
42.2139 -0.101221323574
42.30855 -0.105617807922
42.4032 -0.10891224565
42.49785 -0.110395207521
42.5925 -0.109394375616
42.68715 -0.105347813656
42.7818 -0.0979718946982
42.87645 -0.0874515484677
42.9711 -0.0745403876285
43.06575 -0.0604817126802
43.1604 -0.04673897439
43.25505 -0.0346171709536
43.3497 -0.024917065451
43.44435 -0.0177600270529
43.539 -0.0126528385474
43.63365 -0.00876088546768
43.7283 -0.00527213634116
43.82295 -0.00170248220837
43.9176 0.0019723705584
44.01225 0.00539154214717
44.1069 0.00803443570478
44.20155 0.00948553600492
44.2962 0.00962557896095
44.39085 0.00868286819304
44.4855 0.00714613374171
44.58015 0.00559573721595
44.6748 0.00453098901875
44.76945 0.00425539938011
44.8641 0.00484393219524
44.95875 0.00617878773513
45.0534 0.0080196416778
45.14805 0.0100749347777
45.2427 0.012055442832
45.33735 0.0137078039664
45.432 0.0148347404411
45.52665 0.0153084329307
45.6213 0.0150782504691
45.71595 0.014170010544
45.8106 0.0126746140349
45.90525 0.0107282234414
45.9999 0.00849018180323
46.09455 0.00612513506583
46.1892 0.00379194372086
46.28385 0.00163679640225
46.3785 -0.00021467162027
46.47315 -0.00166948581103
46.5678 -0.00268167551851
46.66245 -0.00326216255539
46.7571 -0.00347694813117
46.85175 -0.00343087278121
46.9464 -0.00324133131777
47.04105 -0.00301166248493
47.1357 -0.00281411525176
47.23035 -0.00268712125543
47.325 -0.00264419632872
47.41965 -0.00264419632872
47.5143 -0.00264419632872
47.60895 -0.00264419632872
47.7036 -0.00264419632872
47.79825 -0.00264419632872
47.8929 -0.00264419632872
47.98755 -0.00264419632872
48.0822 -0.00264419632872
48.17685 -0.00264419632872
48.2715 -0.00264419632872
48.36615 -0.00264419632872
48.4608 -0.00264419632872
48.55545 -0.00264419632872
48.6501 -0.00264419632872
48.74475 -0.00264419632872
48.8394 -0.00264419632872
48.93405 -0.00264419632872
49.0287 -0.00264419632872
49.12335 -0.00264419632872
49.218 -0.00264419632872
49.31265 -0.00264419632872
49.4073 -0.00264419632872
49.50195 -0.00264419632872
49.5966 -0.00264419632872
49.69125 -0.00264419632872
49.7859 -0.00264419632872
49.88055 -0.00264419632872
49.9752 -0.00264419632872
50.06985 -0.00264419632872
50.1645 -0.00264419632872
50.25915 -0.00264419632872
50.3538 -0.00264419632872
50.44845 -0.00264419632872
50.5431 -0.00264419632872
50.63775 -0.00264419632872
50.7324 -0.00264419632872
50.82705 -0.00264419632872
50.9217 -0.00264419632872
51.01635 -0.00264419632872
51.111 -0.00264419632872
51.20565 -0.00264419632872
51.3003 -0.00264419632872
51.39495 -0.00264419632872
51.4896 -0.00264419632872
51.58425 -0.00264419632872
51.6789 -0.00264419632872
51.77355 -0.00264419632872
51.8682 -0.00264419632872
51.96285 -0.00264419632872
52.0575 -0.00264419632872
52.15215 -0.00264419632872
52.2468 -0.00264419632872
52.34145 -0.00264419632872
52.4361 -0.00264419632872
52.53075 -0.00264419632872
52.6254 -0.00264419632872
52.72005 -0.00264419632872
52.8147 -0.00264419632872
52.90935 -0.00264419632872
53.004 -0.00264419632872
53.09865 -0.00264419632872
53.1933 -0.00264419632872
53.28795 -0.00264419632872
53.3826 -0.00264419632872
53.47725 -0.00264419632872
53.5719 -0.00264419632872
53.66655 -0.00264419632872
53.7612 -0.00264419632872
53.85585 -0.00264419632872
53.9505 -0.00264419632872
54.04515 -0.00264419632872
54.1398 -0.00264419632872
54.23445 -0.00264419632872
54.3291 -0.00264419632872
54.42375 -0.00264419632872
54.5184 -0.00264419632872
54.61305 -0.00264419632872
54.7077 -0.00264419632872
54.80235 -0.00264419632872
54.897 -0.00264419632872
54.99165 -0.00264419632872
55.0863 -0.00264419632872
55.18095 -0.00264419632872
55.2756 -0.00264419632872
55.37025 -0.00264419632872
55.4649 -0.00264419632872
55.55955 -0.00264419632872
55.6542 -0.00264419632872
55.74885 -0.00264419632872
55.8435 -0.00264419632872
55.93815 -0.00264419632872
56.0328 -0.00264419632872
56.12745 -0.00264419632872
56.2221 -0.00264419632872
56.31675 -0.00264419632872
56.4114 -0.00264419632872
56.50605 -0.00264419632872
56.6007 -0.00264419632872
56.69535 -0.00264419632872
56.79 -0.00264419632872
56.88465 -0.00264419632872
56.9793 -0.00264419632872
57.07395 -0.00264419632872
57.1686 -0.00264419632872
57.26325 -0.00264419632872
57.3579 -0.00264419632872
57.45255 -0.00264419632872
57.5472 -0.00264419632872
57.64185 -0.00264419632872
57.7365 -0.00264419632872
57.83115 -0.00264419632872
57.9258 -0.00264419632872
58.02045 -0.00264419632872
58.1151 -0.00264419632872
58.20975 -0.00264419632872
58.3044 -0.00264419632872
58.39905 -0.00264419632872
58.4937 -0.00264419632872
58.58835 -0.00264419632872
58.683 -0.00264419632872
58.77765 -0.00264419632872
58.8723 -0.00264419632872
58.96695 -0.00264419632872
59.0616 -0.00264419632872
59.15625 -0.00264419632872
59.2509 -0.00264419632872
59.34555 -0.00264419632872
59.4402 -0.00264419632872
59.53485 -0.00264419632872
59.6295 -0.00264419632872
59.72415 -0.00264419632872
59.8188 -0.00264419632872
59.91345 -0.00264419632872
60.0081 -0.00264419632872
60.10275 -0.00264419632872
60.1974 -0.00264419632872
60.29205 -0.00264419632872
60.3867 -0.00264419632872
60.48135 -0.00264419632872
60.576 -0.00264419632872
60.67065 -0.00264419632872
60.7653 -0.00264419632872
60.85995 -0.00264419632872
60.9546 -0.00264419632872
61.04925 -0.00264419632872
61.1439 -0.00264419632872
61.23855 -0.00264419632872
61.3332 -0.00264419632872
61.42785 -0.00264419632872
61.5225 -0.00264419632872
61.61715 -0.00264419632872
61.7118 -0.00264419632872
61.80645 -0.00264419632872
61.9011 -0.00264419632872
61.99575 -0.00264419632872
62.0904 -0.00264419632872
62.18505 -0.00264419632872
62.2797 -0.00264419632872
62.37435 -0.00264419632872
62.469 -0.00264419632872
62.56365 -0.00264419632872
62.6583 -0.00264419632872
62.75295 -0.00264419632872
62.8476 -0.00264419632872
62.94225 -0.00264419632872
63.0369 -0.00264419632872
63.13155 -0.00264419632872
63.2262 -0.00264419632872
63.32085 -0.00264419632872
63.4155 -0.00264419632872
63.51015 -0.00264419632872
63.6048 -0.00264419632872
63.69945 -0.00264419632872
63.7941 -0.00264419632872
63.88875 -0.00264419632872
63.9834 -0.00264419632872
64.07805 -0.00264419632872
64.1727 -0.00264419632872
64.26735 -0.00264419632872
64.362 -0.00264419632872
64.45665 -0.00264419632872
64.5513 -0.00264419632872
64.64595 -0.00264419632872
64.7406 -0.00264419632872
64.83525 -0.00264419632872
64.9299 -0.00264419632872
65.02455 -0.00264419632872
65.1192 -0.00264419632872
65.21385 -0.00264419632872
65.3085 -0.00264419632872
65.40315 -0.00264419632872
65.4978 -0.00264419632872
65.59245 -0.00264419632872
65.6871 -0.00264419632872
65.78175 -0.00264419632872
65.8764 -0.00264419632872
65.97105 -0.00264419632872
66.0657 -0.00264419632872
66.16035 -0.00264419632872
66.255 -0.00264419632872
66.34965 -0.00264419632872
66.4443 -0.00264419632872
66.53895 -0.00264419632872
66.6336 -0.00264419632872
66.72825 -0.00264419632872
66.8229 -0.00264419632872
66.91755 -0.00264419632872
67.0122 -0.00264419632872
67.10685 -0.00264419632872
67.2015 -0.00264419632872
67.29615 -0.00264419632872
67.3908 -0.00264419632872
67.48545 -0.00264419632872
67.5801 -0.00264419632872
67.67475 -0.00264419632872
67.7694 -0.00264419632872
67.86405 -0.00264419632872
67.9587 -0.00264419632872
68.05335 -0.00264419632872
68.148 -0.00264419632872
68.24265 -0.00264419632872
68.3373 -0.00264419632872
68.43195 -0.00264419632872
68.5266 -0.00264419632872
68.62125 -0.00264419632872
68.7159 -0.00264419632872
68.81055 -0.00264419632872
68.9052 -0.00264419632872
68.99985 -0.00264419632872
69.0945 -0.00264419632872
69.18915 -0.00264419632872
69.2838 -0.00264419632872
69.37845 -0.00264419632872
69.4731 -0.00264419632872
69.56775 -0.00264419632872
69.6624 -0.00264419632872
69.75705 -0.00264419632872
69.8517 -0.00264419632872
69.94635 -0.00264419632872
70.041 -0.00264419632872
70.13565 -0.00264419632872
70.2303 -0.00264419632872
70.32495 -0.00264419632872
70.4196 -0.00264419632872
70.51425 -0.00264419632872
70.6089 -0.00264419632872
70.70355 -0.00264419632872
70.7982 -0.00264419632872
70.89285 -0.00264419632872
70.9875 -0.00264419632872
71.08215 -0.00264419632872
71.1768 -0.00264419632872
71.27145 -0.00264419632872
71.3661 -0.00264419632872
71.46075 -0.00264419632872
71.5554 -0.00264419632872
71.65005 -0.00264419632872
71.7447 -0.00264419632872
71.83935 -0.00264419632872
71.934 -0.00264419632872
72.02865 -0.00264419632872
72.1233 -0.00264419632872
72.21795 -0.00264419632872
72.3126 -0.00264419632872
72.40725 -0.00264419632872
72.5019 -0.00264419632872
72.59655 -0.00264419632872
72.6912 -0.00264419632872
72.78585 -0.00264419632872
72.8805 -0.00264419632872
72.97515 -0.00264419632872
73.0698 -0.00264419632872
73.16445 -0.00264419632872
73.2591 -0.00264419632872
73.35375 -0.00264419632872
73.4484 -0.00264419632872
73.54305 -0.00264419632872
73.6377 -0.00264419632872
73.73235 -0.00264419632872
73.827 -0.00264419632872
73.92165 -0.00264419632872
74.0163 -0.00264419632872
74.11095 -0.00264419632872
74.2056 -0.00264419632872
74.30025 -0.00264419632872
74.3949 -0.00264419632872
74.48955 -0.00264419632872
74.5842 -0.00264419632872
74.67885 -0.00264419632872
74.7735 -0.00264419632872
74.86815 -0.00264419632872
74.9628 -0.00264419632872
75.05745 -0.00264419632872
75.1521 -0.00264419632872
75.24675 -0.00264419632872
75.3414 -0.00264419632872
75.43605 -0.00264419632872
75.5307 -0.00264419632872
75.62535 -0.00264419632872
75.72 -0.00264419632872
75.81465 -0.00264419632872
75.9093 -0.00264419632872
76.00395 -0.00264419632872
76.0986 -0.00264419632872
76.19325 -0.00264419632872
76.2879 -0.00264419632872
76.38255 -0.00264419632872
76.4772 -0.00264419632872
76.57185 -0.00264419632872
76.6665 -0.00264419632872
76.76115 -0.00264419632872
76.8558 -0.00264419632872
76.95045 -0.00264419632872
77.0451 -0.00264419632872
77.13975 -0.00264419632872
77.2344 -0.00264419632872
77.32905 -0.00264419632872
77.4237 -0.00264419632872
77.51835 -0.00264419632872
77.613 -0.00264419632872
77.70765 -0.00264419632872
77.8023 -0.00264419632872
77.89695 -0.00264419632872
77.9916 -0.00264419632872
78.08625 -0.00264419632872
78.1809 -0.00264419632872
78.27555 -0.00264419632872
78.3702 -0.00264419632872
78.46485 -0.00264419632872
78.5595 -0.00264419632872
78.65415 -0.00264419632872
78.7488 -0.00264419632872
78.84345 -0.00264419632872
78.9381 -0.00264419632872
79.03275 -0.00264419632872
79.1274 -0.00264419632872
79.22205 -0.00264419632872
79.3167 -0.00264419632872
79.41135 -0.00264419632872
79.506 -0.00264419632872
79.60065 -0.00264419632872
79.6953 -0.00264419632872
79.78995 -0.00264419632872
79.8846 -0.00264419632872
79.97925 -0.00264419632872
80.0739 -0.00264419632872
80.16855 -0.00264419632872
80.2632 -0.00264419632872
80.35785 -0.00264419632872
80.4525 -0.00264419632872
80.54715 -0.00264419632872
80.6418 -0.00264419632872
80.73645 -0.00264419632872
80.8311 -0.00264419632872
80.92575 -0.00264419632872
81.0204 -0.00264419632872
81.11505 -0.00264419632872
81.2097 -0.00264419632872
81.30435 -0.00264419632872
81.399 -0.00264419632872
81.49365 -0.00264419632872
81.5883 -0.00264419632872
81.68295 -0.00264419632872
81.7776 -0.00264419632872
81.87225 -0.00264419632872
81.9669 -0.00264419632872
82.06155 -0.00264419632872
82.1562 -0.00264419632872
82.25085 -0.00264419632872
82.3455 -0.00264419632872
82.44015 -0.00264419632872
82.5348 -0.00264419632872
82.62945 -0.00264419632872
82.7241 -0.00264419632872
82.81875 -0.00264419632872
82.9134 -0.00264419632872
83.00805 -0.00264419632872
83.1027 -0.00264419632872
83.19735 -0.00264419632872
83.292 -0.00264419632872
83.38665 -0.00264419632872
83.4813 -0.00264419632872
83.57595 -0.00264419632872
83.6706 -0.00264419632872
83.76525 -0.00264419632872
83.8599 -0.00264419632872
83.95455 -0.00264419632872
84.0492 -0.00264419632872
84.14385 -0.00264419632872
84.2385 -0.00264419632872
84.33315 -0.00264419632872
84.4278 -0.00264419632872
84.52245 -0.00264419632872
84.6171 -0.00264419632872
84.71175 -0.00264419632872
84.8064 -0.00264419632872
84.90105 -0.00264419632872
84.9957 -0.00264419632872
85.09035 -0.00264419632872
85.185 -0.00264419632872
85.27965 -0.00264419632872
85.3743 -0.00264419632872
85.46895 -0.00264419632872
85.5636 -0.00264419632872
85.65825 -0.00264419632872
85.7529 -0.00264419632872
85.84755 -0.00264419632872
85.9422 -0.00264419632872
86.03685 -0.00264419632872
86.1315 -0.00264419632872
86.22615 -0.00264419632872
86.3208 -0.00264419632872
86.41545 -0.00264419632872
86.5101 -0.00264419632872
86.60475 -0.00264419632872
86.6994 -0.00264419632872
86.79405 -0.00264419632872
86.8887 -0.00264419632872
86.98335 -0.00264419632872
87.078 -0.00264419632872
87.17265 -0.00264419632872
87.2673 -0.00264419632872
87.36195 -0.00264419632872
87.4566 -0.00264419632872
87.55125 -0.00264419632872
87.6459 -0.00264419632872
87.74055 -0.00264419632872
87.8352 -0.00264419632872
87.92985 -0.00264419632872
88.0245 -0.00264419632872
88.11915 -0.00264419632872
88.2138 -0.00264419632872
88.30845 -0.00264419632872
88.4031 -0.00264419632872
88.49775 -0.00264419632872
88.5924 -0.00264419632872
88.68705 -0.00264419632872
88.7817 -0.00264419632872
88.87635 -0.00264419632872
88.971 -0.00264419632872
89.06565 -0.00264419632872
89.1603 -0.00264419632872
89.25495 -0.00264419632872
89.3496 -0.00264419632872
89.44425 -0.00264419632872
89.5389 -0.00264419632872
89.63355 -0.00264419632872
89.7282 -0.00264419632872
89.82285 -0.00264419632872
89.9175 -0.00264419632872
90.01215 -0.00264419632872
90.1068 -0.00264419632872
90.20145 -0.00264419632872
90.2961 -0.00264419632872
90.39075 -0.00264419632872
90.4854 -0.00264419632872
90.58005 -0.00264419632872
90.6747 -0.00264419632872
90.76935 -0.00264419632872
90.864 -0.00264419632872
90.95865 -0.00264419632872
91.0533 -0.00264419632872
91.14795 -0.00264419632872
91.2426 -0.00264419632872
91.33725 -0.00264419632872
91.4319 -0.00264419632872
91.52655 -0.00264419632872
91.6212 -0.00264419632872
91.71585 -0.00264419632872
91.8105 -0.00264419632872
91.90515 -0.00264419632872
91.9998 -0.00264419632872
92.09445 -0.00264419632872
92.1891 -0.00264419632872
92.28375 -0.00264419632872
92.3784 -0.00264419632872
92.47305 -0.00264419632872
92.5677 -0.00264419632872
92.66235 -0.00264419632872
92.757 -0.00264419632872
92.85165 -0.00264419632872
92.9463 -0.00264419632872
93.04095 -0.00264419632872
93.1356 -0.00264419632872
93.23025 -0.00264419632872
93.3249 -0.00264419632872
93.41955 -0.00264419632872
93.5142 -0.00264419632872
93.60885 -0.00264419632872
93.7035 -0.00264419632872
93.79815 -0.00264419632872
93.8928 -0.00264419632872
93.98745 -0.00264419632872
94.0821 -0.00264419632872
94.17675 -0.00264419632872
94.2714 -0.00264419632872
94.36605 -0.00264419632872
94.4607 -0.00264419632872
94.55535 -0.00264419632872
94.65 -0.00264419632872
94.74465 -0.00264419632872
94.8393 -0.00264419632872
94.93395 -0.00264419632872
95.0286 -0.00264419632872
95.12325 -0.00264419632872
95.2179 -0.00264419632872
95.31255 -0.00264419632872
95.4072 -0.00264419632872
95.50185 -0.00264419632872
95.5965 -0.00264419632872
95.69115 -0.00264419632872
95.7858 -0.00264419632872
95.88045 -0.00264419632872
95.9751 -0.00264419632872
96.06975 -0.00264419632872
96.1644 -0.00264419632872
96.25905 -0.00264419632872
96.3537 -0.00264419632872
96.44835 -0.00264419632872
96.543 -0.00264419632872
96.63765 -0.00264419632872
96.7323 -0.00264419632872
96.82695 -0.00264419632872
