0.0 -0.12535913705
0.09202 0.270101284515
0.18404 0.648906484267
0.27606 0.947414141557
0.36808 1.12222761613
0.4601 1.16495578853
0.55212 1.10082680085
0.64414 0.973020233449
0.73616 0.820969060635
0.82818 0.662706759403
0.9202 0.489793550998
1.01222 0.277294931553
1.10424 0.0034586203445
1.19626 -0.330049072952
1.28828 -0.686613260402
1.3803 -0.99870516782
1.47232 -1.18790815057
1.56434 -1.19268811515
1.65636 -0.98854523744
1.74838 -0.590092946393
1.8404 -0.0410504303904
1.93242 0.594534958276
2.02444 1.2346580966
2.11646 1.77876255023
2.20848 2.10839067049
2.3005 2.09487232463
2.39252 1.62293821696
2.48454 0.631368506148
2.57656 -0.843974727699
2.66858 -2.64572668506
2.7606 -4.50008637987
2.85262 -6.04929780187
2.94464 -6.90579010326
3.03666 -6.7247240404
3.12868 -5.29248790488
3.2207 -2.61690421023
3.31272 1.01553837777
3.40474 5.05382444714
3.49676 8.78071745687
3.58878 11.4715015272
3.6808 12.5665494389
3.77282 11.8084093529
3.86484 9.30579760722
3.95686 5.50685702976
4.04888 1.08787586305
4.1409 -3.21237528808
4.23292 -6.76480096395
4.32494 -9.17760177625
4.41696 -10.3436110435
4.50898 -10.4013663907
4.601 -9.6345590306
4.69302 -8.35267413595
4.78504 -6.79708169183
4.87706 -5.10152547705
4.96908 -3.30928248632
5.0611 -1.42514460395
5.15312 0.528889456331
5.24514 2.47922787576
5.33716 4.29905754463
5.42918 5.83689907987
5.5212 6.9614751501
5.61322 7.60300863577
5.70524 7.77230157985
5.79726 7.54811126735
5.88928 7.03797302424
5.9813 6.33051618094
6.07332 5.46167028977
6.16534 4.4107023203
6.25736 3.12801256282
6.34938 1.58180284478
6.4414 -0.198364943181
6.53342 -2.10181840143
6.62544 -3.95059229644
6.71746 -5.54208230587
6.80948 -6.70432429236
6.9015 -7.34338987776
6.99352 -7.46581278234
7.08554 -7.16813136031
7.17756 -6.59773203137
7.26958 -5.89988277485
7.3616 -5.17107126656
7.45362 -4.4361021981
7.54564 -3.65617627438
7.63766 -2.76215413141
7.72968 -1.6973403791
7.8217 -0.451443724347
7.91372 0.9271784522
8.00574 2.34362557414
8.09776 3.68562198612
8.18978 4.85661421563
8.2818 5.79929530161
8.37382 6.50085992065
8.46584 6.9793921755
8.55786 7.25872052267
8.64988 7.34371907654
8.7419 7.20775511563
8.83392 6.79867902324
8.92594 6.06137879452
9.01796 4.96720328972
9.10998 3.53742467479
9.202 1.85072089448
9.29402 0.0316142331427
9.38604 -1.77527498723
9.47806 -3.43508955271
9.57008 -4.84638178685
9.6621 -5.95209713864
9.75412 -6.73698035893
9.84614 -7.215302378
9.93816 -7.41533719997
10.03018 -7.36674895141
10.1222 -7.09437893368
10.21422 -6.61821828791
10.30624 -5.95666805758
10.39826 -5.12976494307
10.49028 -4.16054042735
10.5823 -3.07475066413
10.67432 -1.90052223383
10.76634 -0.669361878451
10.85836 0.581390768398
10.95038 1.80636510827
11.0424 2.95275702759
11.13442 3.9652701334
11.22644 4.79461526827
11.31846 5.40663031814
11.41048 5.78834615307
11.5025 5.94835935675
11.59452 5.91123808846
11.68654 5.70836277123
11.77856 5.36928424493
11.87058 4.91734938848
11.9626 4.37101625241
12.05462 3.74912260506
12.14664 3.07607930977
12.23866 2.38282965262
12.33068 1.70163491783
12.4227 1.05630074365
12.51472 0.452526392597
12.60674 -0.126091091
12.69876 -0.712884955491
12.79078 -1.34432963373
12.8828 -2.04239482238
12.97482 -2.8001237997
13.06684 -3.57674160594
13.15886 -4.30494681258
13.25088 -4.90808825221
13.3429 -5.32087564843
13.43492 -5.50593363363
13.52694 -5.46045326996
13.61896 -5.21147860506
13.71098 -4.80299903311
13.803 -4.2809276833
13.89502 -3.68206829199
13.98704 -3.03054183974
14.07906 -2.34129202708
14.17108 -1.62711968972
14.2631 -0.904630743822
14.35512 -0.19580715899
14.44714 0.475279251353
14.53916 1.08835673208
14.63118 1.63192681329
14.7232 2.10452980613
14.81522 2.51169658478
14.90724 2.86036127114
14.99926 3.15380371933
15.09128 3.38976379264
15.1833 3.56252972657
15.27532 3.66759259748
15.36734 3.7060729176
15.45936 3.68627731832
15.55138 3.6213104838
15.6434 3.52378671033
15.73542 3.40023124736
15.82744 3.24794346248
15.91946 3.055857155
16.01148 2.80896159349
16.1035 2.49417865202
16.19552 2.10506477007
16.28754 1.64352803407
16.37956 1.11841271016
16.47158 0.542381384312
16.5636 -0.0708145254488
16.65562 -0.707140932581
16.74764 -1.35102551334
16.83966 -1.98331587912
16.93168 -2.58034994386
17.0237 -3.11551814484
17.11572 -3.56332589587
17.20774 -3.90450119217
17.29976 -4.12994670278
17.39178 -4.24172770148
17.4838 -4.2506245364
17.57582 -4.17136725122
17.66784 -4.01769080524
17.75986 -3.79929112755
17.85188 -3.5216846225
17.9439 -3.18846267451
18.03592 -2.8042812809
18.12794 -2.37671487842
18.21996 -1.91590316586
18.31198 -1.43226677008
18.404 -0.933720891444
18.49602 -0.424153237894
18.58804 0.0957236950173
18.68006 0.625330798024
18.77208 1.1604159212
18.8641 1.69043001103
18.95612 2.1985520704
19.04814 2.66458343576
19.14016 3.06955320121
19.23218 3.40005858514
19.3242 3.65050488719
19.41622 3.8224172544
19.50824 3.92135120563
19.60026 3.95296304743
19.69228 3.92004098765
19.7843 3.82168772676
19.87632 3.65474796892
19.96834 3.41655706803
20.06036 3.10762255144
20.15238 2.73309013808
20.2444 2.30257825026
20.33642 1.82876178953
20.42844 1.32554564781
20.52046 0.806619442495
20.61248 0.28474638468
20.7045 -0.228378983649
20.79652 -0.722158202903
20.88854 -1.18737888765
20.98056 -1.61679985384
21.07258 -2.00570395894
21.1646 -2.35196389926
21.25662 -2.65536408197
21.34864 -2.91632966862
21.44066 -3.13458155569
21.53268 -3.30833024057
21.6247 -3.43436860336
21.71672 -3.50895755388
21.80874 -3.52898520502
21.90076 -3.49276191418
21.99278 -3.40006374006
22.0848 -3.25151288058
22.17682 -3.04780622036
22.26884 -2.78941866977
22.36086 -2.47713904533
22.45288 -2.1132908966
22.5449 -1.70304039699
22.63692 -1.25506552744
22.72894 -0.781142321153
22.82096 -0.294747603848
22.91298 0.190717817569
23.005 0.663301726325
23.09702 1.11293671982
23.18904 1.53095554237
23.28106 1.90923828342
23.37308 2.23976325299
23.4651 2.51509695759
23.55712 2.72978177539
23.64914 2.88197415121
23.74116 2.97439446941
23.83318 3.01385999013
23.9252 3.00930829513
24.01722 2.96897079647
24.10924 2.89783684442
24.20126 2.7964967657
24.29328 2.66187160753
24.3853 2.48950415013
24.47732 2.27640729675
24.56934 2.02327087697
24.66136 1.73519581539
24.75338 1.42084799878
24.8454 1.09062328427
24.93742 0.754743295101
25.02944 0.422028551771
25.12146 0.0995677269958
25.21348 -0.207050132407
25.3055 -0.493528055657
25.39752 -0.757092616795
25.48954 -0.997108488607
25.58156 -1.21556394718
25.67358 -1.41678038865
25.7656 -1.60600679438
25.85762 -1.78716854083
25.94964 -1.96061534728
26.04166 -2.12191273801
26.13368 -2.26238688333
26.2257 -2.37138872824
26.31772 -2.43944501439
26.40974 -2.4610176389
26.50176 -2.43574330062
26.59378 -2.3677197992
26.6858 -2.26331021515
26.77782 -2.12860176181
26.86984 -1.96774667132
26.96186 -1.78288358202
27.05388 -1.57546540268
27.1459 -1.34806121172
27.23792 -1.10545730127
27.32994 -0.854288871109
27.42196 -0.601277911273
27.51398 -0.350985243724
27.606 -0.104352439409
27.69802 0.140995575988
27.79004 0.388548626554
27.88206 0.639812667007
27.97408 0.891673727136
28.0661 1.13558350863
28.15812 1.35916830374
28.25014 1.54975038507
28.34216 1.69838537132
28.43418 1.80275315254
28.5262 1.86771018543
28.61822 1.90329018409
28.71024 1.92097812246
28.80226 1.929725468
28.89428 1.93317414061
28.9863 1.92896750693
29.07832 1.91015590307
29.17034 1.86794719821
29.26236 1.79470394069
29.35438 1.68621900405
29.4464 1.5427591602
29.53842 1.36888304645
29.63044 1.17238405548
29.72246 0.962792239381
29.81448 0.749764926399
29.9065 0.541558876563
29.99852 0.34373109624
30.09054 0.158272990102
30.18256 -0.0165537436612
30.27458 -0.185468829568
30.3666 -0.354538254515
30.45862 -0.529021777122
30.55064 -0.711353554398
30.64266 -0.899949616348
30.73468 -1.08927283885
30.8267 -1.27110803798
30.91872 -1.4365223757
31.01074 -1.57773965976
31.10276 -1.68926335676
31.19478 -1.7679879536
31.2868 -1.8125361956
31.37882 -1.82239949222
31.47084 -1.79747369763
31.56286 -1.7382765335
31.65488 -1.64667798922
31.7469 -1.52662051104
31.83892 -1.38424763715
31.93094 -1.22713675186
32.02296 -1.06280317202
32.11498 -0.897060440034
32.207 -0.73295884308
32.29902 -0.570796232451
32.39104 -0.409207129004
32.48306 -0.246830578337
32.57508 -0.0837895814878
32.6671 0.0776798161486
32.75912 0.233688901636
32.85114 0.379960483937
32.94316 0.513246475268
33.03518 0.632216410708
33.1272 0.737433443717
33.21922 0.830497092961
33.31124 0.912820039469
33.40326 0.984635856352
33.49528 1.04466611551
33.5873 1.09052182089
33.67932 1.11956994378
33.77134 1.12982955407
33.86336 1.12053217123
33.95538 1.09221687821
34.0474 1.04648327945
34.13942 0.985654691319
34.23144 0.912555167861
34.32346 0.830431023679
34.41548 0.742875234648
34.5075 0.653560917
34.59952 0.56570062872
34.69154 0.48136042868
34.78356 0.400939710542
34.87558 0.323152831829
34.9676 0.245670829175
35.05962 0.166270861267
35.15164 0.0840529952206
35.24366 0.000179513391574
35.33568 -0.0822511981469
35.4277 -0.159219648754
35.51972 -0.22730540936
35.61174 -0.28507455035
35.70376 -0.333723255192
35.79578 -0.376669245207
35.8878 -0.418225319469
35.97982 -0.461872187369
36.07184 -0.508803891279
36.16386 -0.557290795975
36.25588 -0.603064037518
36.3479 -0.640530442896
36.43992 -0.66434549385
36.53194 -0.67080427419
36.62396 -0.658653479827
36.71598 -0.629189884423
36.808 -0.585765203156
36.90002 -0.53296404128
36.99204 -0.475728409495
37.08406 -0.418607854654
37.17608 -0.365196266948
37.2681 -0.317744553906
37.36012 -0.276937828748
37.45214 -0.241869554838
37.54416 -0.210276897525
37.63618 -0.179074419283
37.7282 -0.145131215748
37.82022 -0.106120680537
37.91224 -0.0611977313962
38.00426 -0.0112772568301
38.09628 0.0411935061541
38.1883 0.0929017206657
38.28032 0.140552827922
38.37234 0.18168037444
38.46436 0.215133820513
38.55638 0.24112778294
38.6484 0.260895979957
38.74042 0.276116488938
38.83244 0.288320955883
38.92446 0.298465966438
39.01648 0.306758750848
39.1085 0.312733817846
39.20052 0.315506886193
39.29254 0.314103089654
39.38456 0.307763528193
39.47658 0.296162190966
39.5686 0.279498176757
39.66062 0.258457157817
39.75264 0.234060215734
39.84466 0.207439817829
39.93668 0.179601375892
40.0287 0.151238557324
40.12072 0.122662395904
40.21274 0.0938732218722
40.30476 0.064755803901
40.39678 0.0353287815931
40.4888 0.0059517145686
40.58082 -0.0225968861048
40.67284 -0.0492093042276
40.76486 -0.0726778281881
40.85688 -0.0919784105804
40.9489 -0.106503470097
41.04092 -0.116163688129
41.13294 -0.121336539567
41.22496 -0.122702033097
41.31698 -0.121045031276
41.409 -0.117103203966
41.50102 -0.111504577214
41.59304 -0.104789076078
41.68506 -0.0974692114755
41.77708 -0.0900731174633
41.8691 -0.0831306808153
41.96112 -0.077098784086
42.05314 -0.0722562819159
42.14516 -0.0686173403517
42.23718 -0.0659065202514
42.3292 -0.0636147223551
42.42122 -0.0611237143891
42.51324 -0.0578618938001
42.60526 -0.0534444085741
42.69728 -0.0477585344778
42.7893 -0.0409750985148
42.88132 -0.0334899502422
42.97334 -0.0258178759647
43.06536 -0.0184704580882
43.15738 -0.0118489937349
43.2494 -0.00617623674007
43.34142 -0.00147952969137
43.43344 0.00237474984295
43.52546 0.00560777672587
43.61748 0.00843806547618
43.7095 0.0110013044998
43.80152 0.0133042590266
43.89354 0.0152260919944
43.98556 0.0165648048084
44.07758 0.0171114290132
44.1696 0.0167260105106
44.26162 0.0153906714843
44.35364 0.0132251497209
44.44566 0.0104644126884
44.53768 0.00741008879406
44.6297 0.00437310365622
44.72172 0.00162320286344
44.81374 -0.000645426335293
44.90576 -0.00233033036363
44.99778 -0.00342116201037
45.0898 -0.00398772139382
45.18182 -0.00415826978998
45.27384 -0.00409028318049
45.36586 -0.00393721733547
45.45788 -0.00381753269049
45.5499 -0.00379399696711
45.64192 -0.00386990348084
45.73394 -0.00400373018655
45.82596 -0.00413676040179
45.91798 -0.00422276572361
46.01 -0.004248141146
46.10202 -0.004248141146
46.19404 -0.004248141146
46.28606 -0.004248141146
46.37808 -0.004248141146
46.4701 -0.004248141146
46.56212 -0.004248141146
46.65414 -0.004248141146
46.74616 -0.004248141146
46.83818 -0.004248141146
46.9302 -0.004248141146
47.02222 -0.004248141146
47.11424 -0.004248141146
47.20626 -0.004248141146
47.29828 -0.004248141146
47.3903 -0.004248141146
47.48232 -0.004248141146
47.57434 -0.004248141146
47.66636 -0.004248141146
47.75838 -0.004248141146
47.8504 -0.004248141146
47.94242 -0.004248141146
48.03444 -0.004248141146
48.12646 -0.004248141146
48.21848 -0.004248141146
48.3105 -0.004248141146
48.40252 -0.004248141146
48.49454 -0.004248141146
48.58656 -0.004248141146
48.67858 -0.004248141146
48.7706 -0.004248141146
48.86262 -0.004248141146
48.95464 -0.004248141146
49.04666 -0.004248141146
49.13868 -0.004248141146
49.2307 -0.004248141146
49.32272 -0.004248141146
49.41474 -0.004248141146
49.50676 -0.004248141146
49.59878 -0.004248141146
49.6908 -0.004248141146
49.78282 -0.004248141146
49.87484 -0.004248141146
49.96686 -0.004248141146
50.05888 -0.004248141146
50.1509 -0.004248141146
50.24292 -0.004248141146
50.33494 -0.004248141146
50.42696 -0.004248141146
50.51898 -0.004248141146
50.611 -0.004248141146
50.70302 -0.004248141146
50.79504 -0.004248141146
50.88706 -0.004248141146
50.97908 -0.004248141146
51.0711 -0.004248141146
51.16312 -0.004248141146
51.25514 -0.004248141146
51.34716 -0.004248141146
51.43918 -0.004248141146
51.5312 -0.004248141146
51.62322 -0.004248141146
51.71524 -0.004248141146
51.80726 -0.004248141146
51.89928 -0.004248141146
51.9913 -0.004248141146
52.08332 -0.004248141146
52.17534 -0.004248141146
52.26736 -0.004248141146
52.35938 -0.004248141146
52.4514 -0.004248141146
52.54342 -0.004248141146
52.63544 -0.004248141146
52.72746 -0.004248141146
52.81948 -0.004248141146
52.9115 -0.004248141146
53.00352 -0.004248141146
53.09554 -0.004248141146
53.18756 -0.004248141146
53.27958 -0.004248141146
53.3716 -0.004248141146
53.46362 -0.004248141146
53.55564 -0.004248141146
53.64766 -0.004248141146
53.73968 -0.004248141146
53.8317 -0.004248141146
53.92372 -0.004248141146
54.01574 -0.004248141146
54.10776 -0.004248141146
54.19978 -0.004248141146
54.2918 -0.004248141146
54.38382 -0.004248141146
54.47584 -0.004248141146
54.56786 -0.004248141146
54.65988 -0.004248141146
54.7519 -0.004248141146
54.84392 -0.004248141146
54.93594 -0.004248141146
55.02796 -0.004248141146
55.11998 -0.004248141146
55.212 -0.004248141146
55.30402 -0.004248141146
55.39604 -0.004248141146
55.48806 -0.004248141146
55.58008 -0.004248141146
55.6721 -0.004248141146
55.76412 -0.004248141146
55.85614 -0.004248141146
55.94816 -0.004248141146
56.04018 -0.004248141146
56.1322 -0.004248141146
56.22422 -0.004248141146
56.31624 -0.004248141146
56.40826 -0.004248141146
56.50028 -0.004248141146
56.5923 -0.004248141146
56.68432 -0.004248141146
56.77634 -0.004248141146
56.86836 -0.004248141146
56.96038 -0.004248141146
57.0524 -0.004248141146
57.14442 -0.004248141146
57.23644 -0.004248141146
57.32846 -0.004248141146
57.42048 -0.004248141146
57.5125 -0.004248141146
57.60452 -0.004248141146
57.69654 -0.004248141146
57.78856 -0.004248141146
57.88058 -0.004248141146
57.9726 -0.004248141146
58.06462 -0.004248141146
58.15664 -0.004248141146
58.24866 -0.004248141146
58.34068 -0.004248141146
58.4327 -0.004248141146
58.52472 -0.004248141146
58.61674 -0.004248141146
58.70876 -0.004248141146
58.80078 -0.004248141146
58.8928 -0.004248141146
58.98482 -0.004248141146
59.07684 -0.004248141146
59.16886 -0.004248141146
59.26088 -0.004248141146
59.3529 -0.004248141146
59.44492 -0.004248141146
59.53694 -0.004248141146
59.62896 -0.004248141146
59.72098 -0.004248141146
59.813 -0.004248141146
59.90502 -0.004248141146
59.99704 -0.004248141146
60.08906 -0.004248141146
60.18108 -0.004248141146
60.2731 -0.004248141146
60.36512 -0.004248141146
60.45714 -0.004248141146
60.54916 -0.004248141146
60.64118 -0.004248141146
60.7332 -0.004248141146
60.82522 -0.004248141146
60.91724 -0.004248141146
61.00926 -0.004248141146
61.10128 -0.004248141146
61.1933 -0.004248141146
61.28532 -0.004248141146
61.37734 -0.004248141146
61.46936 -0.004248141146
61.56138 -0.004248141146
61.6534 -0.004248141146
61.74542 -0.004248141146
61.83744 -0.004248141146
61.92946 -0.004248141146
62.02148 -0.004248141146
62.1135 -0.004248141146
62.20552 -0.004248141146
62.29754 -0.004248141146
62.38956 -0.004248141146
62.48158 -0.004248141146
62.5736 -0.004248141146
62.66562 -0.004248141146
62.75764 -0.004248141146
62.84966 -0.004248141146
62.94168 -0.004248141146
63.0337 -0.004248141146
63.12572 -0.004248141146
63.21774 -0.004248141146
63.30976 -0.004248141146
63.40178 -0.004248141146
63.4938 -0.004248141146
63.58582 -0.004248141146
63.67784 -0.004248141146
63.76986 -0.004248141146
63.86188 -0.004248141146
63.9539 -0.004248141146
64.04592 -0.004248141146
64.13794 -0.004248141146
64.22996 -0.004248141146
64.32198 -0.004248141146
64.414 -0.004248141146
64.50602 -0.004248141146
64.59804 -0.004248141146
64.69006 -0.004248141146
64.78208 -0.004248141146
64.8741 -0.004248141146
64.96612 -0.004248141146
65.05814 -0.004248141146
65.15016 -0.004248141146
65.24218 -0.004248141146
65.3342 -0.004248141146
65.42622 -0.004248141146
65.51824 -0.004248141146
65.61026 -0.004248141146
65.70228 -0.004248141146
65.7943 -0.004248141146
65.88632 -0.004248141146
65.97834 -0.004248141146
66.07036 -0.004248141146
66.16238 -0.004248141146
66.2544 -0.004248141146
66.34642 -0.004248141146
66.43844 -0.004248141146
66.53046 -0.004248141146
66.62248 -0.004248141146
66.7145 -0.004248141146
66.80652 -0.004248141146
66.89854 -0.004248141146
66.99056 -0.004248141146
67.08258 -0.004248141146
67.1746 -0.004248141146
67.26662 -0.004248141146
67.35864 -0.004248141146
67.45066 -0.004248141146
67.54268 -0.004248141146
67.6347 -0.004248141146
67.72672 -0.004248141146
67.81874 -0.004248141146
67.91076 -0.004248141146
68.00278 -0.004248141146
68.0948 -0.004248141146
68.18682 -0.004248141146
68.27884 -0.004248141146
68.37086 -0.004248141146
68.46288 -0.004248141146
68.5549 -0.004248141146
68.64692 -0.004248141146
68.73894 -0.004248141146
68.83096 -0.004248141146
68.92298 -0.004248141146
69.015 -0.004248141146
69.10702 -0.004248141146
69.19904 -0.004248141146
69.29106 -0.004248141146
69.38308 -0.004248141146
69.4751 -0.004248141146
69.56712 -0.004248141146
69.65914 -0.004248141146
69.75116 -0.004248141146
69.84318 -0.004248141146
69.9352 -0.004248141146
70.02722 -0.004248141146
70.11924 -0.004248141146
70.21126 -0.004248141146
70.30328 -0.004248141146
70.3953 -0.004248141146
70.48732 -0.004248141146
70.57934 -0.004248141146
70.67136 -0.004248141146
70.76338 -0.004248141146
70.8554 -0.004248141146
70.94742 -0.004248141146
71.03944 -0.004248141146
71.13146 -0.004248141146
71.22348 -0.004248141146
71.3155 -0.004248141146
71.40752 -0.004248141146
71.49954 -0.004248141146
71.59156 -0.004248141146
71.68358 -0.004248141146
71.7756 -0.004248141146
71.86762 -0.004248141146
71.95964 -0.004248141146
72.05166 -0.004248141146
72.14368 -0.004248141146
72.2357 -0.004248141146
72.32772 -0.004248141146
72.41974 -0.004248141146
72.51176 -0.004248141146
72.60378 -0.004248141146
72.6958 -0.004248141146
72.78782 -0.004248141146
72.87984 -0.004248141146
72.97186 -0.004248141146
73.06388 -0.004248141146
73.1559 -0.004248141146
73.24792 -0.004248141146
73.33994 -0.004248141146
73.43196 -0.004248141146
73.52398 -0.004248141146
73.616 -0.004248141146
73.70802 -0.004248141146
73.80004 -0.004248141146
73.89206 -0.004248141146
73.98408 -0.004248141146
74.0761 -0.004248141146
74.16812 -0.004248141146
74.26014 -0.004248141146
74.35216 -0.004248141146
74.44418 -0.004248141146
74.5362 -0.004248141146
74.62822 -0.004248141146
74.72024 -0.004248141146
74.81226 -0.004248141146
74.90428 -0.004248141146
74.9963 -0.004248141146
75.08832 -0.004248141146
75.18034 -0.004248141146
75.27236 -0.004248141146
75.36438 -0.004248141146
75.4564 -0.004248141146
75.54842 -0.004248141146
75.64044 -0.004248141146
75.73246 -0.004248141146
75.82448 -0.004248141146
75.9165 -0.004248141146
76.00852 -0.004248141146
76.10054 -0.004248141146
76.19256 -0.004248141146
76.28458 -0.004248141146
76.3766 -0.004248141146
76.46862 -0.004248141146
76.56064 -0.004248141146
76.65266 -0.004248141146
76.74468 -0.004248141146
76.8367 -0.004248141146
76.92872 -0.004248141146
77.02074 -0.004248141146
77.11276 -0.004248141146
77.20478 -0.004248141146
77.2968 -0.004248141146
77.38882 -0.004248141146
77.48084 -0.004248141146
77.57286 -0.004248141146
77.66488 -0.004248141146
77.7569 -0.004248141146
77.84892 -0.004248141146
77.94094 -0.004248141146
78.03296 -0.004248141146
78.12498 -0.004248141146
78.217 -0.004248141146
78.30902 -0.004248141146
78.40104 -0.004248141146
78.49306 -0.004248141146
78.58508 -0.004248141146
78.6771 -0.004248141146
78.76912 -0.004248141146
78.86114 -0.004248141146
78.95316 -0.004248141146
79.04518 -0.004248141146
79.1372 -0.004248141146
79.22922 -0.004248141146
79.32124 -0.004248141146
79.41326 -0.004248141146
79.50528 -0.004248141146
79.5973 -0.004248141146
79.68932 -0.004248141146
79.78134 -0.004248141146
79.87336 -0.004248141146
79.96538 -0.004248141146
80.0574 -0.004248141146
80.14942 -0.004248141146
80.24144 -0.004248141146
80.33346 -0.004248141146
80.42548 -0.004248141146
80.5175 -0.004248141146
80.60952 -0.004248141146
80.70154 -0.004248141146
80.79356 -0.004248141146
80.88558 -0.004248141146
80.9776 -0.004248141146
81.06962 -0.004248141146
81.16164 -0.004248141146
81.25366 -0.004248141146
81.34568 -0.004248141146
81.4377 -0.004248141146
81.52972 -0.004248141146
81.62174 -0.004248141146
81.71376 -0.004248141146
81.80578 -0.004248141146
81.8978 -0.004248141146
81.98982 -0.004248141146
82.08184 -0.004248141146
82.17386 -0.004248141146
82.26588 -0.004248141146
82.3579 -0.004248141146
82.44992 -0.004248141146
82.54194 -0.004248141146
82.63396 -0.004248141146
82.72598 -0.004248141146
82.818 -0.004248141146
82.91002 -0.004248141146
83.00204 -0.004248141146
83.09406 -0.004248141146
83.18608 -0.004248141146
83.2781 -0.004248141146
83.37012 -0.004248141146
83.46214 -0.004248141146
83.55416 -0.004248141146
83.64618 -0.004248141146
83.7382 -0.004248141146
83.83022 -0.004248141146
83.92224 -0.004248141146
84.01426 -0.004248141146
84.10628 -0.004248141146
84.1983 -0.004248141146
84.29032 -0.004248141146
84.38234 -0.004248141146
84.47436 -0.004248141146
84.56638 -0.004248141146
84.6584 -0.004248141146
84.75042 -0.004248141146
84.84244 -0.004248141146
84.93446 -0.004248141146
85.02648 -0.004248141146
85.1185 -0.004248141146
85.21052 -0.004248141146
85.30254 -0.004248141146
85.39456 -0.004248141146
85.48658 -0.004248141146
85.5786 -0.004248141146
85.67062 -0.004248141146
85.76264 -0.004248141146
85.85466 -0.004248141146
85.94668 -0.004248141146
86.0387 -0.004248141146
86.13072 -0.004248141146
86.22274 -0.004248141146
86.31476 -0.004248141146
86.40678 -0.004248141146
86.4988 -0.004248141146
86.59082 -0.004248141146
86.68284 -0.004248141146
86.77486 -0.004248141146
86.86688 -0.004248141146
86.9589 -0.004248141146
87.05092 -0.004248141146
87.14294 -0.004248141146
87.23496 -0.004248141146
87.32698 -0.004248141146
87.419 -0.004248141146
87.51102 -0.004248141146
87.60304 -0.004248141146
87.69506 -0.004248141146
87.78708 -0.004248141146
87.8791 -0.004248141146
87.97112 -0.004248141146
88.06314 -0.004248141146
88.15516 -0.004248141146
88.24718 -0.004248141146
88.3392 -0.004248141146
88.43122 -0.004248141146
88.52324 -0.004248141146
88.61526 -0.004248141146
88.70728 -0.004248141146
88.7993 -0.004248141146
88.89132 -0.004248141146
88.98334 -0.004248141146
89.07536 -0.004248141146
89.16738 -0.004248141146
89.2594 -0.004248141146
89.35142 -0.004248141146
89.44344 -0.004248141146
89.53546 -0.004248141146
89.62748 -0.004248141146
89.7195 -0.004248141146
89.81152 -0.004248141146
89.90354 -0.004248141146
89.99556 -0.004248141146
90.08758 -0.004248141146
90.1796 -0.004248141146
90.27162 -0.004248141146
90.36364 -0.004248141146
90.45566 -0.004248141146
90.54768 -0.004248141146
90.6397 -0.004248141146
90.73172 -0.004248141146
90.82374 -0.004248141146
90.91576 -0.004248141146
91.00778 -0.004248141146
91.0998 -0.004248141146
91.19182 -0.004248141146
91.28384 -0.004248141146
91.37586 -0.004248141146
91.46788 -0.004248141146
91.5599 -0.004248141146
91.65192 -0.004248141146
91.74394 -0.004248141146
91.83596 -0.004248141146
91.92798 -0.004248141146
92.02 -0.004248141146
92.11202 -0.004248141146
92.20404 -0.004248141146
92.29606 -0.004248141146
92.38808 -0.004248141146
92.4801 -0.004248141146
92.57212 -0.004248141146
92.66414 -0.004248141146
92.75616 -0.004248141146
92.84818 -0.004248141146
92.9402 -0.004248141146
93.03222 -0.004248141146
93.12424 -0.004248141146
93.21626 -0.004248141146
93.30828 -0.004248141146
93.4003 -0.004248141146
93.49232 -0.004248141146
93.58434 -0.004248141146
93.67636 -0.004248141146
93.76838 -0.004248141146
93.8604 -0.004248141146
93.95242 -0.004248141146
94.04444 -0.004248141146
94.13646 -0.004248141146
