0 -0.00610741
0.0995343 -0.0372344
0.199069 -0.0807144
0.298603 -0.124608
0.398137 -0.149776
0.497671 -0.1346
0.597206 -0.0625822
0.69674 0.0694474
0.796274 0.245741
0.895808 0.431574
0.995343 0.579925
1.09488 0.643556
1.19441 0.58876
1.29395 0.406043
1.39348 0.113993
1.49301 -0.244733
1.59255 -0.613123
1.69208 -0.93092
1.79162 -1.14296
1.89115 -1.20302
1.99069 -1.07512
2.09022 -0.736592
2.18975 -0.187331
2.28929 0.534456
2.38882 1.33523
2.48836 2.05833
2.58789 2.49694
2.68742 2.43473
2.78696 1.71054
2.88649 0.291445
2.98603 -1.67093
3.08556 -3.82757
3.1851 -5.67986
3.28463 -6.68747
3.38416 -6.41361
3.4837 -4.66737
3.58323 -1.59684
3.68277 2.30397
3.7823 6.28747
3.88184 9.52598
3.98137 11.32
4.0809 11.2801
4.18044 9.42656
4.27997 6.17426
4.37951 2.20773
4.47904 -1.71321
4.57858 -4.95442
4.67811 -7.15121
4.77764 -8.25292
4.87718 -8.46297
4.97671 -8.10604
5.07625 -7.47861
5.17578 -6.74051
5.27532 -5.88461
5.37485 -4.78747
5.47438 -3.31065
5.57392 -1.40343
5.67345 0.838866
5.77299 3.18426
5.87252 5.33303
5.97206 7.01247
6.07159 8.0548
6.17112 8.4267
6.27066 8.20386
6.37019 7.50977
6.46973 6.45337
6.56926 5.09676
6.6688 3.46597
6.76833 1.59381
6.86786 -0.433707
6.9674 -2.45735
7.06693 -4.26698
7.16647 -5.65916
7.266 -6.50378
7.36553 -6.78726
7.46507 -6.61041
7.5646 -6.14058
7.66414 -5.53986
7.76367 -4.90232
7.86321 -4.22837
7.96274 -3.44643
8.06227 -2.46916
8.16181 -1.25599
8.26134 0.148035
8.36088 1.61434
8.46041 2.97139
8.55995 4.06347
8.65948 4.80077
8.75901 5.1801
8.85855 5.27055
8.95808 5.17445
9.05762 4.98321
9.15715 4.74654
9.25669 4.46464
9.35622 4.10104
9.45575 3.60576
9.55529 2.93714
9.65482 2.07535
9.75436 1.02712
9.85389 -0.174286
9.95343 -1.46993
10.053 -2.7765
10.1525 -3.99108
10.252 -5.00322
10.3516 -5.71474
10.4511 -6.06264
10.5506 -6.03623
10.6502 -5.6804
10.7497 -5.08175
10.8492 -4.34201
10.9488 -3.54901
11.0483 -2.75668
11.1478 -1.98096
11.2474 -1.21107
11.3469 -0.428771
11.4464 0.374478
11.546 1.18965
11.6455 1.99298
11.745 2.75491
11.8446 3.44833
11.9441 4.05116
12.0436 4.54327
12.1432 4.90185
12.2427 5.10067
12.3422 5.11581
12.4418 4.93574
12.5413 4.57
12.6409 4.05028
12.7404 3.42185
12.8399 2.72859
12.9395 1.99892
13.039 1.2403
13.1385 0.445442
13.2381 -0.392917
13.3376 -1.26636
13.4371 -2.14305
13.5367 -2.97216
13.6362 -3.6985
13.7357 -4.27979
13.8353 -4.6975
13.9348 -4.95627
14.0343 -5.07258
14.1339 -5.05975
14.2334 -4.91768
14.3329 -4.63332
14.4325 -4.19138
14.532 -3.58941
14.6315 -2.84874
14.7311 -2.01503
14.8306 -1.14801
14.9301 -0.305257
15.0297 0.472026
15.1292 1.16482
15.2287 1.77217
15.3283 2.30074
15.4278 2.75459
15.5273 3.13075
15.6269 3.42219
15.7264 3.62515
15.8259 3.74536
15.9255 3.79841
16.025 3.80347
16.1245 3.77336
16.2241 3.70692
16.3236 3.58811
16.4232 3.39298
16.5227 3.10135
16.6222 2.70738
16.7218 2.2239
16.8213 1.67833
16.9208 1.10283
17.0204 0.523357
17.1199 -0.046699
17.2194 -0.606004
17.319 -1.1587
17.4185 -1.70579
17.518 -2.23909
17.6176 -2.74039
17.7171 -3.18591
17.8166 -3.55313
17.9162 -3.82659
18.0157 -4.00011
18.1152 -4.0752
18.2148 -4.05731
18.3143 -3.95239
18.4138 -3.76535
18.5134 -3.50076
18.6129 -3.16446
18.7124 -2.7647
18.812 -2.3117
18.9115 -1.81607
19.011 -1.28706
19.1106 -0.732017
19.2101 -0.157514
19.3096 0.428437
19.4092 1.01433
19.5087 1.58455
19.6082 2.1206
19.7078 2.60391
19.8073 3.01879
19.9069 3.35462
20.0064 3.60648
20.1059 3.77443
20.2055 3.86194
20.305 3.87423
20.4045 3.81688
20.5041 3.6947
20.6036 3.51098
20.7031 3.26707
20.8027 2.96263
20.9022 2.59697
21.0017 2.17123
21.1013 1.69084
21.2008 1.16717
21.3003 0.617389
21.3999 0.0620928
21.4994 -0.47859
21.5989 -0.988959
21.6985 -1.46014
21.798 -1.88989
21.8975 -2.27989
21.9971 -2.63194
22.0966 -2.94465
22.1961 -3.21218
22.2957 -3.42549
22.3952 -3.57506
22.4947 -3.65389
22.5943 -3.65915
22.6938 -3.59211
22.7933 -3.45653
22.8929 -3.25686
22.9924 -2.99712
23.0919 -2.68114
23.1915 -2.31362
23.291 -1.90128
23.3905 -1.45309
23.4901 -0.979451
23.5896 -0.490658
23.6892 0.00439524
23.7887 0.49845
23.8882 0.984904
23.9878 1.45613
24.0873 1.90209
24.1868 2.31017
24.2864 2.66647
24.3859 2.9582
24.4854 3.17613
24.585 3.31618
24.6845 3.37962
24.784 3.37198
24.8836 3.3013
24.9831 3.17644
25.0826 3.00594
25.1822 2.79732
25.2817 2.55674
25.3812 2.28869
25.4808 1.99569
25.5803 1.67837
25.6798 1.3362
25.7794 0.968868
25.8789 0.578153
25.9784 0.169356
26.078 -0.248294
26.1775 -0.662656
26.277 -1.06082
26.3766 -1.43155
26.4761 -1.76697
26.5756 -2.06295
26.6752 -2.31793
26.7747 -2.53113
26.8742 -2.70077
26.9738 -2.82353
27.0733 -2.89515
27.1729 -2.91205
27.2724 -2.87306
27.3719 -2.78042
27.4715 -2.63961
27.571 -2.45822
27.6705 -2.24424
27.7701 -2.00455
27.8696 -1.74407
27.9691 -1.4657
28.0687 -1.17083
28.1682 -0.86026
28.2677 -0.53517
28.3673 -0.198042
28.4668 0.146583
28.5663 0.491693
28.6659 0.827981
28.7654 1.14478
28.8649 1.43176
28.9645 1.68086
29.064 1.88794
29.1635 2.05322
29.2631 2.18027
29.3626 2.27384
29.4621 2.33723
29.5617 2.37061
29.6612 2.37081
29.7607 2.33293
29.8603 2.25297
29.9598 2.13028
30.0593 1.96861
30.1589 1.77537
30.2584 1.55954
30.3579 1.3292
30.4575 1.09005
30.557 0.845492
30.6566 0.598019
30.7561 0.350958
30.8556 0.109357
30.9552 -0.120643
31.0547 -0.33375
31.1542 -0.527694
31.2538 -0.704334
31.3533 -0.868858
31.4528 -1.02721
31.5524 -1.18287
31.6519 -1.33458
31.7514 -1.47611
31.851 -1.59842
31.9505 -1.69313
32.05 -1.75573
32.1496 -1.78707
32.2491 -1.79239
32.3486 -1.77846
32.4482 -1.75022
32.5477 -1.70853
32.6472 -1.64999
32.7468 -1.56876
32.8463 -1.45955
32.9458 -1.32016
33.0454 -1.15268
33.1449 -0.962929
33.2444 -0.758543
33.344 -0.546874
33.4435 -0.333442
33.543 -0.1215
33.6426 0.0874592
33.7421 0.292757
33.8416 0.493683
33.9412 0.689037
34.0407 0.87698
34.1402 1.05499
34.2398 1.2197
34.3393 1.36671
34.4389 1.49059
34.5384 1.58528
34.6379 1.64507
34.7375 1.66585
34.837 1.64624
34.9365 1.58815
35.0361 1.49661
35.1356 1.37891
35.2351 1.24335
35.3347 1.09801
35.4342 0.949795
35.5337 0.803757
35.6333 0.66277
35.7328 0.527439
35.8323 0.396365
35.9319 0.266837
36.0314 0.135954
36.1309 0.0019467
36.2305 -0.134736
36.33 -0.271066
36.4295 -0.40208
36.5291 -0.522378
36.6286 -0.627893
36.7281 -0.717152
36.8277 -0.791431
36.9272 -0.853675
37.0267 -0.906685
37.1263 -0.951415
37.2258 -0.986214
37.3253 -1.00739
37.4249 -1.01079
37.5244 -0.993723
37.6239 -0.956194
37.7235 -0.901015
37.823 -0.832752
37.9226 -0.756088
38.0221 -0.674405
38.1216 -0.589175
38.2212 -0.500336
38.3207 -0.407289
38.4202 -0.309941
38.5198 -0.209288
38.6193 -0.107349
38.7188 -0.00663744
38.8184 0.0904388
38.9179 0.181918
39.0174 0.266261
39.117 0.342126
39.2165 0.408185
39.316 0.463192
39.4156 0.506258
39.5151 0.537161
39.6146 0.556438
39.7142 0.565173
39.8137 0.564574
39.9132 0.555557
40.0128 0.538601
40.1123 0.513907
40.2118 0.481776
40.3114 0.442937
40.4109 0.398628
40.5104 0.350395
40.61 0.299734
40.7095 0.247817
40.809 0.19547
40.9086 0.143385
41.0081 0.0924135
41.1076 0.0437062
41.2072 -0.00142676
41.3067 -0.0418717
41.4062 -0.0770771
41.5058 -0.10719
41.6053 -0.132853
41.7049 -0.154765
41.8044 -0.173235
41.9039 -0.187994
42.0035 -0.198379
42.103 -0.203765
42.2025 -0.204002
42.3021 -0.199609
42.4016 -0.191603
42.5011 -0.181099
42.6007 -0.168899
42.7002 -0.155334
42.7997 -0.140407
42.8993 -0.124149
42.9988 -0.106925
43.0983 -0.0894969
43.1979 -0.072798
43.2974 -0.0575526
43.3969 -0.0439863
43.4965 -0.0318083
43.596 -0.0204819
43.6955 -0.00962123
43.7951 0.00072992
43.8946 0.0101033
43.9941 0.0178902
44.0937 0.0237256
44.1932 0.0277315
44.2927 0.0304709
44.3923 0.0326378
44.4918 0.0346743
44.5913 0.0365491
44.6909 0.0378274
44.7904 0.0379875
44.8899 0.0367849
44.9895 0.0344406
45.089 0.0315428
45.1886 0.0287264
45.2881 0.0263331
45.3876 0.0242609
45.4872 0.0220917
45.5867 0.0194121
45.6862 0.0161211
45.7858 0.012534
45.8853 0.00921682
45.9848 0.00665831
46.0844 0.00498597
46.1839 0.00390373
46.2834 0.00288972
46.383 0.00152951
46.4825 -0.000223168
46.582 -0.00202034
46.6816 -0.00334282
46.7811 -0.00383191
46.8806 -0.00352227
46.9802 -0.00283111
47.0797 -0.00231125
47.1792 -0.00232242
47.2788 -0.00282491
47.3783 -0.00342228
47.4778 -0.00362434
47.5774 -0.00316476
47.6769 -0.00217522
47.7764 -0.00110877
47.876 -0.000462055
47.9755 -0.000470953
48.075 -0.000969613
48.1746 -0.00149976
48.2741 -0.00160065
48.3736 -0.00109789
48.4732 -0.00021113
48.5727 0.000585258
48.6723 0.000860299
48.7718 0.000496281
48.8713 -0.000237793
48.9709 -0.000854105
49.0704 -0.000949451
49.1699 -0.000454435
49.2695 0.000326587
49.369 0.0009086
49.4685 0.00093049
49.5681 0.000380607
49.6676 -0.000396896
49.7671 -0.000917839
49.8667 -0.000860266
49.9662 -0.000264256
50.0657 0.000494846
50.1653 0.000942077
50.2648 0.000799492
50.3643 0.000158563
50.4639 -0.000578623
50.5634 -0.000951627
50.6629 -0.000729208
50.7625 -5.26294e-05
50.862 0.000654034
50.9615 0.000949668
51.0611 0.000651428
51.1606 -5.22109e-05
51.2601 -0.000720528
51.3597 -0.00093656
51.4592 -0.0005672
51.5587 0.000154817
51.6583 0.000777532
51.7578 0.000912631
51.8573 0.000477552
51.9569 -0.000254094
52.0564 -0.000824558
52.1559 -0.000878301
52.2555 -0.000383546
52.355 0.000348995
52.4546 0.000861222
52.5541 0.000834083
52.6536 0.000286275
52.7532 -0.000438527
52.8527 -0.000887248
52.9522 -0.000780591
53.0518 -0.000186859
53.1513 0.00052176
53.2508 0.000902472
53.3504 0.000718528
53.4499 8.64289e-05
53.5494 -0.00059784
53.649 -0.000906848
53.7485 -0.000648681
53.848 1.38834e-05
53.9476 0.000665993
54.0471 0.00090044
54.1466 0.000571914
54.2462 -0.000112955
54.3457 -0.000725535
54.4452 -0.000883431
54.5448 -0.000489159
54.6443 0.000209683
54.7438 0.000775881
54.8434 0.000856113
54.9429 0.000401403
55.0424 -0.000303
55.142 -0.000816546
55.2415 -0.000818886
55.341 -0.000309682
55.4406 0.000391882
55.5401 0.000847154
55.6396 0.000772255
55.7392 0.000215068
55.8387 -0.000475356
55.9383 -0.000867438
56.0378 -0.000716825
56.1373 -0.000118657
56.2369 0.000552517
56.3364 0.000877246
56.4359 0.00065329
56.5355 2.15588e-05
56.635 -0.000622533
56.7345 -0.000876542
56.8341 -0.000582432
56.9336 7.51152e-05
57.0331 0.000684653
57.1327 0.000865402
57.2322 0.000505106
57.3317 -0.000170264
57.4313 -0.000738216
57.5308 -0.000844018
57.6303 -0.000422235
57.7299 0.000262808
57.8294 0.000782661
57.9289 0.000812694
58.0285 0.0003348
58.128 -0.000351702
58.2275 -0.000817526
58.3271 -0.000771839
58.4266 -0.000243826
58.5261 0.000435945
58.6257 0.000842458
58.7252 0.00072197
58.8247 0.000150375
58.9243 -0.000514588
59.0238 -0.000857216
59.1233 -0.000663698
59.2229 -5.55316e-05
59.3224 0.000586752
59.422 0.00086167
59.5215 0.000597728
59.621 -3.96058e-05
59.7206 -0.000651629
59.8201 -0.000855806
59.9196 -0.000524848
60.0192 0.00013394
60.1187 0.000708496
60.2182 0.000839727
60.3178 0.000445919
60.4173 -0.000226384
60.5168 -0.000756718
60.6164 -0.000813645
60.7159 -0.00036187
60.8154 0.000315874
60.915 0.000795761
61.0145 0.000777886
61.114 0.000273685
61.2136 -0.000401384
61.3131 -0.000825192
61.4126 -0.000732885
61.5122 -0.000182392
61.6117 0.000481929
61.7112 0.000844687
61.8108 0.000679177
61.9103 8.90538e-05
62.0098 -0.000556584
62.1094 -0.000854033
62.2089 -0.000617396
62.3084 5.24545e-06
62.408 0.000624489
62.5075 0.000853132
62.607 0.000548265
62.7066 -9.94107e-05
62.8061 -0.000684861
62.9056 -0.000842001
63.0052 -0.00047259
63.1047 0.000192349
63.2043 0.000737001
63.3038 0.00082077
63.4033 0.000391252
63.5029 -0.000282979
63.6024 -0.000780302
63.7019 -0.000789684
63.8015 -0.000305195
63.901 0.000370247
64.0005 0.000814257
64.1001 0.000749101
64.1996 0.000215417
64.2991 -0.000453136
64.3987 -0.000838462
64.4982 -0.000699484
64.5977 -0.000122959
64.6973 0.000530675
64.7968 0.000852626
64.8963 0.0006414
64.9959 2.88949e-05
65.0954 -0.000601953
65.1949 -0.000856567
65.2945 -0.00057551
65.394 6.56819e-05
65.4935 0.000666128
65.5931 0.00085022
65.6926 0.00050257
65.7921 -0.00015967
65.8917 -0.000722437
65.9912 -0.000833636
66.0907 -0.000423412
66.1903 0.00025197
66.2898 0.000770202
66.3893 0.000806982
66.4889 0.000338943
66.5884 -0.000341502
66.688 -0.000808842
66.7875 -0.000770539
66.887 -0.000250135
66.9866 0.00042721
67.0861 0.000837876
67.1856 0.000724701
67.2852 0.00015801
67.3847 -0.000508081
67.4842 -0.000856931
67.5838 -0.000669969
67.6833 -6.36313e-05
67.7828 0.00058315
67.8824 0.000865744
67.9819 0.000606947
68.0814 -3.19062e-05
68.181 -0.000651515
68.2805 -0.000864169
68.38 -0.000536337
68.4796 0.000127491
68.5791 0.000712347
68.6786 0.000852176
68.7782 0.000458927
68.8777 -0.000222004
68.9772 -0.000764897
69.0768 -0.000829854
69.1763 -0.000375591
69.2758 0.000314334
69.3754 0.000808507
69.4749 0.00079741
69.5744 0.000287271
69.674 -0.000403388
69.7735 -0.000842616
69.873 -0.000755166
69.9726 -0.000194973
70.0721 0.000488105
70.1716 0.000866768
70.2712 0.000703558
70.3707 9.97539e-05
70.4703 -0.000567465
70.5698 -0.000880619
70.6693 -0.000643131
70.7689 -2.71087e-06
70.8684 0.000640502
70.9679 0.000883937
71.0675 0.000574534
71.167 -9.50313e-05
71.2665 -0.000706318
71.3661 -0.000876612
71.4656 -0.000498513
71.5651 0.000192332
71.6647 0.00076409
71.7642 0.000858649
71.8637 0.000415906
71.9633 -0.000288046
72.0628 -0.000813077
72.1623 -0.00083018
72.2619 -0.00032763
72.3614 0.00038104
72.4609 0.000852637
72.5605 0.000791453
72.66 0.000234675
72.7595 -0.000470199
72.8591 -0.000882226
72.9586 -0.000742837
73.0581 -0.000138091
73.1577 0.000554446
73.2572 0.000901413
73.3567 0.000684817
73.4563 3.8981e-05
73.5558 -0.000632746
73.6553 -0.000909878
73.7549 -0.000617989
73.8544 6.15156e-05
73.954 0.000704127
74.0535 0.000907422
74.153 0.000543053
74.2526 -0.000162232
74.3521 -0.000767683
74.4516 -0.000893967
74.5512 -0.000460811
74.6507 0.000261987
74.7502 0.000822591
74.8498 0.000869563
74.9493 0.000372155
75.0488 -0.0003596
75.1484 -0.000868117
75.2479 -0.00083438
75.3474 -0.000278058
75.447 0.0004539
75.5465 0.000903625
75.646 0.000788718
75.7456 0.000179568
75.8451 -0.000543745
75.9446 -0.000928587
76.0442 -0.000732995
76.1437 -7.77927e-05
76.2432 0.000628028
76.3428 0.000942591
76.4423 0.000667751
76.5418 -2.61103e-05
76.6414 -0.000705692
76.7409 -0.000945342
76.8404 -0.00059364
76.94 0.000130945
77.0395 0.000775746
77.139 0.000936673
77.2386 0.000511426
77.3381 -0.000235489
77.4377 -0.000837272
77.5372 -0.000916541
77.6367 -0.000421972
77.7363 0.000338511
77.8358 0.000889437
77.9353 0.000885037
78.0349 0.000326238
78.1344 -0.000438778
78.2339 -0.000931504
78.3335 -0.000842381
78.433 -0.000225266
78.5325 0.000535075
78.6321 0.000962841
78.7316 0.000788922
78.8311 0.000120171
78.9307 -0.000626212
79.0302 -0.000982932
79.1297 -0.000725138
79.2293 -1.21329e-05
79.3288 0.000711045
79.4283 0.000991379
79.5279 0.000651632
79.6274 -9.76194e-05
79.7269 -0.000788482
79.8265 -0.000987911
79.926 -0.000569126
80.0255 0.000207819
80.1251 0.000857503
80.2246 0.000972391
80.3241 0.000478455
80.4237 -0.000317176
80.5232 -0.000917164
80.6227 -0.000944815
80.7223 -0.00038056
80.8218 0.000424388
80.9213 0.000966616
81.0209 0.000905318
81.1204 0.00027648
81.22 -0.000528158
81.3195 -0.00100511
81.419 -0.000854171
81.5186 -0.000167339
81.6181 0.000627206
81.7176 0.00103201
81.8172 0.000791783
81.9167 5.43406e-05
82.0162 -0.000720285
82.1158 -0.00104681
82.2153 -0.0007187
82.3148 6.1249e-05
82.4144 0.000806195
82.5139 0.00104912
82.6134 0.000635596
82.713 -0.000178111
82.8125 -0.000883795
82.912 -0.0010387
83.0116 -0.000543275
83.1111 0.00029489
83.2106 0.000952021
83.3102 0.00101543
83.4097 0.000442659
83.5092 -0.000410205
83.6088 -0.00100989
83.7083 -0.000979348
83.8078 -0.00033478
83.9074 0.000522666
84.0069 0.00105653
84.1064 0.000930644
84.206 0.000220777
84.3055 -0.000630889
84.405 -0.00109117
84.5046 -0.000869648
84.6041 -0.000101879
84.7037 0.00073351
84.8032 0.00111316
84.9027 0.000796839
85.0023 -2.06052e-05
85.1018 -0.000829203
85.2013 -0.001122
85.3009 -0.000712839
85.4004 0.000145296
85.4999 0.000916693
85.5995 0.00111729
85.699 0.000618415
85.7985 -0.000270762
85.8981 -0.000994772
85.9976 -0.00109883
86.0971 -0.000514467
86.1967 0.000395529
86.2962 0.00106231
86.3957 0.00106653
86.4953 0.000402027
86.5948 -0.0005181
86.6943 -0.00111828
86.7939 -0.00102047
86.8934 -0.000282245
86.9929 0.000636968
87.0925 0.00116176
87.192 0.000960909
87.2915 0.000156387
87.3911 -0.000750633
87.4906 -0.00119195
87.5901 -0.000888238
87.6897 -2.58145e-05
87.7892 0.00085762
87.8887 0.00120818
87.9883 0.00080303
88.0878 -0.000108019
88.1873 -0.000956494
88.2869 -0.00120994
88.3864 -0.000706009
88.486 0.000243588
88.5855 0.00104588
88.685 0.00119685
88.7846 0.000598058
88.8841 -0.000379306
88.9836 -0.00112447
89.0832 -0.00116872
89.1827 -0.000480211
89.2822 0.00051354
89.3818 0.00119105
89.4813 0.00112552
89.5808 0.000353646
89.6804 -0.000644633
89.7799 -0.00124453
89.8794 -0.00106739
89.979 -0.000219678
90.0785 0.000770916
90.178 0.00128391
90.2776 0.00099466
90.3771 7.97476e-05
90.4766 -0.000890728
90.5762 -0.00130837
90.6757 -0.00090784
90.7752 6.45905e-05
90.8748 0.00100243
90.9743 0.0013172
91.0738 0.000807626
91.1734 -0.000211679
91.2729 -0.00110445
91.3724 -0.00130988
91.472 -0.000694897
91.5715 0.000359774
91.671 0.00119524
91.7706 0.00128608
91.8701 0.000570716
91.9697 -0.00050706
92.0692 -0.00127339
92.1687 -0.00124564
92.2683 -0.000436326
92.3678 0.000651667
92.4673 0.00133755
92.5669 0.0011886
92.6664 0.000293138
92.7659 -0.000791691
92.8655 -0.00138653
92.965 -0.00111524
93.0645 -0.000142733
93.1641 0.000925214
93.2636 0.00141926
93.3631 0.00102604
93.4627 -1.31551e-05
93.5622 -0.00105032
93.6617 -0.00143487
93.7613 -0.000921691
93.8608 0.000172646
93.9603 0.00116514
94.0599 0.00143266
94.1594 0.000803153
94.2589 -0.000333731
94.3585 -0.00126784
94.458 -0.00141213
94.5575 -0.0006716
94.6571 0.000494285
94.7566 0.00135669
94.8561 0.00137304
94.9557 0.000528451
95.0552 -0.000652095
95.1547 -0.00143005
95.2543 -0.0013154
95.3538 -0.000375364
95.4534 0.000804874
95.5529 0.00148646
95.6524 0.0012395
95.752 0.000214228
95.8515 -0.000950303
95.951 -0.00152463
96.0506 -0.00114591
96.1501 -4.71555e-05
96.2496 0.00108607
96.3492 0.00154353
96.4487 0.00103555
96.5482 -0.000123543
96.6478 -0.00120993
96.7473 -0.00154241
96.8468 -0.000909685
96.9464 0.000295401
97.0459 0.00131978
97.1454 0.00152092
97.245 0.000769921
97.3445 -0.000465877
97.444 -0.00141383
97.5436 -0.00147915
97.6431 -0.000618211
97.7426 0.000632506
97.8422 0.00149076
97.9417 0.00141787
98.0412 0.000456787
98.1408 -0.000793186
98.2403 -0.00155015
98.3398 -0.00133862
98.4394 -0.000287977
98.5389 0.000946748
98.6384 0.00159313
98.738 0.0012441
98.8375 0.000113762
98.937 -0.00109411
99.0366 -0.00162362
99.1361 -0.00113858
99.2357 6.53145e-05
99.3352 0.00124074
99.4347 0.00165093
99.5343 0.00102856
99.6338 -0.000252811
99.7333 -0.00140224
99.8329 -0.00169528
99.9324 -0.000923797
100.032 0.000463263
100.131 0.00161794
100.231 0.00180076
100.331 0.000838462
100.43 -0.000741229
100.53 -0.00198718
100.629 -0.00206935
100.729 -0.000791357
100.828 0.0012202
100.928 0.00277991
101.027 0.00276332
101.127 0.000796748
101.226 -0.00233495
101.326 -0.0048354
101.425 -0.00467192
101.525 -0.000786271
101.624 0.00570972
101.724 0.0109654
101.824 0.00902164
