0.0 -0.00529258767648
0.1 -0.0255536290294
0.2 -0.0630314795346
0.3 -0.11335646675
0.4 -0.160105706938
0.5 -0.176970998366
0.6 -0.136856448221
0.7 -0.0249348416807
0.8 0.150450818482
0.9 0.35523041801
1.0 0.538053589293
1.1 0.646822595745
1.2 0.645878564435
1.3 0.525923456988
1.4 0.302974590273
1.5 0.00910897200168
1.6 -0.317662721164
1.7 -0.637483833623
1.8 -0.905294089692
1.9 -1.06582534952
2.0 -1.05650220138
2.1 -0.82444630856
2.2 -0.354554673312
2.3 0.303433838592
2.4 1.02368959377
2.5 1.61857572787
2.6 1.87860023832
2.7 1.62890378047
2.8 0.78770631122
2.9 -0.58844354553
3.0 -2.28511888604
3.1 -3.94543325401
3.2 -5.12633705076
3.3 -5.39519288309
3.4 -4.45310394226
3.5 -2.25390888672
3.6 0.92537442309
3.7 4.5034751879
3.8 7.71809630138
3.9 9.82724322785
4.0 10.3247107104
4.1 9.09140815488
4.2 6.42336029469
4.3 2.92416041465
4.4 -0.695621352234
4.5 -3.83238838104
4.6 -6.13551209827
4.7 -7.53873004631
4.8 -8.18361605455
4.9 -8.28690655843
5.0 -8.01914896848
5.1 -7.44417531165
5.2 -6.53112185706
5.3 -5.21523001974
5.4 -3.46743866486
5.5 -1.33929010042
5.6 1.03023308005
5.7 3.4395409168
5.8 5.6646175903
5.9 7.4989738325
6.0 8.78372432236
6.1 9.42364585835
6.2 9.38856794256
6.3 8.70263552465
6.4 7.4279855515
6.5 5.65220319162
6.6 3.48694813478
6.7 1.07720023331
6.8 -1.38943305511
6.9 -3.68876703699
7.0 -5.59129035129
7.1 -6.91379535406
7.2 -7.5711535959
7.3 -7.60222787482
7.4 -7.15312698932
7.5 -6.42129044264
7.6 -5.58396718125
7.7 -4.7428603285
7.8 -3.90828338024
7.9 -3.02604121576
8.0 -2.02973230115
8.1 -0.891035304942
8.2 0.355029455884
8.3 1.61789748971
8.4 2.7837918559
8.5 3.75432342069
8.6 4.47367543492
8.7 4.93529827264
8.8 5.16993008176
8.9 5.22432908151
9.0 5.14159883433
9.1 4.9501597763
9.2 4.6623430924
9.3 4.27870914949
9.4 3.79274328547
9.5 3.1927702045
9.6 2.46203266151
9.7 1.58110206325
9.8 0.536712464407
9.9 -0.662811823109
10.0 -1.97115357901
10.1 -3.29619262531
10.2 -4.50914179789
10.3 -5.47201479193
10.4 -6.07520385954
10.5 -6.27009849462
10.6 -6.08208857927
10.7 -5.59756421965
10.8 -4.93058481506
10.9 -4.18421257346
11.0 -3.42301034272
11.1 -2.66636778608
11.2 -1.90140061333
11.3 -1.10540304611
11.4 -0.265574952033
11.5 0.611896316687
11.6 1.50395683202
11.7 2.3788398701
11.8 3.20376251154
11.9 3.94839524327
12.0 4.5844472924
12.1 5.08436218413
12.2 5.42202090815
12.3 5.57619621133
12.4 5.53507939919
12.5 5.29910106386
12.6 4.8800520641
12.7 4.29663162253
12.8 3.56877872491
12.9 2.71419686032
13.0 1.74961168673
13.1 0.696712226276
13.2 -0.410358015858
13.3 -1.52089446352
13.4 -2.57096630895
13.5 -3.49467056782
13.6 -4.23921010892
13.7 -4.77683003048
13.8 -5.1075503353
13.9 -5.25124632927
14.0 -5.2334718593
14.1 -5.07295796701
14.2 -4.77760915447
14.3 -4.35056445295
14.4 -3.80167476045
14.5 -3.15644838446
14.6 -2.45618031337
14.7 -1.74848490048
14.8 -1.07327476532
14.9 -0.451790798023
15.0 0.115758010145
15.1 0.643449301113
15.2 1.1481058006
15.3 1.63907857168
15.4 2.11372781443
15.5 2.55928867923
15.6 2.95862520275
15.7 3.29629332091
15.8 3.56233359103
15.9 3.75308716888
16.0 3.86977236309
16.1 3.91602617046
16.2 3.89538572975
16.3 3.8093278395
16.4 3.65629568465
16.5 3.43201250156
16.6 3.13109113674
16.7 2.74949629137
16.8 2.28706104828
16.9 1.74925948032
17.0 1.14778878866
17.1 0.499954556897
17.2 -0.172885300785
17.3 -0.847508736367
17.4 -1.5013094086
17.5 -2.11457152111
17.6 -2.67187357233
17.7 -3.16207529539
17.8 -3.57692309439
17.9 -3.90911407793
18.0 -4.15111947304
18.1 -4.29571717441
18.2 -4.3380982744
18.3 -4.27826946803
18.4 -4.12209788252
18.5 -3.88008141275
18.6 -3.56433014622
18.7 -3.18536591085
18.8 -2.75042706341
18.9 -2.26398821351
19.0 -1.72988949141
19.1 -1.15371197812
19.2 -0.544240739636
19.3 0.0863064036681
19.4 0.722867636209
19.5 1.34839847985
19.6 1.94485655631
19.7 2.49454407463
19.8 2.98194630846
19.9 3.39566065044
20.0 3.72952457156
20.1 3.98215221653
20.2 4.15485454431
20.3 4.24886840829
20.4 4.26328538086
20.5 4.1947116142
20.6 4.0387510641
20.7 3.79250956515
20.8 3.45698747239
20.9 3.03852550193
21.0 2.54903069825
21.1 2.00511034531
21.2 1.42633845437
21.3 0.832863268791
21.4 0.24269898626
21.5 -0.330641904634
21.6 -0.879302823962
21.7 -1.40036802608
21.8 -1.89333705967
21.9 -2.3567241102
22.0 -2.7852255004
22.1 -3.16869316667
22.2 -3.49332826969
22.3 -3.74453447272
22.4 -3.91025890019
22.5 -3.98363679976
22.6 -3.96421098186
22.7 -3.85758729976
22.8 -3.67383855301
22.9 -3.42520168251
23.0 -3.12368903842
23.1 -2.77921589698
23.2 -2.39871974817
23.3 -1.98647384458
23.4 -1.54541588885
23.5 -1.07896533288
23.6 -0.592652611157
23.7 -0.0949934499024
23.8 0.402667335989
23.9 0.887290365968
24.0 1.34593750612
24.1 1.76772669422
24.2 2.1453369169
24.3 2.47548737162
24.4 2.75808889543
24.5 2.99429091091
24.6 3.18422382093
24.7 3.32550790825
24.8 3.41329416828
24.9 3.44179727297
25.0 3.40644035193
25.1 3.30542610486
25.2 3.14002723377
25.3 2.91383715022
25.4 2.63194267477
25.5 2.30090531384
25.6 1.92958966271
25.7 1.52990557294
25.8 1.11624513712
25.9 0.703133077713
26.0 0.301922140514
26.1 -0.0816958212656
26.2 -0.447785540562
26.3 -0.799598073743
26.4 -1.13965151716
26.5 -1.46659283398
26.6 -1.77446504767
26.7 -2.05453357488
26.8 -2.29837308416
26.9 -2.50039075553
27.0 -2.65858758351
27.1 -2.77358858006
27.2 -2.84694098215
27.3 -2.87982871496
27.4 -2.87275817101
27.5 -2.82598537546
27.6 -2.74003815388
27.7 -2.61582463452
27.8 -2.45428011286
27.9 -2.2559016965
28.0 -2.02061775275
28.1 -1.74825976891
28.2 -1.43961520048
28.3 -1.09777809368
28.4 -0.729324656055
28.5 -0.344749638574
28.6 0.0423092689292
28.7 0.417162940725
28.8 0.766981362467
28.9 1.08347003472
29.0 1.36413682908
29.1 1.61150088005
29.2 1.83057652225
29.3 2.02584420213
29.4 2.19913020116
29.5 2.34919907145
29.6 2.47281795205
29.7 2.56627977038
29.8 2.6263684978
29.9 2.65044175498
30.0 2.636114495
30.1 2.58115485994
30.2 2.48442528854
30.3 2.34706588239
30.4 2.17269556897
30.5 1.96651983065
30.6 1.73344968994
30.7 1.47631644368
30.8 1.19539158999
30.9 0.889708378704
31.0 0.559581922873
31.1 0.208963334356
31.2 -0.153671990121
31.3 -0.516378694477
31.4 -0.866175408258
31.5 -1.19166373663
31.6 -1.4847202415
31.7 -1.74078968765
31.8 -1.95805757469
31.9 -2.13621769
32.0 -2.27551784358
32.1 -2.37639571316
32.2 -2.43958410507
32.3 -2.46631191834
32.4 -2.45825003529
32.5 -2.41709338792
32.6 -2.34397602906
32.7 -2.23910689103
32.8 -2.10196756745
32.9 -1.93213029149
33.0 -1.73037968317
33.1 -1.49958557599
33.2 -1.2448534075
33.3 -0.972861783828
33.4 -0.690757701336
33.5 -0.405210589581
33.6 -0.122056275541
33.7 0.153497849863
33.8 0.416550549788
33.9 0.662564779663
34.0 0.887942249046
34.1 1.0907456034
34.2 1.27095057884
34.3 1.42983979707
34.4 1.56871704234
34.5 1.6876171875
34.6 1.78474202284
34.7 1.85691772957
34.8 1.90075605219
34.9 1.91383792314
35.0 1.89534875005
35.1 1.8460415577
35.2 1.76782143617
35.3 1.663338192
35.4 1.53574448233
35.5 1.38848883429
35.6 1.22494994235
35.7 1.04793504026
35.8 0.859345908274
35.9 0.660370251424
36.0 0.452276629723
36.1 0.237459230805
36.2 0.0201261732922
36.3 -0.193832406838
36.4 -0.397797551766
36.5 -0.585725363451
36.6 -0.753162868384
36.7 -0.897561607425
36.8 -1.01791165557
36.9 -1.11407100789
37.0 -1.18623406263
37.1 -1.23478314348
37.2 -1.2604756271
37.3 -1.26472583604
37.4 -1.24972649611
37.5 -1.21827620619
37.6 -1.17333893314
37.7 -1.11748192374
37.8 -1.05238981594
37.9 -0.978634311176
38.0 -0.895798234406
38.1 -0.802929843021
38.2 -0.69918164854
38.3 -0.584425208482
38.4 -0.459662704512
38.5 -0.3271553175
38.6 -0.190290889846
38.7 -0.0532610769975
38.8 0.0793903347592
38.9 0.203300050289
39.0 0.314823038601
39.1 0.411443074607
39.2 0.491908381173
39.3 0.556030831473
39.4 0.604252918961
39.5 0.637223729091
39.6 0.655618150573
39.7 0.660262595154
39.8 0.65240517543
39.9 0.633854378788
40.0 0.606800695844
40.1 0.57337077408
40.2 0.535170470134
40.3 0.493096698123
40.4 0.447521025161
40.5 0.398703307387
40.6 0.347159675698
40.7 0.293773669913
40.8 0.239638966828
40.9 0.185800877067
41.0 0.133097267971
41.1 0.0821846861584
41.2 0.0336787951286
41.3 -0.0117375249361
41.4 -0.0533358395123
41.5 -0.0904737027621
41.6 -0.122730819014
41.7 -0.149951447005
41.8 -0.172174561334
41.9 -0.189514783912
42.0 -0.202079727491
42.1 -0.209967421224
42.2 -0.213323890569
42.3 -0.212405433166
42.4 -0.207600708859
42.5 -0.199405009385
42.6 -0.188369984676
42.7 -0.175058028284
42.8 -0.160016355643
42.9 -0.143768479654
43.0 -0.126812454069
43.1 -0.109616457317
43.2 -0.0926072295697
43.3 -0.0761515644058
43.4 -0.0605354507589
43.5 -0.0459496296774
43.6 -0.0324913917785
43.7 -0.0201869543533
43.8 -0.00902788732186
43.9 0.000994100462021
44.0 0.00986941347349
44.1 0.0175744857288
44.2 0.0240883747527
44.3 0.0294069689554
44.4 0.0335454858358
44.5 0.0365320253691
44.6 0.0384029508508
44.7 0.0392083953504
44.8 0.0390260458123
44.9 0.0379726371788
45.0 0.0362026172639
45.1 0.03389182759
45.2 0.0312137309071
45.3 0.0283194069301
45.4 0.025328481822
45.5 0.0223306141423
45.6 0.0193920294364
45.7 0.016561615647
45.8 0.0138745546749
45.9 0.0113546890871
46.0 0.00901749226146
46.1 0.00687401882218
46.2 0.0049345150937
46.3 0.00320999362669
46.4 0.00171110000436
46.5 0.000445058285619
46.6 -0.000587623653705
46.7 -0.00139506316352
46.8 -0.0019936989744
46.9 -0.00240601218433
47.0 -0.00265735178006
47.1 -0.0027731942175
47.2 -0.00277771096484
47.3 -0.00269362115176
47.4 -0.00254253515374
47.5 -0.00234486613255
47.6 -0.0021189634808
47.7 -0.00187992767153
47.8 -0.00163894978548
47.9 -0.00140369046164
48.0 -0.00117947214759
48.1 -0.000970519909892
48.2 -0.000780553225552
48.3 -0.000612588328217
48.4 -0.000468375014296
48.5 -0.000348047379261
48.6 -0.000250282308077
48.7 -0.000172838931179
48.8 -0.00011313429006
48.9 -6.85958541208e-05
49.0 -3.67656901756e-05
49.1 -1.52936642223e-05
49.2 -1.9534933721e-06
49.3 5.28751803637e-06
49.4 8.19520058463e-06
49.5 8.24254317153e-06
49.6 6.63323753416e-06
49.7 4.34053086468e-06
49.8 2.13063620365e-06
49.9 5.65742477638e-07
50.0 0.0
50.1 0.0
50.2 0.0
50.3 0.0
50.4 0.0
50.5 0.0
50.6 0.0
50.7 0.0
50.8 0.0
50.9 0.0
51.0 0.0
51.1 0.0
51.2 0.0
51.3 0.0
51.4 0.0
51.5 0.0
51.6 0.0
51.7 0.0
51.8 0.0
51.9 0.0
52.0 0.0
52.1 0.0
52.2 0.0
52.3 0.0
52.4 0.0
52.5 0.0
52.6 0.0
52.7 0.0
52.8 0.0
52.9 0.0
53.0 0.0
53.1 0.0
53.2 0.0
53.3 0.0
53.4 0.0
53.5 0.0
53.6 0.0
53.7 0.0
53.8 0.0
53.9 0.0
54.0 0.0
54.1 0.0
54.2 0.0
54.3 0.0
54.4 0.0
54.5 0.0
54.6 0.0
54.7 0.0
54.8 0.0
54.9 0.0
55.0 0.0
55.1 0.0
55.2 0.0
55.3 0.0
55.4 0.0
55.5 0.0
55.6 0.0
55.7 0.0
55.8 0.0
55.9 0.0
56.0 0.0
56.1 0.0
56.2 0.0
56.3 0.0
56.4 0.0
56.5 0.0
56.6 0.0
56.7 0.0
56.8 0.0
56.9 0.0
57.0 0.0
57.1 0.0
57.2 0.0
57.3 0.0
57.4 0.0
57.5 0.0
57.6 0.0
57.7 0.0
57.8 0.0
57.9 0.0
58.0 0.0
58.1 0.0
58.2 0.0
58.3 0.0
58.4 0.0
58.5 0.0
58.6 0.0
58.7 0.0
58.8 0.0
58.9 0.0
59.0 0.0
59.1 0.0
59.2 0.0
59.3 0.0
59.4 0.0
59.5 0.0
59.6 0.0
59.7 0.0
59.8 0.0
59.9 0.0
60.0 0.0
60.1 0.0
60.2 0.0
60.3 0.0
60.4 0.0
60.5 0.0
60.6 0.0
60.7 0.0
60.8 0.0
60.9 0.0
61.0 0.0
61.1 0.0
61.2 0.0
61.3 0.0
61.4 0.0
61.5 0.0
61.6 0.0
61.7 0.0
61.8 0.0
61.9 0.0
62.0 0.0
62.1 0.0
62.2 0.0
62.3 0.0
62.4 0.0
62.5 0.0
62.6 0.0
62.7 0.0
62.8 0.0
62.9 0.0
63.0 0.0
63.1 0.0
63.2 0.0
63.3 0.0
63.4 0.0
63.5 0.0
63.6 0.0
63.7 0.0
63.8 0.0
63.9 0.0
64.0 0.0
64.1 0.0
64.2 0.0
64.3 0.0
64.4 0.0
64.5 0.0
64.6 0.0
64.7 0.0
64.8 0.0
64.9 0.0
65.0 0.0
65.1 0.0
65.2 0.0
65.3 0.0
65.4 0.0
65.5 0.0
65.6 0.0
65.7 0.0
65.8 0.0
65.9 0.0
66.0 0.0
66.1 0.0
66.2 0.0
66.3 0.0
66.4 0.0
66.5 0.0
66.6 0.0
66.7 0.0
66.8 0.0
66.9 0.0
67.0 0.0
67.1 0.0
67.2 0.0
67.3 0.0
67.4 0.0
67.5 0.0
67.6 0.0
67.7 0.0
67.8 0.0
67.9 0.0
68.0 0.0
68.1 0.0
68.2 0.0
68.3 0.0
68.4 0.0
68.5 0.0
68.6 0.0
68.7 0.0
68.8 0.0
68.9 0.0
69.0 0.0
69.1 0.0
69.2 0.0
69.3 0.0
69.4 0.0
69.5 0.0
69.6 0.0
69.7 0.0
69.8 0.0
69.9 0.0
70.0 0.0
70.1 0.0
70.2 0.0
70.3 0.0
70.4 0.0
70.5 0.0
70.6 0.0
70.7 0.0
70.8 0.0
70.9 0.0
71.0 0.0
71.1 0.0
71.2 0.0
71.3 0.0
71.4 0.0
71.5 0.0
71.6 0.0
71.7 0.0
71.8 0.0
71.9 0.0
72.0 0.0
72.1 0.0
72.2 0.0
72.3 0.0
72.4 0.0
72.5 0.0
72.6 0.0
72.7 0.0
72.8 0.0
72.9 0.0
73.0 0.0
73.1 0.0
73.2 0.0
73.3 0.0
73.4 0.0
73.5 0.0
73.6 0.0
73.7 0.0
73.8 0.0
73.9 0.0
74.0 0.0
74.1 0.0
74.2 0.0
74.3 0.0
74.4 0.0
74.5 0.0
74.6 0.0
74.7 0.0
74.8 0.0
74.9 0.0
75.0 0.0
75.1 0.0
75.2 0.0
75.3 0.0
75.4 0.0
75.5 0.0
75.6 0.0
75.7 0.0
75.8 0.0
75.9 0.0
76.0 0.0
76.1 0.0
76.2 0.0
76.3 0.0
76.4 0.0
76.5 0.0
76.6 0.0
76.7 0.0
76.8 0.0
76.9 0.0
77.0 0.0
77.1 0.0
77.2 0.0
77.3 0.0
77.4 0.0
77.5 0.0
77.6 0.0
77.7 0.0
77.8 0.0
77.9 0.0
78.0 0.0
78.1 0.0
78.2 0.0
78.3 0.0
78.4 0.0
78.5 0.0
78.6 0.0
78.7 0.0
78.8 0.0
78.9 0.0
79.0 0.0
79.1 0.0
79.2 0.0
79.3 0.0
79.4 0.0
79.5 0.0
79.6 0.0
79.7 0.0
79.8 0.0
79.9 0.0
80.0 0.0
80.1 0.0
80.2 0.0
80.3 0.0
80.4 0.0
80.5 0.0
80.6 0.0
80.7 0.0
80.8 0.0
80.9 0.0
81.0 0.0
81.1 0.0
81.2 0.0
81.3 0.0
81.4 0.0
81.5 0.0
81.6 0.0
81.7 0.0
81.8 0.0
81.9 0.0
82.0 0.0
82.1 0.0
82.2 0.0
82.3 0.0
82.4 0.0
82.5 0.0
82.6 0.0
82.7 0.0
82.8 0.0
82.9 0.0
83.0 0.0
83.1 0.0
83.2 0.0
83.3 0.0
83.4 0.0
83.5 0.0
83.6 0.0
83.7 0.0
83.8 0.0
83.9 0.0
84.0 0.0
84.1 0.0
84.2 0.0
84.3 0.0
84.4 0.0
84.5 0.0
84.6 0.0
84.7 0.0
84.8 0.0
84.9 0.0
85.0 0.0
85.1 0.0
85.2 0.0
85.3 0.0
85.4 0.0
85.5 0.0
85.6 0.0
85.7 0.0
85.8 0.0
85.9 0.0
86.0 0.0
86.1 0.0
86.2 0.0
86.3 0.0
86.4 0.0
86.5 0.0
86.6 0.0
86.7 0.0
86.8 0.0
86.9 0.0
87.0 0.0
87.1 0.0
87.2 0.0
87.3 0.0
87.4 0.0
87.5 0.0
87.6 0.0
87.7 0.0
87.8 0.0
87.9 0.0
88.0 0.0
88.1 0.0
88.2 0.0
88.3 0.0
88.4 0.0
88.5 0.0
88.6 0.0
88.7 0.0
88.8 0.0
88.9 0.0
89.0 0.0
89.1 0.0
89.2 0.0
89.3 0.0
89.4 0.0
89.5 0.0
89.6 0.0
89.7 0.0
89.8 0.0
89.9 0.0
90.0 0.0
90.1 0.0
90.2 0.0
90.3 0.0
90.4 0.0
90.5 0.0
90.6 0.0
90.7 0.0
90.8 0.0
90.9 0.0
91.0 0.0
91.1 0.0
91.2 0.0
91.3 0.0
91.4 0.0
91.5 0.0
91.6 0.0
91.7 0.0
91.8 0.0
91.9 0.0
92.0 0.0
92.1 0.0
92.2 0.0
92.3 0.0
92.4 0.0
92.5 0.0
92.6 0.0
92.7 0.0
92.8 0.0
92.9 0.0
93.0 0.0
93.1 0.0
93.2 0.0
93.3 0.0
93.4 0.0
93.5 0.0
93.6 0.0
93.7 0.0
93.8 0.0
93.9 0.0
94.0 0.0
94.1 0.0
94.2 0.0
94.3 0.0
94.4 0.0
94.5 0.0
94.6 0.0
94.7 0.0
94.8 0.0
94.9 0.0
95.0 0.0
95.1 0.0
95.2 0.0
95.3 0.0
95.4 0.0
95.5 0.0
95.6 0.0
95.7 0.0
95.8 0.0
95.9 0.0
96.0 0.0
96.1 0.0
96.2 0.0
96.3 0.0
96.4 0.0
96.5 0.0
96.6 0.0
96.7 0.0
96.8 0.0
96.9 0.0
97.0 0.0
97.1 0.0
97.2 0.0
97.3 0.0
97.4 0.0
97.5 0.0
97.6 0.0
97.7 0.0
97.8 0.0
97.9 0.0
98.0 0.0
98.1 0.0
98.2 0.0
98.3 0.0
98.4 0.0
98.5 0.0
98.6 0.0
98.7 0.0
98.8 0.0
98.9 0.0
99.0 0.0
99.1 0.0
99.2 0.0
99.3 0.0
99.4 0.0
99.5 0.0
99.6 0.0
99.7 0.0
99.8 0.0
99.9 0.0
100.0 0.0
100.1 0.0
100.2 0.0
100.3 0.0
100.4 0.0
100.5 0.0
100.6 0.0
100.7 0.0
100.8 0.0
100.9 0.0
101.0 0.0
101.1 0.0
101.2 0.0
101.3 0.0
101.4 0.0
101.5 0.0
101.6 0.0
101.7 0.0
101.8 0.0
101.9 0.0
102.0 0.0
102.1 0.0
102.2 0.0
102.3 0.0
