0.0 0.00378732814524
0.1 -8.36207609059e-05
0.2 -0.0075493030574
0.3 -0.0167658209184
0.4 -0.0214600249522
0.5 -0.0115859930952
0.6 0.0226960572601
0.7 0.0846999332042
0.8 0.16552349609
0.9 0.242613859313
1.0 0.284753233503
1.1 0.262465458492
1.2 0.159575076697
1.3 -0.0196119200038
1.4 -0.251009382842
1.5 -0.498328365106
1.6 -0.722356261306
1.7 -0.886013525679
1.8 -0.952994911641
1.9 -0.883920436477
2.0 -0.638097081582
2.1 -0.18734201418
2.2 0.45951740996
2.3 1.23240114887
2.4 1.99136812984
2.5 2.54437986202
2.6 2.69064318904
2.7 2.27699659908
2.8 1.24928016254
2.9 -0.316392157226
3.0 -2.20902000074
3.1 -4.10346912855
3.2 -5.60298954093
3.3 -6.30240195078
3.4 -5.87180785079
3.5 -4.15355509795
3.6 -1.25009140888
3.7 2.43363819576
3.8 6.22924956246
3.9 9.33913477137
4.0 11.0406766428
4.1 10.897528312
4.2 8.89931062201
4.3 5.46999487985
4.4 1.33465192983
4.5 -2.70682337082
4.6 -6.01047514658
4.7 -8.23508899542
4.8 -9.35774392268
4.9 -9.57230534731
5.0 -9.13527358098
5.1 -8.23766954818
5.2 -6.95586002384
5.3 -5.28611524619
5.4 -3.22506548985
5.5 -0.842375138148
5.6 1.69336496279
5.7 4.14268460008
5.8 6.25566057947
5.9 7.8320404666
6.0 8.75638929131
6.1 9.00138603853
6.2 8.60800620897
6.3 7.65778910489
6.4 6.25006598041
6.5 4.49055535015
6.6 2.49142519112
6.7 0.378423965915
6.8 -1.70215695008
6.9 -3.58495207946
7.0 -5.10165471826
7.1 -6.11199794046
7.2 -6.54109580143
7.3 -6.40764501179
7.4 -5.82716669907
7.5 -4.98299403741
7.6 -4.07202430681
7.7 -3.2451288645
7.8 -2.56625293763
7.9 -2.00676390135
8.0 -1.47598588458
8.1 -0.872987275093
8.2 -0.136417752239
8.3 0.727930665966
8.4 1.6504618872
8.5 2.52653027721
8.6 3.25538368255
8.7 3.77237528207
8.8 4.06321501174
8.9 4.1582131837
9.0 4.11251075179
9.1 3.98210724021
9.2 3.80457660302
9.3 3.58935359036
9.4 3.31792432187
9.5 2.95127539059
9.6 2.44135499334
9.7 1.74440502516
9.8 0.83523353446
9.9 -0.278640590862
10.0 -1.54577232496
10.1 -2.86731856221
10.2 -4.10624866229
10.3 -5.11092884302
10.4 -5.7487609248
10.5 -5.9396679347
10.6 -5.67712120217
10.7 -5.02816270396
10.8 -4.11227978226
10.9 -3.06786489397
11.0 -2.01956287233
11.1 -1.05765627646
11.2 -0.233293974017
11.3 0.434657942511
11.4 0.949480023873
11.5 1.32992766705
11.6 1.60839271947
11.7 1.83015756569
11.8 2.04856822928
11.9 2.31382583498
12.0 2.65800009174
12.1 3.08238361991
12.2 3.55316671761
12.3 4.00781547081
12.4 4.36974075447
12.5 4.56556345971
12.6 4.53905458297
12.7 4.25835999155
12.8 3.71672665159
12.9 2.92964715244
13.0 1.93188001914
13.1 0.776179810098
13.2 -0.467087677659
13.3 -1.71230730175
13.4 -2.86588081291
13.5 -3.83910655963
13.6 -4.56390781395
13.7 -5.00588849211
13.8 -5.16904015448
13.9 -5.08946639391
14.0 -4.82043038259
14.1 -4.41520429532
14.2 -3.91510080474
14.3 -3.34698048748
14.4 -2.72915140995
14.5 -2.08009224157
14.6 -1.42352643085
14.7 -0.786491940336
14.8 -0.192068818172
14.9 0.347941947056
15.0 0.835132920254
15.1 1.27965593839
15.2 1.69123524988
15.3 2.07139820354
15.4 2.41136271627
15.5 2.69639790386
15.6 2.91361378714
15.7 3.05841399779
15.8 3.13606930359
15.9 3.15797013112
16.0 3.13506642221
16.1 3.07218806657
16.2 2.96602314648
16.3 2.80737886647
16.4 2.58626629423
16.5 2.29728289685
16.6 1.94295828465
16.7 1.53384996804
16.8 1.08565495794
16.9 0.614862072782
17.0 0.135033890771
17.1 -0.344590377028
17.2 -0.817732407846
17.3 -1.27804900892
17.4 -1.71650467142
17.5 -2.120950883
17.6 -2.47829922457
17.7 -2.77793189602
17.8 -3.01408885501
17.9 -3.18558577226
18.0 -3.29301271047
18.1 -3.33534298446
18.2 -3.30839577815
18.3 -3.20643471239
18.4 -3.02609681511
18.5 -2.77023518393
18.6 -2.4492059704
18.7 -2.07865679126
18.8 -1.67495659475
18.9 -1.2507153766
19.0 -0.812634625819
19.1 -0.362481073449
19.2 0.0997140369718
19.3 0.572067580788
19.4 1.04852210555
19.5 1.51848387391
19.6 1.96808468157
19.7 2.38216599725
19.8 2.74610928858
19.9 3.04703429248
20.0 3.27435295355
20.1 3.41999429204
20.2 3.47871711384
20.3 3.44877885028
20.4 3.33286402567
20.5 3.13874650656
20.6 2.8789425575
20.7 2.56886564267
20.8 2.22372601453
20.9 1.85526464777
21.0 1.46980151157
21.1 1.0686286764
21.2 0.650632398472
21.3 0.215843665549
21.4 -0.231847462249
21.5 -0.684005130422
21.6 -1.12895037606
21.7 -1.5539562737
21.8 -1.94703072365
21.9 -2.2976660131
22.0 -2.59690140154
22.1 -2.83751943813
22.2 -3.01483780488
22.3 -3.12771478151
22.4 -3.17880679447
22.5 -3.17334843543
22.6 -3.11667303295
22.7 -3.01167627957
22.8 -2.85769491907
22.9 -2.65156864653
23.0 -2.39040542329
23.1 -2.07458601211
23.2 -1.70944182055
23.3 -1.30484595003
23.4 -0.873127752432
23.5 -0.426544439776
23.6 0.0244017180436
23.7 0.471146524179
23.8 0.9059713418
23.9 1.32049082926
24.0 1.7046990028
24.1 2.04720007867
24.2 2.33665856192
24.3 2.56394722338
24.4 2.72416295028
24.5 2.81771823808
24.6 2.85007246086
24.7 2.83019013992
24.8 2.76827355443
24.9 2.67351110479
25.0 2.5524517057
25.1 2.40828463367
25.2 2.24099436412
25.3 2.04821957608
25.4 1.8266409967
25.5 1.57369051959
25.6 1.28920421704
25.7 0.976431339813
25.8 0.641825724311
25.9 0.293485374058
26.0 -0.0611419038645
26.1 -0.417053781722
26.2 -0.771788423379
26.3 -1.12346150435
26.4 -1.46764588857
26.5 -1.79489558894
26.6 -2.09061399901
26.7 -2.33781583366
26.8 -2.52176881013
26.9 -2.63445031081
27.0 -2.6768265159
27.1 -2.65806391048
27.2 -2.59221775771
27.3 -2.49390165297
27.4 -2.3745289611
27.5 -2.24011938105
27.6 -2.09090610157
27.7 -1.92248433068
27.8 -1.72806771159
27.9 -1.50134309356
28.0 -1.23924780868
28.1 -0.943816725227
28.2 -0.622345793744
28.3 -0.285687292677
28.4 0.0546377511776
28.5 0.389152503543
28.6 0.711628800664
28.7 1.01826865434
28.8 1.30552902254
28.9 1.56807977301
29.0 1.79832101468
29.1 1.98795219926
29.2 2.13084079057
29.3 2.22562355095
29.4 2.27655094356
29.5 2.29198201437
29.6 2.28113165188
29.7 2.25052735468
29.8 2.2017458472
29.9 2.13137180874
30.0 2.0330960279
30.1 1.90081620421
30.2 1.73167125901
30.3 1.52745244309
30.4 1.29372526322
30.5 1.03756856594
30.6 0.765052533232
30.7 0.47980601567
30.8 0.183427217561
30.9 -0.122503317062
31.0 -0.433918744477
31.1 -0.742660444534
31.2 -1.03670749479
31.3 -1.30226384518
31.4 -1.5268592562
31.5 -1.70223299014
31.6 -1.82597769
31.7 -1.90150883116
31.8 -1.93654039742
31.9 -1.94064237981
32.0 -1.92259353503
32.1 -1.88821871711
32.2 -1.83928461504
32.3 -1.77379342122
32.4 -1.68761117792
32.5 -1.57686391146
32.6 -1.44016047053
32.7 -1.27972117458
32.8 -1.10098702398
32.9 -0.911029735395
33.0 -0.716649575759
33.1 -0.523086397389
33.2 -0.333765889152
33.3 -0.150807670849
33.4 0.0243912239237
33.5 0.191052317178
33.6 0.349403795507
33.7 0.501046329432
33.8 0.64867223796
33.9 0.794910168721
34.0 0.940692409794
34.1 1.0839588237
34.2 1.2194336843
34.3 1.33968725148
34.4 1.43704923397
34.5 1.50554953235
34.6 1.54211146091
34.7 1.54663698846
34.8 1.52115019455
34.9 1.46854357274
35.0 1.39155869083
35.1 1.29243293403
35.2 1.17327191527
35.3 1.03682863228
35.4 0.88715075996
35.5 0.729606625114
35.6 0.570116032865
35.7 0.413851784001
35.8 0.264006483785
35.9 0.121235746304
36.0 -0.0159382294585
36.1 -0.149967409568
36.2 -0.282925177364
36.3 -0.415538564137
36.4 -0.546878220852
36.5 -0.674583251638
36.6 -0.795283688308
36.7 -0.904960498037
36.8 -0.999230176257
36.9 -1.07371835719
37.0 -1.1246384088
37.1 -1.14946933574
37.2 -1.14744119257
37.3 -1.11956797171
37.4 -1.06821629569
37.5 -0.996476956816
37.6 -0.907697493732
37.7 -0.805366461774
37.8 -0.693246066253
37.9 -0.575456604538
38.0 -0.456265461223
38.1 -0.339575999849
38.2 -0.228356129326
38.3 -0.124313449599
38.4 -0.0279789325817
38.5 0.0608761599844
38.6 0.142726664551
38.7 0.217915129147
38.8 0.286507941344
38.9 0.34833767082
39.0 0.403113234947
39.1 0.450500977775
39.2 0.490143647015
39.3 0.521635459553
39.4 0.544490668185
39.5 0.558143025143
39.6 0.562007960866
39.7 0.555623927538
39.8 0.538854114239
39.9 0.512083339886
40.0 0.476319702795
40.1 0.433136817255
40.2 0.384465736588
40.3 0.332321188597
40.4 0.278571519104
40.5 0.224818322234
40.6 0.172374686993
40.7 0.122279519543
40.8 0.0752948051145
40.9 0.0318862557616
41.0 -0.00776679347729
41.1 -0.043691201334
41.2 -0.0759798992496
41.3 -0.10465545079
41.4 -0.129609616385
41.5 -0.150646222763
41.6 -0.167590173064
41.7 -0.180389543799
41.8 -0.189153438227
41.9 -0.194118221984
42.0 -0.1955791243
42.1 -0.193833889963
42.2 -0.189161953934
42.3 -0.181831799457
42.4 -0.172115288459
42.5 -0.160295618902
42.6 -0.146671089352
42.7 -0.131563290376
42.8 -0.115331316623
42.9 -0.0983824102482
43.0 -0.0811661772435
43.1 -0.0641476070841
43.2 -0.0477665785862
43.3 -0.0323985359978
43.4 -0.0183285904415
43.5 -0.00574327669967
43.6 0.00526280059605
43.7 0.0146708009755
43.8 0.0225169197132
43.9 0.0288714899385
44.0 0.0338223228313
44.1 0.0374656818598
44.2 0.0399050671665
44.3 0.041253973074
44.4 0.0416370336651
44.5 0.0411861425043
44.6 0.0400325946191
44.7 0.0382994436515
44.8 0.0360977463514
44.9 0.0335271129489
45.0 0.0306781211277
45.1 0.0276339934633
45.2 0.0244710102295
45.3 0.0212589991973
45.4 0.0180630713327
45.5 0.0149459844228
45.6 0.0119691267715
45.7 0.00919059890788
45.8 0.006660814449
45.9 0.00441770807539
46.0 0.00248370623882
46.1 0.000865283598239
46.2 -0.000445508459061
46.3 -0.00146861805196
46.4 -0.00223324866742
46.5 -0.00277472856893
46.6 -0.00313085973624
46.7 -0.0033380940045
46.8 -0.00342834018157
46.9 -0.00342715755319
47.0 -0.00335357626479
47.1 -0.00322121762809
47.2 -0.00304011352075
47.3 -0.00281865656379
47.4 -0.00256524722423
47.5 -0.00228930361146
47.6 -0.00200141627553
47.7 -0.00171266675213
47.8 -0.00143344508107
47.9 -0.00117230339731
48.0 -0.000935304334648
48.1 -0.00072600352421
48.2 -0.000545869725749
48.3 -0.000394812704361
48.4 -0.000271595492072
48.5 -0.000174109254862
48.6 -9.96084671101e-05
48.7 -4.49798216286e-05
48.8 -7.02358825997e-06
48.9 1.73286523304e-05
49.0 3.0907510117e-05
49.1 3.6289106553e-05
49.2 3.58051839419e-05
49.3 3.15301141557e-05
49.4 2.52377533739e-05
49.5 1.83530360777e-05
49.6 1.19262643671e-05
49.7 6.64241989491e-06
49.8 2.86184724019e-06
49.9 6.80924492094e-07
50.0 0.0
50.1 0.0
50.2 0.0
50.3 0.0
50.4 0.0
50.5 0.0
50.6 0.0
50.7 0.0
50.8 0.0
50.9 0.0
51.0 0.0
51.1 0.0
51.2 0.0
51.3 0.0
51.4 0.0
51.5 0.0
51.6 0.0
51.7 0.0
51.8 0.0
51.9 0.0
52.0 0.0
52.1 0.0
52.2 0.0
52.3 0.0
52.4 0.0
52.5 0.0
52.6 0.0
52.7 0.0
52.8 0.0
52.9 0.0
53.0 0.0
53.1 0.0
53.2 0.0
53.3 0.0
53.4 0.0
53.5 0.0
53.6 0.0
53.7 0.0
53.8 0.0
53.9 0.0
54.0 0.0
54.1 0.0
54.2 0.0
54.3 0.0
54.4 0.0
54.5 0.0
54.6 0.0
54.7 0.0
54.8 0.0
54.9 0.0
55.0 0.0
55.1 0.0
55.2 0.0
55.3 0.0
55.4 0.0
55.5 0.0
55.6 0.0
55.7 0.0
55.8 0.0
55.9 0.0
56.0 0.0
56.1 0.0
56.2 0.0
56.3 0.0
56.4 0.0
56.5 0.0
56.6 0.0
56.7 0.0
56.8 0.0
56.9 0.0
57.0 0.0
57.1 0.0
57.2 0.0
57.3 0.0
57.4 0.0
57.5 0.0
57.6 0.0
57.7 0.0
57.8 0.0
57.9 0.0
58.0 0.0
58.1 0.0
58.2 0.0
58.3 0.0
58.4 0.0
58.5 0.0
58.6 0.0
58.7 0.0
58.8 0.0
58.9 0.0
59.0 0.0
59.1 0.0
59.2 0.0
59.3 0.0
59.4 0.0
59.5 0.0
59.6 0.0
59.7 0.0
59.8 0.0
59.9 0.0
60.0 0.0
60.1 0.0
60.2 0.0
60.3 0.0
60.4 0.0
60.5 0.0
60.6 0.0
60.7 0.0
60.8 0.0
60.9 0.0
61.0 0.0
61.1 0.0
61.2 0.0
61.3 0.0
61.4 0.0
61.5 0.0
61.6 0.0
61.7 0.0
61.8 0.0
61.9 0.0
62.0 0.0
62.1 0.0
62.2 0.0
62.3 0.0
62.4 0.0
62.5 0.0
62.6 0.0
62.7 0.0
62.8 0.0
62.9 0.0
63.0 0.0
63.1 0.0
63.2 0.0
63.3 0.0
63.4 0.0
63.5 0.0
63.6 0.0
63.7 0.0
63.8 0.0
63.9 0.0
64.0 0.0
64.1 0.0
64.2 0.0
64.3 0.0
64.4 0.0
64.5 0.0
64.6 0.0
64.7 0.0
64.8 0.0
64.9 0.0
65.0 0.0
65.1 0.0
65.2 0.0
65.3 0.0
65.4 0.0
65.5 0.0
65.6 0.0
65.7 0.0
65.8 0.0
65.9 0.0
66.0 0.0
66.1 0.0
66.2 0.0
66.3 0.0
66.4 0.0
66.5 0.0
66.6 0.0
66.7 0.0
66.8 0.0
66.9 0.0
67.0 0.0
67.1 0.0
67.2 0.0
67.3 0.0
67.4 0.0
67.5 0.0
67.6 0.0
67.7 0.0
67.8 0.0
67.9 0.0
68.0 0.0
68.1 0.0
68.2 0.0
68.3 0.0
68.4 0.0
68.5 0.0
68.6 0.0
68.7 0.0
68.8 0.0
68.9 0.0
69.0 0.0
69.1 0.0
69.2 0.0
69.3 0.0
69.4 0.0
69.5 0.0
69.6 0.0
69.7 0.0
69.8 0.0
69.9 0.0
70.0 0.0
70.1 0.0
70.2 0.0
70.3 0.0
70.4 0.0
70.5 0.0
70.6 0.0
70.7 0.0
70.8 0.0
70.9 0.0
71.0 0.0
71.1 0.0
71.2 0.0
71.3 0.0
71.4 0.0
71.5 0.0
71.6 0.0
71.7 0.0
71.8 0.0
71.9 0.0
72.0 0.0
72.1 0.0
72.2 0.0
72.3 0.0
72.4 0.0
72.5 0.0
72.6 0.0
72.7 0.0
72.8 0.0
72.9 0.0
73.0 0.0
73.1 0.0
73.2 0.0
73.3 0.0
73.4 0.0
73.5 0.0
73.6 0.0
73.7 0.0
73.8 0.0
73.9 0.0
74.0 0.0
74.1 0.0
74.2 0.0
74.3 0.0
74.4 0.0
74.5 0.0
74.6 0.0
74.7 0.0
74.8 0.0
74.9 0.0
75.0 0.0
75.1 0.0
75.2 0.0
75.3 0.0
75.4 0.0
75.5 0.0
75.6 0.0
75.7 0.0
75.8 0.0
75.9 0.0
76.0 0.0
76.1 0.0
76.2 0.0
76.3 0.0
76.4 0.0
76.5 0.0
76.6 0.0
76.7 0.0
76.8 0.0
76.9 0.0
77.0 0.0
77.1 0.0
77.2 0.0
77.3 0.0
77.4 0.0
77.5 0.0
77.6 0.0
77.7 0.0
77.8 0.0
77.9 0.0
78.0 0.0
78.1 0.0
78.2 0.0
78.3 0.0
78.4 0.0
78.5 0.0
78.6 0.0
78.7 0.0
78.8 0.0
78.9 0.0
79.0 0.0
79.1 0.0
79.2 0.0
79.3 0.0
79.4 0.0
79.5 0.0
79.6 0.0
79.7 0.0
79.8 0.0
79.9 0.0
80.0 0.0
80.1 0.0
80.2 0.0
80.3 0.0
80.4 0.0
80.5 0.0
80.6 0.0
80.7 0.0
80.8 0.0
80.9 0.0
81.0 0.0
81.1 0.0
81.2 0.0
81.3 0.0
81.4 0.0
81.5 0.0
81.6 0.0
81.7 0.0
81.8 0.0
81.9 0.0
82.0 0.0
82.1 0.0
82.2 0.0
82.3 0.0
82.4 0.0
82.5 0.0
82.6 0.0
82.7 0.0
82.8 0.0
82.9 0.0
83.0 0.0
83.1 0.0
83.2 0.0
83.3 0.0
83.4 0.0
83.5 0.0
83.6 0.0
83.7 0.0
83.8 0.0
83.9 0.0
84.0 0.0
84.1 0.0
84.2 0.0
84.3 0.0
84.4 0.0
84.5 0.0
84.6 0.0
84.7 0.0
84.8 0.0
84.9 0.0
85.0 0.0
85.1 0.0
85.2 0.0
85.3 0.0
85.4 0.0
85.5 0.0
85.6 0.0
85.7 0.0
85.8 0.0
85.9 0.0
86.0 0.0
86.1 0.0
86.2 0.0
86.3 0.0
86.4 0.0
86.5 0.0
86.6 0.0
86.7 0.0
86.8 0.0
86.9 0.0
87.0 0.0
87.1 0.0
87.2 0.0
87.3 0.0
87.4 0.0
87.5 0.0
87.6 0.0
87.7 0.0
87.8 0.0
87.9 0.0
88.0 0.0
88.1 0.0
88.2 0.0
88.3 0.0
88.4 0.0
88.5 0.0
88.6 0.0
88.7 0.0
88.8 0.0
88.9 0.0
89.0 0.0
89.1 0.0
89.2 0.0
89.3 0.0
89.4 0.0
89.5 0.0
89.6 0.0
89.7 0.0
89.8 0.0
89.9 0.0
90.0 0.0
90.1 0.0
90.2 0.0
90.3 0.0
90.4 0.0
90.5 0.0
90.6 0.0
90.7 0.0
90.8 0.0
90.9 0.0
91.0 0.0
91.1 0.0
91.2 0.0
91.3 0.0
91.4 0.0
91.5 0.0
91.6 0.0
91.7 0.0
91.8 0.0
91.9 0.0
92.0 0.0
92.1 0.0
92.2 0.0
92.3 0.0
92.4 0.0
92.5 0.0
92.6 0.0
92.7 0.0
92.8 0.0
92.9 0.0
93.0 0.0
93.1 0.0
93.2 0.0
93.3 0.0
93.4 0.0
93.5 0.0
93.6 0.0
93.7 0.0
93.8 0.0
93.9 0.0
94.0 0.0
94.1 0.0
94.2 0.0
94.3 0.0
94.4 0.0
94.5 0.0
94.6 0.0
94.7 0.0
94.8 0.0
94.9 0.0
95.0 0.0
95.1 0.0
95.2 0.0
95.3 0.0
95.4 0.0
95.5 0.0
95.6 0.0
95.7 0.0
95.8 0.0
95.9 0.0
96.0 0.0
96.1 0.0
96.2 0.0
96.3 0.0
96.4 0.0
96.5 0.0
96.6 0.0
96.7 0.0
96.8 0.0
96.9 0.0
97.0 0.0
97.1 0.0
97.2 0.0
97.3 0.0
97.4 0.0
97.5 0.0
97.6 0.0
97.7 0.0
97.8 0.0
97.9 0.0
98.0 0.0
98.1 0.0
98.2 0.0
98.3 0.0
98.4 0.0
98.5 0.0
98.6 0.0
98.7 0.0
98.8 0.0
98.9 0.0
99.0 0.0
99.1 0.0
99.2 0.0
99.3 0.0
99.4 0.0
99.5 0.0
99.6 0.0
99.7 0.0
99.8 0.0
99.9 0.0
100.0 0.0
100.1 0.0
100.2 0.0
100.3 0.0
100.4 0.0
100.5 0.0
100.6 0.0
100.7 0.0
100.8 0.0
100.9 0.0
101.0 0.0
101.1 0.0
101.2 0.0
101.3 0.0
101.4 0.0
101.5 0.0
101.6 0.0
101.7 0.0
101.8 0.0
101.9 0.0
102.0 0.0
102.1 0.0
102.2 0.0
102.3 0.0
