0 -0.00286143
0.0995343 -0.0258041
0.199069 -0.0567142
0.298603 -0.0851456
0.398137 -0.0956166
0.497671 -0.0720364
0.597206 -0.00400536
0.69674 0.107102
0.796274 0.244772
0.895808 0.37863
0.995343 0.470742
1.09488 0.485445
1.19441 0.399699
1.29395 0.210535
1.39348 -0.062784
1.49301 -0.382286
1.59255 -0.698723
1.69208 -0.959883
1.79162 -1.11705
1.89115 -1.12871
1.99069 -0.963004
2.09022 -0.60196
2.18975 -0.0502795
2.28929 0.65154
2.38882 1.41406
2.48836 2.09395
2.58789 2.50613
2.68742 2.45881
2.78696 1.80856
2.88649 0.523426
2.98603 -1.26694
3.08556 -3.25687
3.1851 -5.00263
3.28463 -6.01418
3.38416 -5.88365
3.4837 -4.41579
3.58323 -1.71852
3.68277 1.78202
3.7823 5.41743
3.88184 8.43043
3.98137 10.1652
4.0809 10.2381
4.18044 8.63531
4.27997 5.70615
4.37951 2.05462
4.47904 -1.63395
4.57858 -4.77309
4.67811 -7.00413
4.77764 -8.23703
4.87718 -8.60025
4.97671 -8.33038
5.07625 -7.65187
5.17578 -6.69521
5.27532 -5.48098
5.37485 -3.96593
5.47438 -2.12075
5.57392 0.00206904
5.67345 2.24381
5.77299 4.36885
5.87252 6.13203
5.97206 7.35154
6.07159 7.95382
6.17112 7.9731
6.27066 7.51044
6.37019 6.67667
6.46973 5.54922
6.56926 4.16316
6.6688 2.53763
6.76833 0.719185
6.86786 -1.1851
6.9674 -3.00664
7.06693 -4.55143
7.16647 -5.65833
7.266 -6.25271
7.36553 -6.36936
7.46507 -6.13283
7.5646 -5.70314
7.66414 -5.2105
7.76367 -4.70757
7.86321 -4.1589
7.96274 -3.47029
8.06227 -2.54314
8.16181 -1.32941
8.26134 0.135554
8.36088 1.73374
8.46041 3.29528
8.55995 4.64452
8.65948 5.64316
8.75901 6.21669
8.85855 6.35937
8.95808 6.1218
9.05762 5.58925
9.15715 4.85901
9.25669 4.02139
9.35622 3.14602
9.45575 2.2736
9.55529 1.41362
9.65482 0.549756
9.75436 -0.34664
9.85389 -1.29698
9.95343 -2.29572
10.053 -3.29845
10.1525 -4.2241
10.252 -4.97268
10.3516 -5.45302
10.4511 -5.6103
10.5506 -5.44232
10.6502 -4.99819
10.7497 -4.36043
10.8492 -3.61844
10.9488 -2.84419
11.0483 -2.07903
11.1478 -1.33453
11.2474 -0.603803
11.3469 0.124028
11.4464 0.853199
11.546 1.5778
11.6455 2.28404
11.745 2.95412
11.8446 3.56808
11.9441 4.10253
12.0436 4.5289
12.1432 4.8144
12.2427 4.92796
12.3422 4.84968
12.4418 4.57936
12.5413 4.13916
12.6409 3.56792
12.7404 2.90891
12.8399 2.19659
12.9395 1.44881
13.039 0.668251
13.1385 -0.147692
13.2381 -0.994038
13.3376 -1.84904
13.4371 -2.67362
13.5367 -3.41954
13.6362 -4.04213
13.7357 -4.511
13.8353 -4.814
13.9348 -4.95329
14.0343 -4.93705
14.1339 -4.77214
14.2334 -4.46216
14.3329 -4.01167
14.4325 -3.43343
14.532 -2.75361
14.6315 -2.01107
14.7311 -1.25
14.8306 -0.509346
14.9301 0.18584
15.0297 0.826941
15.1292 1.4171
15.2287 1.96219
15.3283 2.46232
15.4278 2.90819
15.5273 3.28371
15.6269 3.5728
15.7264 3.76624
15.8259 3.86471
15.9255 3.87662
16.025 3.81239
16.1245 3.67885
16.2241 3.47703
16.3236 3.20443
16.4232 2.86027
16.5227 2.45023
16.6222 1.98795
16.7218 1.49207
16.8213 0.980674
16.9208 0.466089
17.0204 -0.0469218
17.1199 -0.558766
17.2194 -1.06984
17.319 -1.57552
17.4185 -2.06406
17.518 -2.51835
17.6176 -2.92048
17.7171 -3.25624
17.8166 -3.51746
17.9162 -3.70099
18.0157 -3.80556
18.1152 -3.82876
18.2148 -3.76614
18.3143 -3.61319
18.4138 -3.36907
18.5134 -3.03982
18.6129 -2.6391
18.7124 -2.18573
18.812 -1.69921
18.9115 -1.19532
19.011 -0.68383
19.1106 -0.169274
19.2101 0.346021
19.3096 0.85841
19.4092 1.36074
19.5087 1.84239
19.6082 2.29113
19.7078 2.69544
19.8073 3.04605
19.9069 3.33591
20.0064 3.55918
20.1059 3.71016
20.2055 3.78315
20.305 3.77356
20.4045 3.67957
20.5041 3.50339
20.6036 3.25115
20.7031 2.93157
20.8027 2.55393
20.9022 2.12668
21.0017 1.65735
21.1013 1.15386
21.2008 0.62632
21.3003 0.0880944
21.3999 -0.444688
21.4994 -0.95529
21.5989 -1.4293
21.6985 -1.85703
21.798 -2.23429
21.8975 -2.56125
21.9971 -2.83999
22.0966 -3.0718
22.1961 -3.2556
22.2957 -3.38783
22.3952 -3.46369
22.4947 -3.47891
22.5943 -3.43125
22.6938 -3.32095
22.7933 -3.15036
22.8929 -2.92295
22.9924 -2.64242
23.0919 -2.31228
23.1915 -1.93596
23.291 -1.51736
23.3905 -1.06156
23.4901 -0.575401
23.5896 -0.067949
23.6892 0.449237
23.7887 0.962136
23.8882 1.45472
23.9878 1.91005
24.0873 2.31186
24.1868 2.64664
24.2864 2.90534
24.3859 3.08458
24.4854 3.18658
24.585 3.21813
24.6845 3.18876
24.784 3.10883
24.8836 2.98791
24.9831 2.83383
25.0826 2.6522
25.1822 2.44637
25.2817 2.21749
25.3812 1.96485
25.4808 1.68647
25.5803 1.38032
25.6798 1.04585
25.7794 0.685499
25.8789 0.305588
25.9784 -0.0840855
26.078 -0.471891
26.1775 -0.846837
26.277 -1.20087
26.3766 -1.53
26.4761 -1.83364
26.5756 -2.1124
26.6752 -2.36523
26.7747 -2.58727
26.8742 -2.76935
26.9738 -2.89969
27.0733 -2.96695
27.1729 -2.9637
27.2724 -2.88874
27.3719 -2.74748
27.4715 -2.5505
27.571 -2.31077
27.6705 -2.04091
27.7701 -1.75136
27.8696 -1.4499
27.9691 -1.14227
28.0687 -0.833171
28.1682 -0.526945
28.2677 -0.227576
28.3673 0.061859
28.4668 0.339817
28.5663 0.606438
28.6659 0.862967
28.7654 1.11057
28.8649 1.349
28.9645 1.57567
29.064 1.78545
29.1635 1.97136
29.2631 2.12572
29.3626 2.24165
29.4621 2.31432
29.5617 2.34197
29.6612 2.32623
29.7607 2.27194
29.8603 2.18627
29.9598 2.07722
30.0593 1.95172
30.1589 1.81396
30.2584 1.66428
30.3579 1.49946
30.4575 1.31422
30.557 1.10367
30.6566 0.865782
30.7561 0.602854
30.8556 0.321411
30.9552 0.0305363
31.0547 -0.260574
31.1542 -0.544702
31.2538 -0.817367
31.3533 -1.07599
31.4528 -1.31799
31.5524 -1.53901
31.6519 -1.73227
31.7514 -1.8898
31.851 -2.00483
31.9505 -2.07446
32.05 -2.10109
32.1496 -2.09178
32.2491 -2.05572
32.3486 -2.0009
32.4482 -1.93131
32.5477 -1.84616
32.6472 -1.7411
32.7468 -1.61107
32.8463 -1.45317
32.9458 -1.26842
33.0454 -1.06158
33.1449 -0.839454
33.2444 -0.608603
33.344 -0.373625
33.4435 -0.13684
33.543 0.100684
33.6426 0.337428
33.7421 0.570008
33.8416 0.792762
33.9412 0.998501
34.0407 1.18
34.1402 1.33154
34.2398 1.44991
34.3393 1.53456
34.4389 1.58724
34.5384 1.6113
34.6379 1.61098
34.7375 1.59092
34.837 1.55557
34.9365 1.50851
35.0361 1.45171
35.1356 1.38498
35.2351 1.30599
35.3347 1.21102
35.4342 1.09632
35.5337 0.959729
35.6333 0.801797
35.7328 0.626091
35.8323 0.438504
35.9319 0.245939
36.0314 0.0549351
36.1309 -0.129261
36.2305 -0.302916
36.33 -0.46347
36.4295 -0.608986
36.5291 -0.737772
36.6286 -0.848337
36.7281 -0.939599
36.8277 -1.0111
36.9272 -1.06305
37.0267 -1.09605
37.1263 -1.11084
37.2258 -1.10809
37.3253 -1.0885
37.4249 -1.05309
37.5244 -1.00343
37.6239 -0.941702
37.7235 -0.870362
37.823 -0.79163
37.9226 -0.707064
38.0221 -0.617475
38.1216 -0.523253
38.2212 -0.424933
38.3207 -0.323669
38.4202 -0.221334
38.5198 -0.120189
38.6193 -0.0222951
38.7188 0.0709725
38.8184 0.159022
38.9179 0.241701
39.0174 0.318723
39.117 0.389204
39.2165 0.451612
39.316 0.504172
39.4156 0.545492
39.5151 0.575056
39.6146 0.593283
39.7142 0.601132
39.8137 0.599471
39.9132 0.588606
40.0128 0.56825
40.1123 0.537973
40.2118 0.497878
40.3114 0.449135
40.4109 0.394041
40.5104 0.335569
40.61 0.27662
40.7095 0.219342
40.809 0.164844
40.9086 0.11337
41.0081 0.0647863
41.1076 0.0190733
41.2072 -0.0234423
41.3067 -0.0621802
41.4062 -0.0965981
41.5058 -0.126447
41.6053 -0.151814
41.7049 -0.172936
41.8044 -0.189927
41.9039 -0.202629
42.0035 -0.210691
42.103 -0.213855
42.2025 -0.212246
42.3021 -0.206494
42.4016 -0.197585
42.5011 -0.186517
42.6007 -0.17397
42.7002 -0.160173
42.7997 -0.145044
42.8993 -0.128515
42.9988 -0.110821
43.0983 -0.0925935
43.1979 -0.0746843
43.2974 -0.0578441
43.3969 -0.0424488
43.4965 -0.0284424
43.596 -0.0155262
43.6955 -0.00347044
43.7951 0.00765065
43.8946 0.0174455
43.9941 0.0254206
44.0937 0.0312858
44.1932 0.0351561
44.2927 0.0375202
44.3923 0.0389949
44.4918 0.0400131
44.5913 0.040637
44.6909 0.0406067
44.7904 0.0395884
44.8899 0.0374633
44.9895 0.0344757
45.089 0.0311482
45.1886 0.0280183
45.2881 0.0253623
45.3876 0.0230769
45.4872 0.0207921
45.5867 0.0181422
45.6862 0.0150255
45.7858 0.0116926
45.8853 0.00860983
45.9848 0.00618561
46.0844 0.0045326
46.1839 0.00341219
46.2834 0.00239518
46.383 0.00113585
46.4825 -0.000412134
46.582 -0.00197201
46.6816 -0.00312545
46.7811 -0.00358385
46.8806 -0.00337906
46.9802 -0.00285446
47.0797 -0.00246251
47.1792 -0.00249574
47.2788 -0.00291854
47.3783 -0.00340347
47.4778 -0.00354788
47.5774 -0.00313464
47.6769 -0.00227446
47.7764 -0.00134221
47.876 -0.000748521
47.9755 -0.000690152
48.075 -0.00103462
48.1746 -0.00140985
48.2741 -0.0014414
48.3736 -0.000988248
48.4732 -0.000230353
48.5727 0.000445558
48.6723 0.000689176
48.7718 0.00040617
48.8713 -0.000182793
48.9709 -0.000679513
49.0704 -0.000755444
49.1699 -0.000353983
49.2695 0.000277831
49.369 0.000746842
49.4685 0.000761138
49.5681 0.000312523
49.6676 -0.000319224
49.7671 -0.000741864
49.8667 -0.000695488
49.9662 -0.000213561
50.0657 0.000399701
50.1653 0.000760482
50.2648 0.000644973
50.3643 0.000127834
50.4639 -0.000466181
50.5634 -0.000766188
50.6629 -0.000586715
50.7625 -4.23165e-05
50.862 0.000525515
50.9615 0.000762533
51.0611 0.000522701
51.1606 -4.18646e-05
51.2601 -0.000577344
51.3597 -0.000749922
51.4592 -0.00045385
51.5587 0.000123791
51.6583 0.000621272
51.7578 0.000728704
51.8573 0.000381037
51.9569 -0.000202597
52.0564 -0.000656974
52.1559 -0.000699292
52.2555 -0.000305155
52.355 0.000277466
52.4546 0.000684214
52.5541 0.000662173
52.6536 0.000227107
52.7532 -0.000347638
52.8527 -0.000702845
52.9522 -0.000617905
53.0518 -0.000147807
53.1513 0.000412413
53.2508 0.000712815
53.3504 0.00056711
53.4499 6.81651e-05
53.5494 -0.00047116
53.649 -0.000714161
53.7485 -0.000510472
53.848 1.09173e-05
53.9476 0.000523318
54.0471 0.000707015
54.1466 0.000448726
54.2462 -8.85586e-05
54.3457 -0.00056841
54.4452 -0.000691595
54.5448 -0.000382652
54.6443 0.000163905
54.7438 0.000606037
54.8434 0.000668204
54.9429 0.000313063
55.0424 -0.00023614
55.142 -0.000635887
55.2415 -0.000637228
55.341 -0.000240802
55.4406 0.000304489
55.5401 0.000657735
55.6396 0.000599131
55.7392 0.000166728
55.8387 -0.000368233
55.9383 -0.000671449
56.0378 -0.000554445
56.1373 -9.17082e-05
56.2369 0.000426709
56.3364 0.000676983
56.4359 0.000503769
56.5355 1.66119e-05
56.635 -0.000479321
56.7345 -0.000674382
56.8341 -0.000447762
56.9336 5.7703e-05
57.0331 0.000525544
57.1327 0.000663781
57.2322 0.00038713
57.3317 -0.000130396
57.4313 -0.000564928
57.5308 -0.000645399
57.6303 -0.000322625
57.7299 0.000200655
57.8294 0.000597104
57.9289 0.00061954
58.0285 0.000255031
58.128 -0.000267701
58.2275 -0.000621787
58.3271 -0.000586586
58.4266 -0.000185161
58.5261 0.000330801
58.6257 0.000638775
58.7252 0.000546994
58.8247 0.000113842
58.9243 -0.000389271
59.0238 -0.000647956
59.1233 -0.00050129
59.2229 -4.19104e-05
59.3224 0.000442486
59.422 0.000649304
59.5215 0.000450063
59.621 -2.97982e-05
59.7206 -0.000489886
59.8201 -0.000642882
59.9196 -0.000393958
60.0192 0.000100459
60.1187 0.000530978
60.2182 0.000628836
60.3178 0.000333669
60.4173 -0.000169264
60.5168 -0.000565345
60.6164 -0.000607399
60.7159 -0.00026993
60.8154 0.000235435
60.915 0.00059265
61.0145 0.000578883
61.114 0.000203509
61.2136 -0.000298229
61.3131 -0.000612636
61.4126 -0.000543677
61.5122 -0.000135197
61.6117 0.000356945
61.7112 0.000625129
61.8108 0.000502242
61.9103 6.58019e-05
62.0098 -0.000410934
62.1094 -0.000630043
62.2089 -0.000455108
62.3084 3.86356e-06
62.408 0.000459604
62.5075 0.000627377
62.607 0.000402861
62.7066 -7.29879e-05
62.8061 -0.000502427
62.9056 -0.000617213
63.0052 -0.000346146
63.1047 0.000140771
63.2043 0.000538945
63.3038 0.000599719
63.4033 0.00028565
63.5029 -0.000206434
63.6024 -0.000568772
63.7019 -0.000575146
63.8015 -0.000222101
63.901 0.000269224
64.0005 0.000591603
64.1001 0.000543822
64.1996 0.000156258
64.2991 -0.000328426
64.3987 -0.000607209
64.4982 -0.000506149
64.5977 -8.89007e-05
64.6973 0.00038337
64.7968 0.000615449
64.8963 0.0004626
64.9959 2.08229e-05
65.0954 -0.000433436
65.1949 -0.000616262
65.2945 -0.000413713
65.394 4.71772e-05
65.4935 0.000478063
65.5931 0.000609675
65.6926 0.000360083
65.7921 -0.000114306
65.8917 -0.000516753
65.9912 -0.000595796
66.0907 -0.000302358
66.1903 0.000179781
66.2898 0.00054908
66.3893 0.000574818
66.4889 0.000241229
66.5884 -0.000242845
66.688 -0.000574689
66.7875 -0.000547012
66.887 -0.000177423
66.9866 0.000302767
67.0861 0.000593304
67.1856 0.000512728
67.2852 0.000111697
67.3847 -0.000358856
67.4842 -0.00060473
67.5838 -0.000472387
67.6833 -4.48272e-05
67.7828 0.000410466
67.8824 0.000608853
67.9819 0.00042648
68.0814 -2.24e-05
68.181 -0.000457005
68.2805 -0.000605644
68.38 -0.000375559
68.4796 8.91951e-05
68.5791 0.000497938
68.6786 0.000595158
68.7782 0.000320233
68.8777 -0.000154775
68.9772 -0.000532796
69.0768 -0.000577533
69.1763 -0.000261159
69.2758 0.000218372
69.3754 0.000561182
69.4749 0.000552988
69.5744 0.000199039
69.674 -0.000279243
69.7735 -0.000582772
69.873 -0.000521821
69.9726 -0.000134605
70.0721 0.000336674
70.1716 0.000597319
70.2712 0.000484406
70.3707 6.86192e-05
70.4703 -0.000389995
70.5698 -0.000604661
70.6693 -0.00044119
70.7689 -1.85796e-06
70.8684 0.00043858
70.9679 0.000604714
71.0675 0.000392683
71.167 -6.4892e-05
71.2665 -0.000481861
71.3661 -0.000597481
71.4656 -0.00033946
71.5651 0.000130845
71.6647 0.000519328
71.7642 0.000583048
71.8637 0.000282146
71.9633 -0.000195223
72.0628 -0.000550539
72.1623 -0.000561584
72.2619 -0.000221418
72.3614 0.000257267
72.4609 0.000575123
72.5605 0.00053334
72.66 0.000157989
72.7595 -0.000316244
72.8591 -0.000592787
72.9586 -0.000498643
73.0581 -9.26058e-05
73.1577 0.000371455
73.2572 0.000603315
73.3567 0.000457897
73.4563 2.60385e-05
73.5558 -0.000422244
73.6553 -0.000606576
73.7549 -0.000411575
73.8544 4.09279e-05
73.954 0.000468004
74.0535 0.000602519
74.153 0.000360218
74.2526 -0.000107503
74.3521 -0.000508188
74.4516 -0.000591182
74.5512 -0.000304423
74.6507 0.000172898
74.7502 0.000542308
74.8498 0.000572683
74.9493 0.000244842
75.0488 -0.000236336
75.1484 -0.000569949
75.2479 -0.000547226
75.3474 -0.000182172
75.447 0.000297063
75.5465 0.000590767
75.646 0.000515096
75.7456 0.000117148
75.8451 -0.000354351
75.9446 -0.000604498
76.0442 -0.000476655
76.1437 -5.05327e-05
76.2432 0.000407512
76.3428 0.000610958
76.4423 0.000432342
76.5418 -1.68868e-05
76.6414 -0.000455903
76.7409 -0.000610049
76.8404 -0.000382663
76.94 8.43133e-05
77.0395 0.000498932
77.139 0.000601756
77.2386 0.00032819
77.3381 -0.000150946
77.4377 -0.000536071
77.5372 -0.000586152
77.6367 -0.000269553
77.7363 0.000215989
77.8358 0.000566854
77.9353 0.000563395
78.0349 0.000207434
78.1344 -0.000278664
78.2339 -0.000590892
78.3335 -0.000533726
78.433 -0.000142557
78.5325 0.000338213
78.6321 0.000607868
78.7316 0.000497469
78.8311 7.56844e-05
78.9307 -0.000393913
79.0302 -0.000617551
79.1297 -0.000455027
79.2293 -7.60409e-06
79.3288 0.000445083
79.4283 0.000619789
79.5279 0.000406878
79.6274 -6.08769e-05
79.7269 -0.00049109
79.8265 -0.00061452
79.926 -0.000353569
80.0255 0.000128942
80.1251 0.000531357
80.2246 0.00060177
80.3241 0.000295711
80.4237 -0.000195776
80.5232 -0.000565374
80.6227 -0.000581652
80.7223 -0.000233972
80.8218 0.00026057
80.9213 0.000592699
81.0209 0.000554366
81.1204 0.000169072
81.22 -0.000322538
81.3195 -0.000612967
81.419 -0.0005202
81.5186 -0.000101771
81.6181 0.000380918
81.7176 0.000625893
81.8172 0.000479524
81.9167 3.28636e-05
82.0162 -0.000434988
82.1158 -0.000631279
82.2153 -0.000432788
82.3148 3.68297e-05
82.4144 0.00048407
82.5139 0.000629014
82.6134 0.000380519
82.713 -0.000106474
82.8125 -0.000527542
82.912 -0.000619077
83.0116 -0.000323312
83.1111 0.000175228
83.2106 0.000564843
83.3102 0.000601539
83.4097 0.000261827
83.5092 -0.000242254
83.6088 -0.000595479
83.7083 -0.000576562
83.8078 -0.00019678
83.9074 0.000306729
84.0069 0.000619037
84.1064 0.000544399
84.206 0.000128939
84.3055 -0.000367851
84.405 -0.000635181
84.5046 -0.000505393
84.6041 -5.91079e-05
84.7037 0.000424854
84.8032 0.000643663
84.9027 0.000459972
85.0023 -1.18739e-05
85.1018 -0.000477012
85.2013 -0.000644326
85.3009 -0.000408645
85.4004 8.31467e-05
85.4999 0.000523654
85.5995 0.000637106
85.699 0.000352
85.7985 -0.000153838
85.8981 -0.000564167
85.9976 -0.000622036
86.0971 -0.000290696
86.1967 0.000223074
86.2962 0.000598007
86.3957 0.000599245
86.4953 0.000225454
86.5948 -0.000289989
86.6943 -0.000624709
86.7939 -0.000568958
86.8934 -0.000157055
86.9929 0.000353737
87.0925 0.000643889
87.192 0.000531498
87.2915 8.63251e-05
87.3911 -0.0004135
87.4906 -0.000655253
87.5901 -0.000487279
87.6897 -1.41319e-05
87.7892 0.000468504
87.8887 0.000658602
87.9883 0.000436806
88.0878 -5.86296e-05
88.1873 -0.000518021
88.2869 -0.000653836
88.3864 -0.000380671
88.486 0.000131045
88.5855 0.000561386
88.685 0.000640957
88.7846 0.000319544
88.8841 -0.000202194
88.9836 -0.000598006
89.0832 -0.000620072
89.1827 -0.00025417
89.2822 0.000271157
89.3818 0.000627364
89.4813 0.000591392
89.5808 0.000185359
89.6804 -0.000337032
89.7799 -0.000649032
89.8794 -0.000555236
89.979 -0.000113979
90.0785 0.000398946
90.178 0.000662678
90.2776 0.000512024
90.3771 4.09422e-05
90.4766 -0.000456062
90.5762 -0.00066807
90.6757 -0.000462279
90.7752 3.27985e-05
90.8748 0.000507597
90.9743 0.000665088
91.0738 0.000406622
91.1734 -0.000106267
91.2729 -0.000552831
91.3724 -0.000653722
91.472 -0.000345765
91.5715 0.000178474
91.671 0.000591119
91.7706 0.000634079
91.8701 0.000280504
91.9697 -0.000248431
92.0692 -0.000621903
92.1687 -0.000606389
92.2683 -0.000211716
92.3678 0.000315163
92.4673 0.000644722
92.5669 0.000570998
92.6664 0.000140342
92.7659 -0.000377725
92.8655 -0.000659226
92.965 -0.000528376
93.0645 -6.73828e-05
93.1641 0.000435213
93.2636 0.00066518
93.3631 0.000479112
93.4627 -6.11996e-06
93.5622 -0.000486789
93.6617 -0.000662481
93.7613 -0.000423907
93.8608 7.90948e-05
93.9603 0.000531688
94.0599 0.000651159
94.1594 0.000363573
94.2589 -0.000150459
94.3585 -0.000569242
94.458 -0.000631388
94.5575 -0.000299022
94.6571 0.00021914
94.7566 0.0005989
94.8561 0.000603493
94.9557 0.000231252
95.0552 -0.000284097
95.1547 -0.000620244
95.2543 -0.000567949
95.3538 -0.000161333
95.4534 0.000344352
95.5529 0.000633017
95.6524 0.000525388
95.752 9.03794e-05
95.8515 -0.000399026
95.951 -0.000637145
96.0506 -0.000476592
96.1501 -1.95185e-05
96.2496 0.000447386
96.3492 0.000632773
96.4487 0.000422485
96.5482 -5.01612e-05
96.6478 -0.000488908
96.7473 -0.000620295
96.8468 -0.000364111
96.9464 0.000117685
97.0459 0.000523371
97.1454 0.000600406
97.245 0.000302596
97.3445 -0.000182314
97.444 -0.000550986
97.5436 -0.000574158
97.6431 -0.000239068
97.7426 0.000243737
97.8422 0.000572616
97.9417 0.000543046
98.0412 0.000174514
98.1408 -0.000302415
98.2403 -0.000590119
98.3398 -0.000509119
98.4394 -0.0001095
98.5389 0.000360185
98.6384 0.000606966
98.738 0.000475152
98.8375 4.36047e-05
98.937 -0.000421425
99.0366 -0.000629364
99.1361 -0.000444885
99.2357 2.5772e-05
99.3352 0.000495391
99.4347 0.000668479
99.5343 0.000423378
99.6338 -0.000106063
99.7333 -0.000601265
99.8329 -0.000745125
99.9324 -0.000417468
100.032 0.000215904
100.131 0.000779996
100.231 0.000900588
100.331 0.000436141
100.43 -0.000401909
100.53 -0.00112505
100.629 -0.00122451
100.729 -0.00048954
100.828 0.000788577
100.928 0.00187392
101.027 0.00193808
101.127 0.000579485
101.226 -0.0017541
101.326 -0.00373572
101.425 -0.00369586
101.525 -0.000634592
101.624 0.00469538
101.724 0.00924954
101.824 0.00826453
