0.0 0.263858127533
0.09277 0.606409653551
0.18554 0.912285728368
0.27831 1.13249004227
0.37108 1.23405993545
0.46385 1.21216253446
0.55662 1.08996880652
0.64939 0.906950574051
0.74216 0.701330303238
0.83493 0.494546034412
0.9277 0.285194803605
1.02047 0.0555694818928
1.11324 -0.212469558368
1.20601 -0.519386700593
1.29878 -0.835860283355
1.39155 -1.10353540689
1.48432 -1.25023084457
1.57709 -1.21367523995
1.66986 -0.961574523754
1.76263 -0.498962347744
1.8554 0.134252323894
1.94817 0.867278364032
2.04094 1.6011614507
2.13371 2.21260305768
2.22648 2.56106356976
2.31925 2.50274475236
2.41202 1.91774288895
2.50479 0.750623115277
2.59756 -0.947844468989
2.69033 -2.99580211709
2.7831 -5.0839272332
2.87587 -6.81007910986
2.96864 -7.74303175221
3.06141 -7.51061942406
3.15418 -5.90224310366
3.24695 -2.96273496918
3.33972 0.959901671851
3.43249 5.24679569417
3.52526 9.12623906585
3.61803 11.8479153758
3.7108 12.8626308149
3.80357 11.9556535584
3.89634 9.29613283867
3.98911 5.38907077518
4.08188 0.943799018298
4.17465 -3.30252997463
4.26742 -6.75383141956
4.36019 -9.06682386778
4.45296 -10.1769274584
4.54573 -10.24136412
4.6385 -9.5311410288
4.73127 -8.31730635429
4.82404 -6.79290613439
4.91681 -5.05279158318
5.00958 -3.12625403185
5.10235 -1.03572564642
5.19512 1.15124559934
5.28789 3.30038943635
5.38066 5.22677659461
5.47343 6.7399678746
5.5662 7.6986854072
5.65897 8.05225330118
5.75174 7.85149559981
5.84451 7.22431525684
5.93728 6.3264214345
6.03005 5.28843444461
6.12282 4.18159562812
6.21559 3.01520142239
6.30836 1.76418909051
6.40113 0.411906505755
6.4939 -1.01330303574
6.58667 -2.42542938369
6.67944 -3.69804194067
6.77221 -4.70386125669
6.86498 -5.35964670042
6.95775 -5.6575502339
7.05052 -5.66963541907
7.14329 -5.52253327672
7.23606 -5.35073454288
7.32883 -5.24554950228
7.4216 -5.21901523613
7.51437 -5.19683942739
7.60714 -5.04330930956
7.69991 -4.60881582373
7.79268 -3.78244605664
7.88545 -2.53105146423
7.97822 -0.91247178032
8.07099 0.93912798508
8.16376 2.84816911916
8.25653 4.63940006348
8.3493 6.172433059
8.44207 7.35929225495
8.53484 8.16255157091
8.62761 8.57906398504
8.72038 8.61902552941
8.81315 8.29070171262
8.90592 7.59743358533
8.99869 6.54709822188
9.09146 5.16797729289
9.18423 3.52205650133
9.277 1.70824863421
9.36977 -0.147307283126
9.46254 -1.91106879621
9.55531 -3.46522207893
9.64808 -4.72662062332
9.74085 -5.65625169017
9.83362 -6.2575833387
9.92639 -6.56573055538
10.01916 -6.63183584641
10.11193 -6.50778952557
10.2047 -6.23531432167
10.29747 -5.8411215367
10.39024 -5.33759591059
10.48301 -4.72722062527
10.57578 -4.00876341916
10.66855 -3.18363041662
10.76132 -2.2612523691
10.85409 -1.26266351147
10.94686 -0.221535355154
11.03963 0.817969597848
11.1324 1.80664375544
11.22517 2.69798059161
11.31794 3.45602133626
11.41071 4.06068663483
11.50348 4.50870483752
11.59625 4.80981723849
11.68902 4.97971887339
11.78179 5.03249383147
11.87456 4.97554397731
11.96733 4.8089383624
12.0601 4.52911766927
12.15287 4.13489670843
12.24564 3.63269550028
12.33841 3.0384024762
12.43118 2.3750014154
12.52395 1.66725186286
12.61672 0.93622238735
12.70949 0.196535215035
12.80226 -0.5422605257
12.89503 -1.27096818946
12.9878 -1.97528049164
13.08057 -2.63269685293
13.17334 -3.21387532253
13.26611 -3.68832542909
13.35888 -4.03217499337
13.45165 -4.23461848524
13.54442 -4.30014999233
13.63719 -4.24558075693
13.72996 -4.09322101618
13.82273 -3.86331178099
13.9155 -3.56900492564
14.00827 -3.2158442131
14.10104 -2.80548918964
14.19381 -2.34143254105
14.28658 -1.83364076354
14.37935 -1.29974251249
14.47212 -0.762192420217
14.56489 -0.24282224472
14.65766 0.242615343821
14.75043 0.68743622499
14.8432 1.09338424175
14.93597 1.46697114599
15.02874 1.81474395236
15.12151 2.1397006524
15.21428 2.44023586978
15.30705 2.71155925555
15.39982 2.94827529544
15.49259 3.14637969129
15.58536 3.30348175549
15.67813 3.41724070393
15.7709 3.48312964398
15.86367 3.49309692284
15.95644 3.43624768864
16.04921 3.3015808495
16.14198 3.08168799432
16.23475 2.77575894642
16.32752 2.39053556682
16.42029 1.93884232031
16.51306 1.43647245211
16.60583 0.898926959425
16.6986 0.339440202256
16.79137 -0.231049437366
16.88414 -0.802377788216
16.97691 -1.36324769554
17.06968 -1.90021006798
17.16245 -2.39823403966
17.25522 -2.8426532973
17.34799 -3.22152116717
17.44076 -3.52720211381
17.53353 -3.7564522864
17.6263 -3.90904102798
17.71907 -3.98569950167
17.81184 -3.98647057071
17.90461 -3.91025139906
17.99738 -3.75565123344
18.09015 -3.52260879019
18.18292 -3.21388352431
18.27569 -2.8356980785
18.36846 -2.39733288873
18.46123 -1.91003779592
18.554 -1.38591091124
18.64677 -0.837265067664
18.73954 -0.276571308652
18.83231 0.28337489882
18.92508 0.829590174354
19.01785 1.34965510111
19.11062 1.83292751444
19.20339 2.2716383358
19.29616 2.66119302611
19.38893 2.99933164421
19.4817 3.284404993
19.57447 3.51357166098
19.66724 3.68188378157
19.76001 3.78287413926
19.85278 3.81053096741
19.94555 3.76181204799
20.03832 3.63849737632
20.13109 3.44741861617
20.22386 3.19884142017
20.31663 2.90365754722
20.4094 2.5706267444
20.50217 2.20489499053
20.59494 1.80840636483
20.68771 1.38192300687
20.78048 0.927622042305
20.87325 0.451017331153
20.96602 -0.0386468216819
21.05879 -0.529585727305
21.15156 -1.00952989868
21.24433 -1.46757399047
21.3371 -1.89497807282
21.42987 -2.28474652442
21.52264 -2.63053167388
21.61541 -2.92578467105
21.70818 -3.16389838575
21.80095 -3.33945695375
21.89372 -3.44997712928
21.98649 -3.49711264325
22.07926 -3.48644534789
22.17203 -3.42565432465
22.2648 -3.32170339522
22.35757 -3.17827551932
22.45034 -2.99468697473
22.54311 -2.76690317896
22.63588 -2.49033129663
22.72865 -2.16323550676
22.82142 -1.78930963701
22.91419 -1.37829884753
23.00696 -0.944415435469
23.09973 -0.503239207091
23.1925 -0.0683943797098
23.28527 0.350704163407
23.37804 0.749304822446
23.47081 1.12607050192
23.56358 1.48091711041
23.65635 1.8129859584
23.74912 2.11955133416
23.84189 2.39609886821
23.93466 2.63723967064
24.02743 2.83782708598
24.1202 2.99371964868
24.21297 3.10197927178
24.30574 3.16067319102
24.39851 3.16864065692
24.49128 3.12550560646
24.58405 3.03195131269
24.67682 2.89001619259
24.76959 2.70309911407
24.86236 2.47553039308
24.95513 2.21186783486
25.0479 1.91631878105
25.14067 1.59269792037
25.23344 1.2450674634
25.32621 0.878796347142
25.41898 0.501445770991
25.51175 0.122845179035
25.60452 -0.245968758979
25.69729 -0.594739623957
25.79006 -0.916184577442
25.88283 -1.2074564466
25.9756 -1.47015064896
26.06837 -1.70870609887
26.16114 -1.92773248965
26.25391 -2.12927764205
26.34668 -2.31110396376
26.43945 -2.46664495527
26.53222 -2.58664190266
26.62499 -2.66181685323
26.71776 -2.685594096
26.81053 -2.65595966394
26.9033 -2.57596928566
26.99607 -2.45295678069
27.08884 -2.2969088054
27.18161 -2.11860648339
27.27438 -1.92799663495
27.36715 -1.73298493782
27.45992 -1.53862112552
27.55269 -1.34658926685
27.64546 -1.15501804747
27.73823 -0.95877235093
27.831 -0.750432504226
27.92377 -0.521995010345
28.01654 -0.267225870795
28.10931 0.0160732534198
28.20208 0.324569289425
28.29485 0.649111762865
28.38762 0.975907145498
28.48039 1.28885958023
28.57316 1.57239390895
28.66593 1.81394958643
28.7587 2.00551719422
28.85147 2.14398910183
28.94424 2.23052524733
29.03701 2.26940662187
29.12978 2.26686537212
29.22255 2.23017585896
29.31532 2.16700561068
29.40809 2.08482613921
29.50086 1.99017681169
29.59363 1.887751965
29.6864 1.77952882047
29.77917 1.6643171178
29.87194 1.53807901428
29.96471 1.3951301172
30.05748 1.22998797281
30.15025 1.03934063765
30.24302 0.823505114939
30.33579 0.586889243144
30.42856 0.337307808717
30.52133 0.0843979938263
30.6141 -0.162326455934
30.70687 -0.395159243031
30.79964 -0.609147759075
30.89241 -0.80213116785
30.98518 -0.974034560788
31.07795 -1.12581690512
31.17072 -1.25852350267
31.26349 -1.37276464781
31.35626 -1.46870147633
31.44903 -1.5463764558
31.5418 -1.60608133457
31.63457 -1.648464988
31.72734 -1.67423733802
31.82011 -1.68355426736
31.91288 -1.67537219279
32.00565 -1.64714752709
32.09842 -1.5951771949
32.19119 -1.51564781853
32.28396 -1.40616217479
32.37673 -1.26725858769
32.4695 -1.10334383122
32.56227 -0.922584208551
32.65504 -0.735622132002
32.74781 -0.553401985262
32.84058 -0.384743339365
32.93335 -0.234443959312
33.02612 -0.102553466781
33.11889 0.0149336010505
33.21166 0.124217715758
33.30443 0.231334686285
33.3972 0.340124737891
33.48997 0.451198263911
33.58274 0.562150757065
33.67551 0.668783518042
33.76828 0.766718472922
33.86105 0.852705467905
33.95382 0.925135442088
34.04659 0.983684549237
34.13936 1.02842920019
34.23213 1.05900024881
34.3249 1.07428642303
34.41767 1.07288784574
34.51044 1.05411258549
34.60321 1.01900037457
34.69598 0.970798191327
34.78875 0.914534821729
34.88152 0.85574550773
34.97429 0.798797352849
35.06706 0.745476338293
35.15983 0.694419275502
35.2526 0.641641484244
35.34537 0.581970425641
35.43814 0.51083941729
35.53091 0.425774295981
35.62368 0.327062275124
35.71645 0.217447125648
35.80922 0.101087899044
35.90199 -0.0177172313607
35.99476 -0.135505647729
36.08753 -0.249977844439
36.1803 -0.359649220767
36.27307 -0.463096372902
36.36584 -0.558224661338
36.45861 -0.6419444886
36.55138 -0.710441880626
36.64415 -0.759962523808
36.73692 -0.787812650598
36.82969 -0.793198246664
36.92246 -0.777596302587
37.01523 -0.744534662144
37.108 -0.698868379376
37.20077 -0.645797879545
37.29354 -0.58992753724
37.38631 -0.534609537076
37.47908 -0.48169424165
37.57185 -0.43167015204
37.66462 -0.384072562009
37.75739 -0.337995298963
37.85016 -0.292552825807
37.94293 -0.247190332288
38.0357 -0.201802025451
38.12847 -0.156673155037
38.22124 -0.112299950387
38.31401 -0.0691621486442
38.40678 -0.027526745911
38.49955 0.0126500899236
38.59232 0.0516833085105
38.68509 0.0899827097717
38.77786 0.127788421313
38.87063 0.164906086648
38.9634 0.200545631638
39.05617 0.233347388762
39.14894 0.261622692891
39.24171 0.283757870579
39.33448 0.298658862148
39.42725 0.306079807561
39.52002 0.3067036249
39.61279 0.301924669295
39.70556 0.29339622345
39.79833 0.282504595087
39.8911 0.269972816293
39.98387 0.255756375466
40.07664 0.23928063007
40.16941 0.219927055083
40.26218 0.197562860273
40.35495 0.172877175349
40.44772 0.147356477947
40.54049 0.122878722596
40.63326 0.101070694766
40.72603 0.0826858791417
40.8188 0.0672690042907
40.91157 0.0532695062723
41.00434 0.0385890510598
41.09711 0.0213706007924
41.18988 0.000733253281179
41.28265 -0.022827147488
41.37542 -0.0475225048137
41.46819 -0.0708043940433
41.56096 -0.0901365378702
41.65373 -0.103720183291
41.7465 -0.110921955732
41.83927 -0.112287247024
41.93204 -0.109190389347
42.02481 -0.103303325031
42.11758 -0.0961063398422
42.21035 -0.088609427554
42.30312 -0.0813357550129
42.39589 -0.0744980763756
42.48866 -0.0682285716996
42.58143 -0.0627273821044
42.6742 -0.0582626115557
42.76697 -0.0550445962944
42.85974 -0.0530637327514
42.95251 -0.051994582477
43.04528 -0.0512287128571
43.13805 -0.0500302964331
43.23082 -0.0477484200455
43.32359 -0.0439969661064
43.41636 -0.0387343374953
43.50913 -0.0322261248482
43.6019 -0.0249261963437
43.69467 -0.0173401353356
43.78744 -0.00992876606545
43.88021 -0.0030765134021
43.97298 0.00289012505797
44.06575 0.00767351361216
44.15852 0.0110037851032
44.25129 0.0126811202154
44.34406 0.012646156836
44.43683 0.0110422939052
44.5296 0.0082327919199
44.62237 0.00475405839593
44.71514 0.0012139521084
44.80791 -0.00183335265068
44.90068 -0.00399631561491
44.99345 -0.00510755597596
45.08622 -0.00522576696805
45.17899 -0.00458610971717
45.27176 -0.00352064767813
45.36453 -0.00237374311677
45.4573 -0.00143229674022
45.55007 -0.000881787050965
45.64284 -0.000790612202549
45.73561 -0.0011194886336
45.82838 -0.00174957465497
45.92115 -0.0025214503234
46.01392 -0.00327632668915
46.10669 -0.00389104635542
46.19946 -0.00430021342667
46.29223 -0.00450230435264
46.385 -0.00455094593641
46.47777 -0.00455094593641
46.57054 -0.00455094593641
46.66331 -0.00455094593641
46.75608 -0.00455094593641
46.84885 -0.00455094593641
46.94162 -0.00455094593641
47.03439 -0.00455094593641
47.12716 -0.00455094593641
47.21993 -0.00455094593641
47.3127 -0.00455094593641
47.40547 -0.00455094593641
47.49824 -0.00455094593641
47.59101 -0.00455094593641
47.68378 -0.00455094593641
47.77655 -0.00455094593641
47.86932 -0.00455094593641
47.96209 -0.00455094593641
48.05486 -0.00455094593641
48.14763 -0.00455094593641
48.2404 -0.00455094593641
48.33317 -0.00455094593641
48.42594 -0.00455094593641
48.51871 -0.00455094593641
48.61148 -0.00455094593641
48.70425 -0.00455094593641
48.79702 -0.00455094593641
48.88979 -0.00455094593641
48.98256 -0.00455094593641
49.07533 -0.00455094593641
49.1681 -0.00455094593641
49.26087 -0.00455094593641
49.35364 -0.00455094593641
49.44641 -0.00455094593641
49.53918 -0.00455094593641
49.63195 -0.00455094593641
49.72472 -0.00455094593641
49.81749 -0.00455094593641
49.91026 -0.00455094593641
50.00303 -0.00455094593641
50.0958 -0.00455094593641
50.18857 -0.00455094593641
50.28134 -0.00455094593641
50.37411 -0.00455094593641
50.46688 -0.00455094593641
50.55965 -0.00455094593641
50.65242 -0.00455094593641
50.74519 -0.00455094593641
50.83796 -0.00455094593641
50.93073 -0.00455094593641
51.0235 -0.00455094593641
51.11627 -0.00455094593641
51.20904 -0.00455094593641
51.30181 -0.00455094593641
51.39458 -0.00455094593641
51.48735 -0.00455094593641
51.58012 -0.00455094593641
51.67289 -0.00455094593641
51.76566 -0.00455094593641
51.85843 -0.00455094593641
51.9512 -0.00455094593641
52.04397 -0.00455094593641
52.13674 -0.00455094593641
52.22951 -0.00455094593641
52.32228 -0.00455094593641
52.41505 -0.00455094593641
52.50782 -0.00455094593641
52.60059 -0.00455094593641
52.69336 -0.00455094593641
52.78613 -0.00455094593641
52.8789 -0.00455094593641
52.97167 -0.00455094593641
53.06444 -0.00455094593641
53.15721 -0.00455094593641
53.24998 -0.00455094593641
53.34275 -0.00455094593641
53.43552 -0.00455094593641
53.52829 -0.00455094593641
53.62106 -0.00455094593641
53.71383 -0.00455094593641
53.8066 -0.00455094593641
53.89937 -0.00455094593641
53.99214 -0.00455094593641
54.08491 -0.00455094593641
54.17768 -0.00455094593641
54.27045 -0.00455094593641
54.36322 -0.00455094593641
54.45599 -0.00455094593641
54.54876 -0.00455094593641
54.64153 -0.00455094593641
54.7343 -0.00455094593641
54.82707 -0.00455094593641
54.91984 -0.00455094593641
55.01261 -0.00455094593641
55.10538 -0.00455094593641
55.19815 -0.00455094593641
55.29092 -0.00455094593641
55.38369 -0.00455094593641
55.47646 -0.00455094593641
55.56923 -0.00455094593641
55.662 -0.00455094593641
55.75477 -0.00455094593641
55.84754 -0.00455094593641
55.94031 -0.00455094593641
56.03308 -0.00455094593641
56.12585 -0.00455094593641
56.21862 -0.00455094593641
56.31139 -0.00455094593641
56.40416 -0.00455094593641
56.49693 -0.00455094593641
56.5897 -0.00455094593641
56.68247 -0.00455094593641
56.77524 -0.00455094593641
56.86801 -0.00455094593641
56.96078 -0.00455094593641
57.05355 -0.00455094593641
57.14632 -0.00455094593641
57.23909 -0.00455094593641
57.33186 -0.00455094593641
57.42463 -0.00455094593641
57.5174 -0.00455094593641
57.61017 -0.00455094593641
57.70294 -0.00455094593641
57.79571 -0.00455094593641
57.88848 -0.00455094593641
57.98125 -0.00455094593641
58.07402 -0.00455094593641
58.16679 -0.00455094593641
58.25956 -0.00455094593641
58.35233 -0.00455094593641
58.4451 -0.00455094593641
58.53787 -0.00455094593641
58.63064 -0.00455094593641
58.72341 -0.00455094593641
58.81618 -0.00455094593641
58.90895 -0.00455094593641
59.00172 -0.00455094593641
59.09449 -0.00455094593641
59.18726 -0.00455094593641
59.28003 -0.00455094593641
59.3728 -0.00455094593641
59.46557 -0.00455094593641
59.55834 -0.00455094593641
59.65111 -0.00455094593641
59.74388 -0.00455094593641
59.83665 -0.00455094593641
59.92942 -0.00455094593641
60.02219 -0.00455094593641
60.11496 -0.00455094593641
60.20773 -0.00455094593641
60.3005 -0.00455094593641
60.39327 -0.00455094593641
60.48604 -0.00455094593641
60.57881 -0.00455094593641
60.67158 -0.00455094593641
60.76435 -0.00455094593641
60.85712 -0.00455094593641
60.94989 -0.00455094593641
61.04266 -0.00455094593641
61.13543 -0.00455094593641
61.2282 -0.00455094593641
61.32097 -0.00455094593641
61.41374 -0.00455094593641
61.50651 -0.00455094593641
61.59928 -0.00455094593641
61.69205 -0.00455094593641
61.78482 -0.00455094593641
61.87759 -0.00455094593641
61.97036 -0.00455094593641
62.06313 -0.00455094593641
62.1559 -0.00455094593641
62.24867 -0.00455094593641
62.34144 -0.00455094593641
62.43421 -0.00455094593641
62.52698 -0.00455094593641
62.61975 -0.00455094593641
62.71252 -0.00455094593641
62.80529 -0.00455094593641
62.89806 -0.00455094593641
62.99083 -0.00455094593641
63.0836 -0.00455094593641
63.17637 -0.00455094593641
63.26914 -0.00455094593641
63.36191 -0.00455094593641
63.45468 -0.00455094593641
63.54745 -0.00455094593641
63.64022 -0.00455094593641
63.73299 -0.00455094593641
63.82576 -0.00455094593641
63.91853 -0.00455094593641
64.0113 -0.00455094593641
64.10407 -0.00455094593641
64.19684 -0.00455094593641
64.28961 -0.00455094593641
64.38238 -0.00455094593641
64.47515 -0.00455094593641
64.56792 -0.00455094593641
64.66069 -0.00455094593641
64.75346 -0.00455094593641
64.84623 -0.00455094593641
64.939 -0.00455094593641
65.03177 -0.00455094593641
65.12454 -0.00455094593641
65.21731 -0.00455094593641
65.31008 -0.00455094593641
65.40285 -0.00455094593641
65.49562 -0.00455094593641
65.58839 -0.00455094593641
65.68116 -0.00455094593641
65.77393 -0.00455094593641
65.8667 -0.00455094593641
65.95947 -0.00455094593641
66.05224 -0.00455094593641
66.14501 -0.00455094593641
66.23778 -0.00455094593641
66.33055 -0.00455094593641
66.42332 -0.00455094593641
66.51609 -0.00455094593641
66.60886 -0.00455094593641
66.70163 -0.00455094593641
66.7944 -0.00455094593641
66.88717 -0.00455094593641
66.97994 -0.00455094593641
67.07271 -0.00455094593641
67.16548 -0.00455094593641
67.25825 -0.00455094593641
67.35102 -0.00455094593641
67.44379 -0.00455094593641
67.53656 -0.00455094593641
67.62933 -0.00455094593641
67.7221 -0.00455094593641
67.81487 -0.00455094593641
67.90764 -0.00455094593641
68.00041 -0.00455094593641
68.09318 -0.00455094593641
68.18595 -0.00455094593641
68.27872 -0.00455094593641
68.37149 -0.00455094593641
68.46426 -0.00455094593641
68.55703 -0.00455094593641
68.6498 -0.00455094593641
68.74257 -0.00455094593641
68.83534 -0.00455094593641
68.92811 -0.00455094593641
69.02088 -0.00455094593641
69.11365 -0.00455094593641
69.20642 -0.00455094593641
69.29919 -0.00455094593641
69.39196 -0.00455094593641
69.48473 -0.00455094593641
69.5775 -0.00455094593641
69.67027 -0.00455094593641
69.76304 -0.00455094593641
69.85581 -0.00455094593641
69.94858 -0.00455094593641
70.04135 -0.00455094593641
70.13412 -0.00455094593641
70.22689 -0.00455094593641
70.31966 -0.00455094593641
70.41243 -0.00455094593641
70.5052 -0.00455094593641
70.59797 -0.00455094593641
70.69074 -0.00455094593641
70.78351 -0.00455094593641
70.87628 -0.00455094593641
70.96905 -0.00455094593641
71.06182 -0.00455094593641
71.15459 -0.00455094593641
71.24736 -0.00455094593641
71.34013 -0.00455094593641
71.4329 -0.00455094593641
71.52567 -0.00455094593641
71.61844 -0.00455094593641
71.71121 -0.00455094593641
71.80398 -0.00455094593641
71.89675 -0.00455094593641
71.98952 -0.00455094593641
72.08229 -0.00455094593641
72.17506 -0.00455094593641
72.26783 -0.00455094593641
72.3606 -0.00455094593641
72.45337 -0.00455094593641
72.54614 -0.00455094593641
72.63891 -0.00455094593641
72.73168 -0.00455094593641
72.82445 -0.00455094593641
72.91722 -0.00455094593641
73.00999 -0.00455094593641
73.10276 -0.00455094593641
73.19553 -0.00455094593641
73.2883 -0.00455094593641
73.38107 -0.00455094593641
73.47384 -0.00455094593641
73.56661 -0.00455094593641
73.65938 -0.00455094593641
73.75215 -0.00455094593641
73.84492 -0.00455094593641
73.93769 -0.00455094593641
74.03046 -0.00455094593641
74.12323 -0.00455094593641
74.216 -0.00455094593641
74.30877 -0.00455094593641
74.40154 -0.00455094593641
74.49431 -0.00455094593641
74.58708 -0.00455094593641
74.67985 -0.00455094593641
74.77262 -0.00455094593641
74.86539 -0.00455094593641
74.95816 -0.00455094593641
75.05093 -0.00455094593641
75.1437 -0.00455094593641
75.23647 -0.00455094593641
75.32924 -0.00455094593641
75.42201 -0.00455094593641
75.51478 -0.00455094593641
75.60755 -0.00455094593641
75.70032 -0.00455094593641
75.79309 -0.00455094593641
75.88586 -0.00455094593641
75.97863 -0.00455094593641
76.0714 -0.00455094593641
76.16417 -0.00455094593641
76.25694 -0.00455094593641
76.34971 -0.00455094593641
76.44248 -0.00455094593641
76.53525 -0.00455094593641
76.62802 -0.00455094593641
76.72079 -0.00455094593641
76.81356 -0.00455094593641
76.90633 -0.00455094593641
76.9991 -0.00455094593641
77.09187 -0.00455094593641
77.18464 -0.00455094593641
77.27741 -0.00455094593641
77.37018 -0.00455094593641
77.46295 -0.00455094593641
77.55572 -0.00455094593641
77.64849 -0.00455094593641
77.74126 -0.00455094593641
77.83403 -0.00455094593641
77.9268 -0.00455094593641
78.01957 -0.00455094593641
78.11234 -0.00455094593641
78.20511 -0.00455094593641
78.29788 -0.00455094593641
78.39065 -0.00455094593641
78.48342 -0.00455094593641
78.57619 -0.00455094593641
78.66896 -0.00455094593641
78.76173 -0.00455094593641
78.8545 -0.00455094593641
78.94727 -0.00455094593641
79.04004 -0.00455094593641
79.13281 -0.00455094593641
79.22558 -0.00455094593641
79.31835 -0.00455094593641
79.41112 -0.00455094593641
79.50389 -0.00455094593641
79.59666 -0.00455094593641
79.68943 -0.00455094593641
79.7822 -0.00455094593641
79.87497 -0.00455094593641
79.96774 -0.00455094593641
80.06051 -0.00455094593641
80.15328 -0.00455094593641
80.24605 -0.00455094593641
80.33882 -0.00455094593641
80.43159 -0.00455094593641
80.52436 -0.00455094593641
80.61713 -0.00455094593641
80.7099 -0.00455094593641
80.80267 -0.00455094593641
80.89544 -0.00455094593641
80.98821 -0.00455094593641
81.08098 -0.00455094593641
81.17375 -0.00455094593641
81.26652 -0.00455094593641
81.35929 -0.00455094593641
81.45206 -0.00455094593641
81.54483 -0.00455094593641
81.6376 -0.00455094593641
81.73037 -0.00455094593641
81.82314 -0.00455094593641
81.91591 -0.00455094593641
82.00868 -0.00455094593641
82.10145 -0.00455094593641
82.19422 -0.00455094593641
82.28699 -0.00455094593641
82.37976 -0.00455094593641
82.47253 -0.00455094593641
82.5653 -0.00455094593641
82.65807 -0.00455094593641
82.75084 -0.00455094593641
82.84361 -0.00455094593641
82.93638 -0.00455094593641
83.02915 -0.00455094593641
83.12192 -0.00455094593641
83.21469 -0.00455094593641
83.30746 -0.00455094593641
83.40023 -0.00455094593641
83.493 -0.00455094593641
83.58577 -0.00455094593641
83.67854 -0.00455094593641
83.77131 -0.00455094593641
83.86408 -0.00455094593641
83.95685 -0.00455094593641
84.04962 -0.00455094593641
84.14239 -0.00455094593641
84.23516 -0.00455094593641
84.32793 -0.00455094593641
84.4207 -0.00455094593641
84.51347 -0.00455094593641
84.60624 -0.00455094593641
84.69901 -0.00455094593641
84.79178 -0.00455094593641
84.88455 -0.00455094593641
84.97732 -0.00455094593641
85.07009 -0.00455094593641
85.16286 -0.00455094593641
85.25563 -0.00455094593641
85.3484 -0.00455094593641
85.44117 -0.00455094593641
85.53394 -0.00455094593641
85.62671 -0.00455094593641
85.71948 -0.00455094593641
85.81225 -0.00455094593641
85.90502 -0.00455094593641
85.99779 -0.00455094593641
86.09056 -0.00455094593641
86.18333 -0.00455094593641
86.2761 -0.00455094593641
86.36887 -0.00455094593641
86.46164 -0.00455094593641
86.55441 -0.00455094593641
86.64718 -0.00455094593641
86.73995 -0.00455094593641
86.83272 -0.00455094593641
86.92549 -0.00455094593641
87.01826 -0.00455094593641
87.11103 -0.00455094593641
87.2038 -0.00455094593641
87.29657 -0.00455094593641
87.38934 -0.00455094593641
87.48211 -0.00455094593641
87.57488 -0.00455094593641
87.66765 -0.00455094593641
87.76042 -0.00455094593641
87.85319 -0.00455094593641
87.94596 -0.00455094593641
88.03873 -0.00455094593641
88.1315 -0.00455094593641
88.22427 -0.00455094593641
88.31704 -0.00455094593641
88.40981 -0.00455094593641
88.50258 -0.00455094593641
88.59535 -0.00455094593641
88.68812 -0.00455094593641
88.78089 -0.00455094593641
88.87366 -0.00455094593641
88.96643 -0.00455094593641
89.0592 -0.00455094593641
89.15197 -0.00455094593641
89.24474 -0.00455094593641
89.33751 -0.00455094593641
89.43028 -0.00455094593641
89.52305 -0.00455094593641
89.61582 -0.00455094593641
89.70859 -0.00455094593641
89.80136 -0.00455094593641
89.89413 -0.00455094593641
89.9869 -0.00455094593641
90.07967 -0.00455094593641
90.17244 -0.00455094593641
90.26521 -0.00455094593641
90.35798 -0.00455094593641
90.45075 -0.00455094593641
90.54352 -0.00455094593641
90.63629 -0.00455094593641
90.72906 -0.00455094593641
90.82183 -0.00455094593641
90.9146 -0.00455094593641
91.00737 -0.00455094593641
91.10014 -0.00455094593641
91.19291 -0.00455094593641
91.28568 -0.00455094593641
91.37845 -0.00455094593641
91.47122 -0.00455094593641
91.56399 -0.00455094593641
91.65676 -0.00455094593641
91.74953 -0.00455094593641
91.8423 -0.00455094593641
91.93507 -0.00455094593641
92.02784 -0.00455094593641
92.12061 -0.00455094593641
92.21338 -0.00455094593641
92.30615 -0.00455094593641
92.39892 -0.00455094593641
92.49169 -0.00455094593641
92.58446 -0.00455094593641
92.67723 -0.00455094593641
92.77 -0.00455094593641
92.86277 -0.00455094593641
92.95554 -0.00455094593641
93.04831 -0.00455094593641
93.14108 -0.00455094593641
93.23385 -0.00455094593641
93.32662 -0.00455094593641
93.41939 -0.00455094593641
93.51216 -0.00455094593641
93.60493 -0.00455094593641
93.6977 -0.00455094593641
93.79047 -0.00455094593641
93.88324 -0.00455094593641
93.97601 -0.00455094593641
94.06878 -0.00455094593641
94.16155 -0.00455094593641
94.25432 -0.00455094593641
94.34709 -0.00455094593641
94.43986 -0.00455094593641
94.53263 -0.00455094593641
94.6254 -0.00455094593641
94.71817 -0.00455094593641
94.81094 -0.00455094593641
94.90371 -0.00455094593641
