0 -0.000738169
0.0995343 -0.0280536
0.199069 -0.0434301
0.298603 -0.0295012
0.398137 0.0225623
0.497671 0.107751
0.597206 0.207113
0.69674 0.292665
0.796274 0.335099
0.895808 0.311357
0.995343 0.209943
1.09488 0.0333409
1.19441 -0.201864
1.29395 -0.46637
1.39348 -0.720845
1.49301 -0.920365
1.59255 -1.02095
1.69208 -0.987512
1.79162 -0.801161
1.89115 -0.463544
1.99069 0.00318263
2.09022 0.55961
2.18975 1.15238
2.28929 1.71423
2.38882 2.16033
2.48836 2.38511
2.58789 2.2677
2.68742 1.69419
2.78696 0.598924
2.88649 -0.983615
2.98603 -2.87511
3.08556 -4.74239
3.1851 -6.13835
3.28463 -6.59801
3.38416 -5.77137
3.4837 -3.55428
3.58323 -0.170939
3.68277 3.82994
3.7823 7.6775
3.88184 10.559
3.98137 11.8275
4.0809 11.1741
4.18044 8.70865
4.27997 4.9242
4.37951 0.557041
4.47904 -3.61126
4.57858 -6.94538
4.67811 -9.08374
4.77764 -9.96968
4.87718 -9.79031
4.97671 -8.85769
5.07625 -7.48308
5.17578 -5.88955
5.27532 -4.18669
5.37485 -2.40266
5.47438 -0.545947
5.57392 1.33864
5.67345 3.14746
5.77299 4.73649
5.87252 5.96742
5.97206 6.75504
6.07159 7.09076
6.17112 7.03079
6.27066 6.6561
6.37019 6.02628
6.46973 5.15261
6.56926 4.00543
6.6688 2.55352
6.76833 0.815487
6.86786 -1.10393
6.9674 -3.01434
7.06693 -4.68142
7.16647 -5.89456
7.266 -6.53213
7.36553 -6.59582
7.46507 -6.19894
7.5646 -5.5144
7.66414 -4.70554
7.76367 -3.87047
7.86321 -3.02295
7.96274 -2.11536
8.06227 -1.08969
8.16181 0.0696394
8.26134 1.30672
8.36088 2.5018
8.46041 3.51073
8.55995 4.21675
8.65948 4.57084
8.75901 4.60373
8.85855 4.40666
8.95808 4.09223
9.05762 3.75369
9.15715 3.43901
9.25669 3.14689
9.35622 2.84112
9.45575 2.47251
9.55529 1.9978
9.65482 1.3896
9.75436 0.638675
9.85389 -0.246286
9.95343 -1.23718
10.053 -2.28277
10.1525 -3.30715
10.252 -4.21568
10.3516 -4.91102
10.4511 -5.31572
10.5506 -5.39326
10.6502 -5.15811
10.7497 -4.66968
10.8492 -4.0121
10.9488 -3.26811
11.0483 -2.49799
11.1478 -1.73129
11.2474 -0.972772
11.3469 -0.216933
11.4464 0.537277
11.546 1.27899
11.6455 1.98725
11.745 2.6388
11.8446 3.21574
11.9441 3.70791
12.0436 4.10922
12.1432 4.41117
12.2427 4.59873
12.3422 4.65194
12.4418 4.55305
12.5413 4.2948
12.6409 3.88492
12.7404 3.34384
12.8399 2.69691
12.9395 1.96582
13.039 1.16472
13.1385 0.303492
13.2381 -0.603379
13.3376 -1.52787
13.4371 -2.42529
13.5367 -3.23985
13.6362 -3.91716
13.7357 -4.41778
13.8353 -4.72552
13.9348 -4.84663
14.0343 -4.80107
14.1339 -4.61108
14.2334 -4.29313
14.3329 -3.85729
14.4325 -3.31318
14.532 -2.67809
14.6315 -1.98166
14.7311 -1.26364
14.8306 -0.565303
14.9301 0.0809773
15.0297 0.658822
15.1292 1.16797
15.2287 1.61792
15.3283 2.01883
15.4278 2.3747
15.5273 2.68187
15.6269 2.93285
15.7264 3.12227
15.8259 3.25075
15.9255 3.32436
16.025 3.35001
16.1245 3.32996
16.2241 3.25907
16.3236 3.12669
16.4232 2.92248
16.5227 2.64279
16.6222 2.29407
16.7218 1.89146
16.8213 1.45331
16.9208 0.994937
17.0204 0.524824
17.1199 0.0451648
17.2194 -0.444009
17.319 -0.939848
17.4185 -1.4338
17.518 -1.91226
17.6176 -2.36002
17.7171 -2.76401
17.8166 -3.11508
17.9162 -3.40673
18.0157 -3.63219
18.1152 -3.78192
18.2148 -3.84396
18.3143 -3.80733
18.4138 -3.66686
18.5134 -3.42686
18.6129 -3.10114
18.7124 -2.70923
18.812 -2.27049
18.9115 -1.79893
19.011 -1.30145
19.1106 -0.779973
19.2101 -0.236034
19.3096 0.324798
19.4092 0.891105
19.5087 1.44713
19.6082 1.9764
19.7078 2.46527
19.8073 2.90431
19.9069 3.28699
20.0064 3.60692
20.1059 3.85552
20.2055 4.02187
20.305 4.09497
20.4045 4.06731
20.5041 3.9376
20.6036 3.71135
20.7031 3.39904
20.8027 3.01302
20.9022 2.56513
21.0017 2.06608
21.1013 1.52678
21.2008 0.960311
21.3003 0.382792
21.3999 -0.187919
21.4994 -0.735405
21.5989 -1.24827
21.6985 -1.72219
21.798 -2.15901
21.8975 -2.56321
21.9971 -2.937
22.0966 -3.27632
22.1961 -3.56944
22.2957 -3.79876
22.3952 -3.9449
22.4947 -3.99149
22.5943 -3.9291
22.6938 -3.75705
22.7933 -3.48342
22.8929 -3.12336
22.9924 -2.6968
23.0919 -2.22587
23.1915 -1.73232
23.291 -1.23507
23.3905 -0.748164
23.4901 -0.279622
23.5896 0.168221
23.6892 0.596889
23.7887 1.00882
23.8882 1.40434
23.9878 1.77969
24.0873 2.12687
24.1868 2.43526
24.2864 2.69424
24.3859 2.89569
24.4854 3.03537
24.585 3.11288
24.6845 3.13058
24.784 3.09229
24.8836 3.00235
24.9831 2.86544
25.0826 2.68685
25.1822 2.4725
25.2817 2.22854
25.3812 1.96041
25.4808 1.67178
25.5803 1.36411
25.6798 1.03726
25.7794 0.690986
25.8789 0.326787
25.9784 -0.0506076
26.078 -0.432873
26.1775 -0.808949
26.277 -1.16681
26.3766 -1.49544
26.4761 -1.78638
26.5756 -2.03431
26.6752 -2.23678
26.7747 -2.39329
26.8742 -2.50426
26.9738 -2.57034
27.0733 -2.59219
27.1729 -2.57083
27.2724 -2.50828
27.3719 -2.40817
27.4715 -2.27609
27.571 -2.11921
27.6705 -1.94529
27.7701 -1.76108
27.8696 -1.57065
27.9691 -1.37418
28.0687 -1.16784
28.1682 -0.944925
28.2677 -0.698152
28.3673 -0.422508
28.4668 -0.117679
28.5663 0.210671
28.6659 0.551226
28.7654 0.888854
28.8649 1.20735
28.9645 1.49234
29.064 1.73349
29.1635 1.92574
29.2631 2.06936
29.3626 2.16895
29.4621 2.23184
29.5617 2.26612
29.6612 2.27861
29.7607 2.27318
29.8603 2.24987
29.9598 2.20497
30.0593 2.1323
30.1589 2.02534
30.2584 1.87959
30.3579 1.69433
30.4575 1.47317
30.557 1.22319
30.6566 0.953068
30.7561 0.670949
30.8556 0.38309
30.9552 0.0936775
31.0547 -0.194211
31.1542 -0.477155
31.2538 -0.750331
31.3533 -1.00747
31.4528 -1.24191
31.5524 -1.44821
31.6519 -1.62353
31.7514 -1.76796
31.851 -1.88371
31.9505 -1.97341
32.05 -2.03846
32.1496 -2.07817
32.2491 -2.09011
32.3486 -2.07143
32.4482 -2.02051
32.5477 -1.93805
32.6472 -1.8271
32.7468 -1.69198
32.8463 -1.53664
32.9458 -1.36319
33.0454 -1.17138
33.1449 -0.959376
33.2444 -0.725413
33.344 -0.469864
33.4435 -0.19681
33.543 0.0855088
33.6426 0.36558
33.7421 0.630633
33.8416 0.869142
33.9412 1.07308
34.0407 1.23921
34.1402 1.36906
34.2398 1.46762
34.3393 1.54115
34.4389 1.59489
34.5384 1.63131
34.6379 1.64951
34.7375 1.64593
34.837 1.61601
34.9365 1.55639
35.0361 1.46652
35.1356 1.34955
35.2351 1.21173
35.3347 1.06101
35.4342 0.905064
35.5337 0.749546
35.6333 0.597245
35.7328 0.448233
35.8323 0.300917
35.9319 0.153499
36.0314 0.00526494
36.1309 -0.142725
36.2305 -0.287718
36.33 -0.425955
36.4295 -0.553606
36.5291 -0.667559
36.6286 -0.76579
36.7281 -0.847297
36.8277 -0.911747
36.9272 -0.959121
37.0267 -0.989563
37.1263 -1.00348
37.2258 -1.0018
37.3253 -0.986095
37.4249 -0.95846
37.5244 -0.921041
37.6239 -0.875396
37.7235 -0.822007
37.823 -0.760217
37.9226 -0.688727
38.0221 -0.606507
38.1216 -0.513754
38.2212 -0.412451
38.3207 -0.30625
38.4202 -0.199658
38.5198 -0.0968722
38.6193 -0.00073952
38.7188 0.0876871
38.8184 0.168839
38.9179 0.243743
39.0174 0.312993
39.117 0.376094
39.2165 0.431448
39.316 0.476954
39.4156 0.510876
39.5151 0.532524
39.6146 0.542438
39.7142 0.542029
39.8137 0.532924
39.9132 0.516399
40.0128 0.493172
40.1123 0.463617
40.2118 0.428207
40.3114 0.387856
40.4109 0.343955
40.5104 0.298074
40.61 0.251521
40.7095 0.20504
40.809 0.158847
40.9086 0.112971
41.0081 0.0676969
41.1076 0.0238379
41.2072 -0.017344
41.3067 -0.0545185
41.4062 -0.086755
41.5058 -0.113804
41.6053 -0.136036
41.7049 -0.154085
41.8044 -0.168424
41.9039 -0.179114
42.0035 -0.185879
42.103 -0.188424
42.2025 -0.186795
42.3021 -0.18154
42.4016 -0.173565
42.5011 -0.163781
42.6007 -0.15276
42.7002 -0.140618
42.7997 -0.127196
42.8993 -0.112421
42.9988 -0.096611
43.0983 -0.0805329
43.1979 -0.0651531
43.2974 -0.051234
43.3969 -0.0390159
43.4965 -0.0281794
43.596 -0.0181168
43.6955 -0.00834832
43.7951 0.00116177
43.8946 0.00997665
43.9941 0.0174542
44.0937 0.0231406
44.1932 0.0270457
44.2927 0.029635
44.3923 0.0315479
44.4918 0.0332224
44.5913 0.0346626
44.6909 0.0354892
44.7904 0.035239
44.8899 0.0337195
44.9895 0.0311945
45.089 0.02828
45.1886 0.0256159
45.2881 0.0235179
45.3876 0.0218262
45.4872 0.0200477
45.5867 0.0177023
45.6862 0.0146589
45.7858 0.0112492
45.8853 0.00809165
45.9848 0.00573104
46.0844 0.00432114
46.1839 0.00354544
46.2834 0.00282575
46.383 0.00168801
46.4825 5.75977e-05
46.582 -0.00169904
46.6816 -0.00301101
46.7811 -0.0034687
46.8806 -0.00308961
46.9802 -0.00231784
47.0797 -0.00175783
47.1792 -0.00180865
47.2788 -0.00242732
47.3783 -0.00316834
47.4778 -0.00347421
47.5774 -0.00303466
47.6769 -0.00198972
47.7764 -0.000849582
47.876 -0.000181589
47.9755 -0.000260295
48.075 -0.000899609
48.1746 -0.00157219
48.2741 -0.00174152
48.3736 -0.00119901
48.4732 -0.00019536
48.5727 0.000716047
48.6723 0.00102574
48.7718 0.000587963
48.8713 -0.000286605
48.9709 -0.00102336
49.0704 -0.0011415
49.1699 -0.000553314
49.2695 0.000382068
49.369 0.00108427
49.4685 0.00111566
49.5681 0.000456112
49.6676 -0.000483312
49.7671 -0.00111659
49.8667 -0.00104878
49.9662 -0.000322976
50.0657 0.000606392
50.1653 0.0011575
50.2648 0.000984915
50.3643 0.000195854
50.4639 -0.000716591
50.5634 -0.00118162
50.6629 -0.000907808
50.7625 -6.56893e-05
50.862 0.000818432
50.9615 0.00119142
51.0611 0.000819332
51.1606 -6.5834e-05
51.2601 -0.000910811
51.3597 -0.00118685
51.4592 -0.000720559
51.5587 0.00019716
51.6583 0.000992616
51.7578 0.00116792
51.8573 0.000612614
51.9569 -0.00032674
52.0564 -0.00106283
52.1559 -0.00113479
52.2555 -0.000496722
52.355 0.000453036
52.4546 0.00112057
52.5541 0.00108777
52.6536 0.000374207
52.7532 -0.000574537
52.8527 -0.00116507
52.9522 -0.00102734
53.0518 -0.00024648
53.1513 0.000689777
53.2508 0.00119574
53.3504 0.000954127
53.4499 0.000115021
53.5494 -0.000797353
53.649 -0.00121211
53.7485 -0.000868919
53.848 1.8637e-05
53.9476 0.000895941
54.0471 0.00121391
54.1466 0.00077265
54.2462 -0.000152922
54.3457 -0.000984312
54.4452 -0.00120102
54.5448 -0.000666388
54.6443 0.000286243
54.7438 0.00106135
54.8434 0.00117349
54.9429 0.000551326
55.0424 -0.000417011
55.142 -0.00112605
55.2415 -0.00113153
55.341 -0.000428769
55.4406 0.000543654
55.5401 0.00117756
55.6396 0.00107556
55.7392 0.00030012
55.8387 -0.000664633
55.9383 -0.00121518
56.0378 -0.00100612
56.1373 -0.000166863
56.2369 0.000778468
56.3364 0.00123834
56.4359 0.000923941
56.5355 3.05476e-05
56.635 -0.000883748
56.7345 -0.00124666
56.8341 -0.000829899
56.9336 0.000107228
57.0331 0.000979152
57.1327 0.00123992
57.2322 0.000725017
57.3317 -0.000244836
57.4313 -0.00106346
57.5308 -0.00121807
57.6303 -0.000610452
57.7299 0.000380637
57.8294 0.00113558
57.9289 0.00118124
58.0285 0.000487487
58.128 -0.000512998
58.2275 -0.00119454
58.3271 -0.00112975
58.4266 -0.000357511
58.5261 0.000640313
58.6257 0.00123953
58.7252 0.00106408
58.8247 0.000222009
58.9243 -0.000761019
59.0238 -0.00126988
59.1233 -0.000984866
59.2229 -8.25426e-05
59.3224 0.000873619
59.422 0.00128509
59.5215 0.000892938
59.621 -5.92649e-05
59.7206 -0.000976694
59.8201 -0.00128484
59.9196 -0.000789262
60.0192 0.000201748
60.1187 0.00106892
60.2182 0.00126898
60.3178 0.000674958
60.4173 -0.000343217
60.5168 -0.0011491
60.6164 -0.00123753
60.7159 -0.000551278
60.8154 0.000481977
60.915 0.00121615
61.0145 0.00119072
61.114 0.000419597
61.2136 -0.00061635
61.3131 -0.00126913
61.4126 -0.00112894
61.5122 -0.000281397
61.6117 0.000744688
61.7112 0.00130726
61.8108 0.00105275
61.9103 0.00013825
62.0098 -0.000865398
62.1094 -0.00132993
62.2089 -0.000962909
62.3084 8.19351e-06
62.408 0.000976959
62.5075 0.00133669
62.607 0.000860329
62.7066 -0.000156231
62.8061 -0.00107794
62.9056 -0.00132727
63.0052 -0.000746082
63.1047 0.000304119
63.2043 0.00116701
63.3038 0.0013016
63.4033 0.000621388
63.5029 -0.000450098
63.6024 -0.00124297
63.7019 -0.00125979
63.8015 -0.000487602
63.901 0.000592409
64.0005 0.00130476
64.1001 0.00120213
64.1996 0.000346201
64.2991 -0.000729314
64.3987 -0.00135147
64.4982 -0.00112911
64.5977 -0.00019877
64.6973 0.000859117
64.7968 0.00138234
64.8963 0.00104139
64.9959 4.69826e-05
65.0954 -0.000980183
65.1949 -0.0013968
65.2945 -0.000939837
65.394 0.000107416
65.4935 0.00109096
65.5931 0.00139446
65.6926 0.000825455
65.7921 -0.000262628
65.8917 -0.00118998
65.9912 -0.00137511
66.0907 -0.00069943
66.1903 0.000416821
66.2898 0.00127592
66.3893 0.00133875
66.4889 0.000563094
66.5884 -0.00056815
66.688 -0.00134756
66.7875 -0.00128557
66.887 -0.000417917
66.9866 0.000714778
67.0861 0.00140386
67.1856 0.00121595
67.2852 0.000265492
67.3847 -0.000854894
67.4842 -0.0014439
67.5838 -0.00113046
67.6833 -0.000107519
67.7828 0.000986739
67.8824 0.00146697
67.9819 0.00102989
68.0814 -5.42157e-05
68.181 -0.00110862
68.2805 -0.00147253
68.38 -0.000915192
68.4796 0.000217852
68.5791 0.00121894
68.6786 0.00146025
68.7782 0.000787496
68.8777 -0.00038148
68.9772 -0.0013162
69.0768 -0.00142997
69.1763 -0.000648106
69.2758 0.000543162
69.3754 0.00139903
69.4749 0.00138176
69.5744 0.00049848
69.674 -0.000700949
69.7735 -0.00146622
69.873 -0.00131588
69.9726 -0.000340217
70.0721 0.000852906
70.1716 0.00151669
70.2712 0.00123282
70.3707 0.00017504
70.4703 -0.000997135
70.5698 -0.00154957
70.6693 -0.00113326
70.7689 -4.7835e-06
70.8684 0.00113179
70.9679 0.00156414
71.0675 0.00101807
71.167 -0.000168631
71.2665 -0.0012551
71.3661 -0.00155989
71.4656 -0.000888331
71.5651 0.000343209
71.6647 0.00136541
71.7642 0.00153655
71.8637 0.000745309
71.9633 -0.000516911
72.0628 -0.00146116
72.1623 -0.001494
72.2619 -0.00059044
72.3614 0.000687665
72.4609 0.00154094
72.5605 0.00143239
72.66 0.000425323
72.7595 -0.000853397
72.8591 -0.00160349
72.9586 -0.00135207
73.0581 -0.000251704
73.1577 0.00101205
73.2572 0.00164774
73.3567 0.0012536
73.4563 7.14595e-05
73.5558 -0.00116161
73.6553 -0.00167277
73.7549 -0.00113778
73.8544 0.00011342
73.954 0.00130012
74.0535 0.00167791
74.153 0.00100561
74.2526 -0.000300852
74.3521 -0.00142571
74.4516 -0.00166265
74.5512 -0.000858295
74.6507 0.000488683
74.7502 0.00153662
74.8498 0.00162675
74.9493 0.000697239
75.0488 -0.000674708
75.1484 -0.00163123
75.2479 -0.00157016
75.3474 -0.000524033
75.447 0.000856697
75.5465 0.00170805
75.646 0.00149308
75.7456 0.000340439
75.8451 -0.00103242
75.9446 -0.00176577
76.0442 -0.00139594
76.1437 -0.000148374
76.2432 0.00119965
76.3428 0.00180326
76.4423 0.00127941
76.5418 -5.01035e-05
76.6414 -0.00135623
76.7409 -0.00181959
76.8404 -0.00114439
76.94 0.000252818
77.0395 0.00150007
77.139 0.00181406
77.2386 0.000992022
77.3381 -0.000457495
77.4377 -0.00162915
77.5372 -0.00178618
77.6367 -0.000823647
77.7363 0.000661782
77.8358 0.00174158
77.9353 0.00173572
78.0349 0.000640833
78.1344 -0.000863275
78.2339 -0.00183563
78.3335 -0.00166267
78.433 -0.000445342
78.5325 0.00105954
78.6321 0.00190969
78.7316 0.00156729
78.8311 0.000239126
78.9307 -0.00124814
79.0302 -0.00196237
79.1297 -0.0014501
79.2293 -2.43032e-05
79.3288 0.00142666
79.4283 0.00199246
79.5279 0.00131184
79.6274 -0.000196856
79.7269 -0.00159272
79.8265 -0.00199897
79.926 -0.00115355
80.0255 0.00042195
80.1251 0.00174405
80.2246 0.00198114
80.3241 0.000976497
80.4237 -0.000648467
80.5232 -0.00187843
80.6227 -0.00193848
80.7223 -0.000782179
80.8218 0.000873811
80.9213 0.00199381
81.0209 0.00187073
81.1204 0.000572342
81.22 -0.00109533
81.3195 -0.00208826
81.419 -0.00177791
81.5186 -0.000348947
81.6181 0.00131031
81.7176 0.00216002
81.8172 0.00166031
81.9167 0.000114162
82.0162 -0.00151608
82.1158 -0.00220755
82.2153 -0.0015185
82.3148 0.000129658
82.4144 0.00170993
82.5139 0.0022295
82.6134 0.00135334
82.713 -0.000379988
82.8125 -0.00188923
82.912 -0.00222477
83.0116 -0.00116595
83.1111 0.000634151
83.2106 0.00205142
83.3102 0.0021925
83.4097 0.000957738
83.5092 -0.000889347
83.6088 -0.00219403
83.7083 -0.00213211
83.8078 -0.000730368
83.9074 0.00114267
84.0069 0.00231473
84.1064 0.00204329
84.206 0.000485773
84.3055 -0.00139114
84.405 -0.00241133
84.5046 -0.00192602
84.6041 -0.00022613
84.7037 0.00163172
84.8032 0.00248183
84.9027 0.00178058
85.0023 -4.61484e-05
85.1018 -0.00186137
85.2013 -0.00252443
85.3009 -0.00160758
85.4004 0.000328436
85.4999 0.00207703
85.5995 0.00253756
85.699 0.00140789
85.7985 -0.000617905
85.8981 -0.00227569
85.9976 -0.00251989
86.0971 -0.00118272
86.1967 0.000911554
86.2962 0.00245439
86.3957 0.00247037
86.4953 0.000933581
86.5948 -0.00120622
86.6943 -0.0026103
86.7939 -0.00238823
86.8934 -0.000662286
86.9929 0.00149862
87.0925 0.00274066
87.192 0.00227298
87.2915 0.000370936
87.3911 -0.00178535
87.4906 -0.00284289
87.5901 -0.00212447
87.6897 -6.19174e-05
87.7892 0.00206294
87.8887 0.00291457
87.9883 0.00194285
88.0878 -0.000262112
88.1873 -0.00232786
88.2869 -0.00295351
88.3864 -0.00172863
88.486 0.00059824
88.5855 0.00257656
88.685 0.00295771
88.7846 0.00148261
88.8841 -0.000943315
88.9836 -0.00280551
89.0832 -0.00292543
89.1827 -0.00120597
89.2822 0.00129397
89.3818 0.00301119
89.4813 0.0028552
89.5808 0.000900209
89.6804 -0.00164663
89.7799 -0.00319016
89.8794 -0.00274583
89.979 -0.000567151
90.0785 0.00199755
90.178 0.00333905
90.2776 0.00259644
90.3771 0.000208957
90.4766 -0.00234283
90.5762 -0.00345463
90.6757 -0.00240646
90.7752 0.000171892
90.8748 0.00267845
90.9743 0.00353378
91.0738 0.00217562
91.1734 -0.000572612
91.2729 -0.00300026
91.3724 -0.00357357
91.472 -0.00190402
91.5715 0.000990119
91.671 0.00330406
91.7706 0.00357123
91.8701 0.00159205
91.9697 -0.00142105
92.0692 -0.00358556
92.1687 -0.0035242
92.2683 -0.00124046
92.3678 0.00186179
92.4673 0.00384045
92.5669 0.00343011
92.6664 0.000850304
92.7659 -0.00230847
92.8655 -0.00406441
92.965 -0.00328682
93.0645 -0.000422964
93.1641 0.00275698
93.2636 0.0042531
93.3631 0.0030924
93.4627 -3.98804e-05
93.5622 -0.00320304
93.6617 -0.0044022
93.7613 -0.00284514
93.8608 0.000536269
93.9603 0.00364216
94.0599 0.00450739
94.1594 0.00254352
94.2589 -0.00106399
94.3585 -0.00406969
94.458 -0.00456437
94.5575 -0.00218617
94.6571 0.00162059
94.7566 0.00448083
94.8561 0.00456885
94.9557 0.00177187
95.0552 -0.00220348
95.1547 -0.00487063
95.2543 -0.00451646
95.3538 -0.00129947
95.4534 0.0028099
95.5529 0.00523405
95.6524 0.0044028
95.752 0.000767784
95.8515 -0.00343705
95.951 -0.00556588
96.0506 -0.00422327
96.1501 -0.00017549
96.2496 0.00408217
96.3492 0.00586081
96.4487 0.003973
96.5482 -0.000479039
96.6478 -0.00474266
96.7473 -0.00611337
96.8468 -0.00364666
96.9464 0.00119799
97.0459 0.00541623
97.1454 0.00631788
97.245 0.0032382
97.3445 -0.00198447
97.444 -0.00610114
97.5436 -0.00646842
97.6431 -0.00274045
97.7426 0.00284303
97.8422 0.00679656
97.9417 0.00655867
98.0412 0.0021445
98.1408 -0.00378051
98.2403 -0.00750312
98.3398 -0.00658176
98.4394 -0.00143873
98.5389 0.00480733
98.6384 0.00822375
98.738 0.00652997
98.8375 0.000607232
98.937 -0.00593974
99.0366 -0.00896518
99.1361 -0.00639421
99.2357 0.000373007
99.3352 0.00720368
99.4347 0.00974063
99.5343 0.00616319
99.6338 -0.00153717
99.7333 -0.00864207
99.8329 -0.0105749
99.9324 -0.00582173
100.032 0.00294268
100.131 0.0103295
100.231 0.0115148
100.331 0.00534728
100.43 -0.00469087
100.53 -0.0124047
100.629 -0.0126531
100.729 -0.00470147
100.828 0.00697905
100.928 0.0151502
101.027 0.0141873
101.127 0.00380629
101.226 -0.0102438
101.326 -0.0192162
101.425 -0.0165874
101.525 -0.00246164
101.624 0.0156092
101.724 0.026275
101.824 0.0208596
