0.0 -0.231919888518
0.094276 0.163273020443
0.188552 0.546508695479
0.282828 0.858295452916
0.377104 1.0556628292
0.47138 1.1253218934
0.565656 1.08415886458
0.659932 0.968192811086
0.754208 0.815736666723
0.848484 0.651811398605
0.94276 0.480595486089
1.037036 0.289072845858
1.131312 0.0594849294805
1.225588 -0.214699361728
1.319864 -0.515841979659
1.41414 -0.799129521002
1.508416 -1.00290333982
1.602692 -1.068475014
1.696968 -0.957518914202
1.791244 -0.657564331791
1.88552 -0.180174377592
1.979796 0.437822675589
2.074072 1.12835948964
2.168348 1.78747091527
2.262624 2.27667309478
2.3569 2.43481090554
2.451176 2.10750217108
2.545452 1.19423046617
2.639728 -0.301921814567
2.734004 -2.24301808467
2.82828 -4.35468574582
2.922556 -6.25324664493
3.016832 -7.49819080193
3.111108 -7.66987632006
3.205384 -6.47211182243
3.29966 -3.84401486418
3.393936 -0.040208285976
3.488212 4.36838634267
3.582488 8.59365755528
3.676764 11.8071062542
3.77104 13.3417778348
3.865316 12.8591210632
3.959592 10.432131222
4.053868 6.52075641943
4.148144 1.84671248153
4.24242 -2.79438685801
4.336696 -6.72473086238
4.430972 -9.51982768788
4.525248 -11.0495446437
4.619524 -11.4240899261
4.7138 -10.88036107
4.808076 -9.66204139514
4.902352 -7.9422792454
4.996628 -5.81342323768
5.090904 -3.3338131253
5.18518 -0.595037995546
5.279456 2.23154127504
5.373732 4.89412805628
5.468008 7.10655423977
5.562284 8.62155183355
5.65656 9.30125184784
5.750836 9.15646098536
5.845112 8.33830873367
5.939388 7.08440569075
6.033664 5.64041742339
6.12794 4.18828084045
6.222216 2.80884994407
6.316492 1.49101332196
6.410768 0.1787545224
6.505044 -1.16823417322
6.59932 -2.52933096393
6.693596 -3.81320358774
6.787872 -4.88573515025
6.882148 -5.62074646426
6.976424 -5.94985045947
7.0707 -5.89015800514
7.164976 -5.5392368854
7.259252 -5.04015347735
7.353528 -4.53079143351
7.447804 -4.09705517011
7.54208 -3.74747597637
7.636356 -3.4180814015
7.730632 -3.00404737544
7.824908 -2.40416453299
7.919184 -1.56012640353
8.01346 -0.476377791741
8.107736 0.784169795751
8.202012 2.12288665057
8.296288 3.43478432725
8.390564 4.63241588273
8.48484 5.65662863715
8.579116 6.47294416493
8.673392 7.05837565931
8.767668 7.38679444983
8.861944 7.42071341488
8.95622 7.1142591943
9.050496 6.42727926109
9.144772 5.345521748
9.239048 3.89863459494
9.333324 2.16814973691
9.4276 0.281464973397
9.521876 -1.60696351798
9.616152 -3.34154210036
9.710428 -4.7910190334
9.804704 -5.86727436276
9.89898 -6.53419204994
9.993256 -6.80625962351
10.087532 -6.7384929597
10.181808 -6.41045842623
10.276084 -5.90791247992
10.37036 -5.30582629657
10.464636 -4.65609493196
10.558912 -3.98226679114
10.653188 -3.28230118849
10.747464 -2.53855160767
10.84174 -1.73206646876
10.936016 -0.856644418106
11.030292 0.0721658640337
11.124568 1.01639901011
11.218844 1.92375600647
11.31312 2.74156822087
11.407396 3.43121981835
11.501672 3.97711211697
11.595948 4.38649910478
11.690224 4.68058963698
11.7845 4.8811537709
11.878776 4.99864205786
11.973052 5.02683839206
12.067328 4.9459192351
12.161604 4.73194554881
12.25588 4.36805025193
12.350156 3.85219411472
12.444432 3.19846345279
12.538708 2.43232239766
12.632984 1.5831937172
12.72726 0.678750851833
12.821536 -0.256089537271
12.915812 -1.19550320762
13.010088 -2.1074271619
13.104364 -2.950824836
13.19864 -3.67860978736
13.292916 -4.24625484536
13.387192 -4.62287240774
13.481468 -4.79985311128
13.575744 -4.79293475072
13.67002 -4.63647057258
13.764296 -4.37221586656
13.858572 -4.03737252883
13.952848 -3.65673151692
14.047124 -3.24154237379
14.1414 -2.79439752742
14.235676 -2.3166778794
14.329952 -1.81431455221
14.424228 -1.29904518265
14.518504 -0.785095706736
14.61278 -0.283765292963
14.707056 0.2006055474
14.801332 0.670785548755
14.895608 1.1327386614
14.989884 1.58976982992
15.08416 2.03788632989
15.178436 2.4647771671
15.272712 2.85277532103
15.366988 3.18403609723
15.461264 3.4451313726
15.55554 3.6288493774
15.649816 3.73278778619
15.744092 3.75624312731
15.838368 3.69780676084
15.932644 3.55546735808
16.02692 3.32928486224
16.121196 3.02490059728
16.215472 2.65538717615
16.309748 2.23972154398
16.404024 1.79807964271
16.4983 1.34610843219
16.592576 0.891168920871
16.686852 0.432704486783
16.781128 -0.033241942218
16.875404 -0.507619971441
16.96968 -0.983490328956
17.063956 -1.44542784922
17.158232 -1.87377498572
17.252508 -2.25172416866
17.346784 -2.57160751982
17.44106 -2.83704468063
17.535336 -3.05964204973
17.629612 -3.25170448853
17.723888 -3.41847534384
17.818164 -3.55369345254
17.91244 -3.64061151067
18.006716 -3.65792297859
18.100992 -3.5876927128
18.195268 -3.42156953996
18.289544 -3.16263839705
18.38382 -2.82260942575
18.478096 -2.41637191034
18.572372 -1.95705017142
18.666648 -1.45407314087
18.760924 -0.914842993569
18.8552 -0.348473736458
18.949476 0.231065230517
19.043752 0.804636794456
19.138028 1.35099163185
19.232304 1.85174216932
19.32658 2.29564835268
19.420856 2.67991037089
19.515132 3.00773808919
19.609408 3.28343527302
19.703684 3.50752543624
19.79796 3.67437745998
19.892236 3.77343655847
19.986512 3.79329045567
20.080788 3.72641436485
20.175064 3.57224959345
20.26934 3.33731293334
20.363616 3.03267779977
20.457892 2.6704922768
20.552168 2.26150675597
20.646444 1.81477301177
20.74072 1.33926981626
20.834996 0.846037341578
20.929272 0.3491254894
21.023548 -0.13559107942
21.117824 -0.593365232066
21.2121 -1.01382355022
21.306376 -1.39277078612
21.400652 -1.7315481021
21.494928 -2.0342467207
21.589204 -2.30422000113
21.68348 -2.54167432963
21.777756 -2.74347195503
21.872032 -2.90502014421
21.966308 -3.02296095984
22.060584 -3.09696030232
22.15486 -3.12944631697
22.249136 -3.12334891337
22.343412 -3.07907234687
22.437688 -2.99244206505
22.531964 -2.85493320822
22.62624 -2.65635487987
22.720516 -2.38894302813
22.814792 -2.05114189488
22.909068 -1.64954828355
23.003344 -1.19840093044
23.09762 -0.717102814599
23.191896 -0.226989028286
23.286172 0.251426601549
23.380448 0.700088054639
23.474724 1.10407040039
23.569 1.45194398146
23.663276 1.73642280614
23.757552 1.95536094627
23.851828 2.11254609274
23.946104 2.21747243895
24.04038 2.28357210036
24.134656 2.32511121023
24.228932 2.35370400956
24.323208 2.375719824
24.417484 2.39153559473
24.51176 2.39676448796
24.606036 2.38470081693
24.700312 2.34874113816
24.794588 2.28372438766
24.888864 2.18586446929
24.98314 2.05180670274
25.077416 1.87783871866
25.171692 1.66014965193
25.265968 1.3963465355
25.360244 1.08760391631
25.45452 0.740325432468
25.548796 0.36632614073
25.643072 -0.0187626498537
25.737348 -0.398290440824
25.831624 -0.757438134537
25.9259 -1.08501185366
26.020176 -1.3736839692
26.114452 -1.61902047712
26.208728 -1.81821822024
26.303004 -1.9694889394
26.39728 -2.07248126138
26.491556 -2.12936039758
26.585832 -2.14563241197
26.680108 -2.12983252249
26.774384 -2.09179515221
26.86866 -2.04005512426
26.962936 -1.9795144007
27.057212 -1.91049156055
27.151488 -1.82962846199
27.245764 -1.73219316394
27.34004 -1.61460207418
27.434316 -1.47589462326
27.528592 -1.31749981667
27.622868 -1.14161670721
27.717144 -0.949348248683
27.81142 -0.73991065369
27.905696 -0.511655631061
27.999972 -0.264581338799
28.094248 -0.00303953074135
28.188524 0.262980817419
28.2828 0.519071863905
28.377076 0.749977700737
28.471352 0.944263823113
28.565628 1.09812389522
28.659904 1.21638610141
28.75418 1.31023371415
28.848456 1.39248810045
28.942732 1.47241481493
29.037008 1.55221830157
29.131284 1.62661282205
29.22556 1.68547435571
29.319836 1.71824594967
29.414112 1.71809823671
29.508388 1.68411313559
29.602664 1.62078482474
29.69694 1.53539418683
29.791216 1.43470932306
29.885492 1.32260743066
29.979768 1.19959936613
30.074044 1.06422380098
30.16832 0.9153803153
30.262596 0.754306761251
30.356872 0.585199617935
30.451148 0.41422420355
30.545424 0.247463688251
30.6397 0.0888255795532
30.733976 -0.0611257639434
30.828252 -0.20493282739
30.922528 -0.346781986156
31.016804 -0.490492459805
31.11108 -0.637780699138
31.205356 -0.787402581502
31.299632 -0.935345954609
31.393908 -1.0758298611
31.488184 -1.20263568615
31.58246 -1.31030059443
31.676736 -1.39487864656
31.771012 -1.45419653178
31.865288 -1.48769387868
31.959564 -1.49600351828
32.05384 -1.4804212659
32.148116 -1.44239098665
32.242392 -1.38312256021
32.336668 -1.30345870011
32.430944 -1.20407258339
32.52522 -1.08598167917
32.619496 -0.951218061286
32.713772 -0.803366686534
32.808048 -0.647655223156
32.902324 -0.490403701961
32.9966 -0.337895713689
33.090876 -0.195012390276
33.185152 -0.0641382044011
33.279428 0.0551980005395
33.373704 0.165747704084
33.46798 0.271212210377
33.562256 0.374657060859
33.656532 0.477281418443
33.750808 0.57799332281
33.845084 0.67388427152
33.93936 0.761308689356
34.033636 0.837038499456
34.127912 0.898987785751
34.222188 0.946266366441
34.316464 0.978685363675
34.41074 0.996116222942
34.505016 0.998156569473
34.599292 0.984357577897
34.693568 0.954922778521
34.787844 0.911478907399
34.88212 0.857412841334
34.976396 0.797432607121
35.070672 0.736375959041
35.164948 0.67768194433
35.259224 0.622162537887
35.3535 0.567642401313
35.447776 0.509693344593
35.542052 0.443227895358
35.636328 0.364347167425
35.730604 0.271734104217
35.82488 0.167090905113
35.919156 0.054538161092
36.013432 -0.0606750376702
36.107708 -0.173553570289
36.201984 -0.280274188292
36.29626 -0.378368340949
36.390536 -0.466278506989
36.484812 -0.54267907048
36.579088 -0.606009882984
36.673364 -0.65449422477
36.76764 -0.686612231221
36.861916 -0.701740920446
36.956192 -0.700586254373
37.050468 -0.68515617826
37.144744 -0.658279065892
37.23902 -0.622914929406
37.333296 -0.581604181882
37.427572 -0.53630027928
37.521848 -0.488596425115
37.616124 -0.440117162416
37.7104 -0.392740378417
37.804676 -0.348408628335
37.898952 -0.308535747834
37.993228 -0.273282818474
38.087504 -0.241116363312
38.18178 -0.208984330629
38.276056 -0.17317742594
38.370332 -0.130612345394
38.464608 -0.0800449689185
38.558884 -0.0227139353608
38.65316 0.0378616784719
38.747436 0.0968562190927
38.841712 0.149495298844
38.935988 0.192277700645
39.030264 0.223642207082
39.12454 0.243933243736
39.218816 0.254825404743
39.313092 0.258561072039
39.407368 0.257357597545
39.501644 0.253171420211
39.59592 0.247769953804
39.690196 0.242887612729
39.784472 0.240217615884
39.878748 0.241119534769
39.973024 0.246125595929
40.0673 0.254491037424
40.161576 0.26406451708
40.255852 0.271634143673
40.350128 0.273693104802
40.444404 0.267372496056
40.53868 0.251204985076
40.632956 0.225450522855
40.727232 0.191898371444
40.821508 0.153268556038
40.915784 0.112474363975
41.01006 0.0720203918934
41.104336 0.0337066357694
41.198612 -0.00134947140691
41.292888 -0.0324944568601
41.387164 -0.0592963116882
41.48144 -0.081411046762
41.575716 -0.0985968497411
41.669992 -0.110822314068
41.764268 -0.118371380723
41.858544 -0.121865338059
41.95282 -0.122180408761
42.047096 -0.120299127571
42.141372 -0.117161509204
42.235648 -0.113567525993
42.329924 -0.110140906705
42.4242 -0.107324870655
42.518476 -0.105367895095
42.612752 -0.104278257723
42.707028 -0.103765168612
42.801304 -0.103215723024
42.89558 -0.101758940165
42.989856 -0.0984361120799
43.084132 -0.0924456484265
43.178408 -0.0833870664131
43.272684 -0.0714162367617
43.36696 -0.0572504998068
43.461236 -0.0420165028782
43.555512 -0.0269911710436
43.649788 -0.0133220999466
43.744064 -0.00181413151474
43.83834 0.00716314184833
43.932616 0.0136402695633
44.026892 0.0179217465426
44.121168 0.0204278473362
44.215444 0.0215609168357
44.30972 0.0216306884964
44.403996 0.0208443813341
44.498272 0.019343553834
44.592548 0.0172581664165
44.686824 0.0147499525577
44.7811 0.0120280754956
44.875376 0.00933413354994
44.969652 0.00690543287771
45.063928 0.00493178908376
45.158204 0.00352118825002
45.25248 0.00268471815993
45.346756 0.00234374962167
45.441032 0.00235517578949
45.535308 0.00254586742919
45.629584 0.00274652387203
45.72386 0.00281753646404
45.818136 0.00266383007777
45.912412 0.0022398041266
46.006688 0.00154769679054
46.100964 0.00063236119
46.19524 -0.000426569855719
46.289516 -0.00152605778945
46.383792 -0.00255566832786
46.478068 -0.00341733044518
46.572344 -0.00404495002123
46.66662 -0.00441800210205
46.760896 -0.00456394773567
46.855172 -0.0045479083402
46.949448 -0.00445288043762
47.043724 -0.00435739170062
47.138 -0.0043179776349
47.232276 -0.0043179776349
47.326552 -0.0043179776349
47.420828 -0.0043179776349
47.515104 -0.0043179776349
47.60938 -0.0043179776349
47.703656 -0.0043179776349
47.797932 -0.0043179776349
47.892208 -0.0043179776349
47.986484 -0.0043179776349
48.08076 -0.0043179776349
48.175036 -0.0043179776349
48.269312 -0.0043179776349
48.363588 -0.0043179776349
48.457864 -0.0043179776349
48.55214 -0.0043179776349
48.646416 -0.0043179776349
48.740692 -0.0043179776349
48.834968 -0.0043179776349
48.929244 -0.0043179776349
49.02352 -0.0043179776349
49.117796 -0.0043179776349
49.212072 -0.0043179776349
49.306348 -0.0043179776349
49.400624 -0.0043179776349
49.4949 -0.0043179776349
49.589176 -0.0043179776349
49.683452 -0.0043179776349
49.777728 -0.0043179776349
49.872004 -0.0043179776349
49.96628 -0.0043179776349
50.060556 -0.0043179776349
50.154832 -0.0043179776349
50.249108 -0.0043179776349
50.343384 -0.0043179776349
50.43766 -0.0043179776349
50.531936 -0.0043179776349
50.626212 -0.0043179776349
50.720488 -0.0043179776349
50.814764 -0.0043179776349
50.90904 -0.0043179776349
51.003316 -0.0043179776349
51.097592 -0.0043179776349
51.191868 -0.0043179776349
51.286144 -0.0043179776349
51.38042 -0.0043179776349
51.474696 -0.0043179776349
51.568972 -0.0043179776349
51.663248 -0.0043179776349
51.757524 -0.0043179776349
51.8518 -0.0043179776349
51.946076 -0.0043179776349
52.040352 -0.0043179776349
52.134628 -0.0043179776349
52.228904 -0.0043179776349
52.32318 -0.0043179776349
52.417456 -0.0043179776349
52.511732 -0.0043179776349
52.606008 -0.0043179776349
52.700284 -0.0043179776349
52.79456 -0.0043179776349
52.888836 -0.0043179776349
52.983112 -0.0043179776349
53.077388 -0.0043179776349
53.171664 -0.0043179776349
53.26594 -0.0043179776349
53.360216 -0.0043179776349
53.454492 -0.0043179776349
53.548768 -0.0043179776349
53.643044 -0.0043179776349
53.73732 -0.0043179776349
53.831596 -0.0043179776349
53.925872 -0.0043179776349
54.020148 -0.0043179776349
54.114424 -0.0043179776349
54.2087 -0.0043179776349
54.302976 -0.0043179776349
54.397252 -0.0043179776349
54.491528 -0.0043179776349
54.585804 -0.0043179776349
54.68008 -0.0043179776349
54.774356 -0.0043179776349
54.868632 -0.0043179776349
54.962908 -0.0043179776349
55.057184 -0.0043179776349
55.15146 -0.0043179776349
55.245736 -0.0043179776349
55.340012 -0.0043179776349
55.434288 -0.0043179776349
55.528564 -0.0043179776349
55.62284 -0.0043179776349
55.717116 -0.0043179776349
55.811392 -0.0043179776349
55.905668 -0.0043179776349
55.999944 -0.0043179776349
56.09422 -0.0043179776349
56.188496 -0.0043179776349
56.282772 -0.0043179776349
56.377048 -0.0043179776349
56.471324 -0.0043179776349
56.5656 -0.0043179776349
56.659876 -0.0043179776349
56.754152 -0.0043179776349
56.848428 -0.0043179776349
56.942704 -0.0043179776349
57.03698 -0.0043179776349
57.131256 -0.0043179776349
57.225532 -0.0043179776349
57.319808 -0.0043179776349
57.414084 -0.0043179776349
57.50836 -0.0043179776349
57.602636 -0.0043179776349
57.696912 -0.0043179776349
57.791188 -0.0043179776349
57.885464 -0.0043179776349
57.97974 -0.0043179776349
58.074016 -0.0043179776349
58.168292 -0.0043179776349
58.262568 -0.0043179776349
58.356844 -0.0043179776349
58.45112 -0.0043179776349
58.545396 -0.0043179776349
58.639672 -0.0043179776349
58.733948 -0.0043179776349
58.828224 -0.0043179776349
58.9225 -0.0043179776349
59.016776 -0.0043179776349
59.111052 -0.0043179776349
59.205328 -0.0043179776349
59.299604 -0.0043179776349
59.39388 -0.0043179776349
59.488156 -0.0043179776349
59.582432 -0.0043179776349
59.676708 -0.0043179776349
59.770984 -0.0043179776349
59.86526 -0.0043179776349
59.959536 -0.0043179776349
60.053812 -0.0043179776349
60.148088 -0.0043179776349
60.242364 -0.0043179776349
60.33664 -0.0043179776349
60.430916 -0.0043179776349
60.525192 -0.0043179776349
60.619468 -0.0043179776349
60.713744 -0.0043179776349
60.80802 -0.0043179776349
60.902296 -0.0043179776349
60.996572 -0.0043179776349
61.090848 -0.0043179776349
61.185124 -0.0043179776349
61.2794 -0.0043179776349
61.373676 -0.0043179776349
61.467952 -0.0043179776349
61.562228 -0.0043179776349
61.656504 -0.0043179776349
61.75078 -0.0043179776349
61.845056 -0.0043179776349
61.939332 -0.0043179776349
62.033608 -0.0043179776349
62.127884 -0.0043179776349
62.22216 -0.0043179776349
62.316436 -0.0043179776349
62.410712 -0.0043179776349
62.504988 -0.0043179776349
62.599264 -0.0043179776349
62.69354 -0.0043179776349
62.787816 -0.0043179776349
62.882092 -0.0043179776349
62.976368 -0.0043179776349
63.070644 -0.0043179776349
63.16492 -0.0043179776349
63.259196 -0.0043179776349
63.353472 -0.0043179776349
63.447748 -0.0043179776349
63.542024 -0.0043179776349
63.6363 -0.0043179776349
63.730576 -0.0043179776349
63.824852 -0.0043179776349
63.919128 -0.0043179776349
64.013404 -0.0043179776349
64.10768 -0.0043179776349
64.201956 -0.0043179776349
64.296232 -0.0043179776349
64.390508 -0.0043179776349
64.484784 -0.0043179776349
64.57906 -0.0043179776349
64.673336 -0.0043179776349
64.767612 -0.0043179776349
64.861888 -0.0043179776349
64.956164 -0.0043179776349
65.05044 -0.0043179776349
65.144716 -0.0043179776349
65.238992 -0.0043179776349
65.333268 -0.0043179776349
65.427544 -0.0043179776349
65.52182 -0.0043179776349
65.616096 -0.0043179776349
65.710372 -0.0043179776349
65.804648 -0.0043179776349
65.898924 -0.0043179776349
65.9932 -0.0043179776349
66.087476 -0.0043179776349
66.181752 -0.0043179776349
66.276028 -0.0043179776349
66.370304 -0.0043179776349
66.46458 -0.0043179776349
66.558856 -0.0043179776349
66.653132 -0.0043179776349
66.747408 -0.0043179776349
66.841684 -0.0043179776349
66.93596 -0.0043179776349
67.030236 -0.0043179776349
67.124512 -0.0043179776349
67.218788 -0.0043179776349
67.313064 -0.0043179776349
67.40734 -0.0043179776349
67.501616 -0.0043179776349
67.595892 -0.0043179776349
67.690168 -0.0043179776349
67.784444 -0.0043179776349
67.87872 -0.0043179776349
67.972996 -0.0043179776349
68.067272 -0.0043179776349
68.161548 -0.0043179776349
68.255824 -0.0043179776349
68.3501 -0.0043179776349
68.444376 -0.0043179776349
68.538652 -0.0043179776349
68.632928 -0.0043179776349
68.727204 -0.0043179776349
68.82148 -0.0043179776349
68.915756 -0.0043179776349
69.010032 -0.0043179776349
69.104308 -0.0043179776349
69.198584 -0.0043179776349
69.29286 -0.0043179776349
69.387136 -0.0043179776349
69.481412 -0.0043179776349
69.575688 -0.0043179776349
69.669964 -0.0043179776349
69.76424 -0.0043179776349
69.858516 -0.0043179776349
69.952792 -0.0043179776349
70.047068 -0.0043179776349
70.141344 -0.0043179776349
70.23562 -0.0043179776349
70.329896 -0.0043179776349
70.424172 -0.0043179776349
70.518448 -0.0043179776349
70.612724 -0.0043179776349
70.707 -0.0043179776349
70.801276 -0.0043179776349
70.895552 -0.0043179776349
70.989828 -0.0043179776349
71.084104 -0.0043179776349
71.17838 -0.0043179776349
71.272656 -0.0043179776349
71.366932 -0.0043179776349
71.461208 -0.0043179776349
71.555484 -0.0043179776349
71.64976 -0.0043179776349
71.744036 -0.0043179776349
71.838312 -0.0043179776349
71.932588 -0.0043179776349
72.026864 -0.0043179776349
72.12114 -0.0043179776349
72.215416 -0.0043179776349
72.309692 -0.0043179776349
72.403968 -0.0043179776349
72.498244 -0.0043179776349
72.59252 -0.0043179776349
72.686796 -0.0043179776349
72.781072 -0.0043179776349
72.875348 -0.0043179776349
72.969624 -0.0043179776349
73.0639 -0.0043179776349
73.158176 -0.0043179776349
73.252452 -0.0043179776349
73.346728 -0.0043179776349
73.441004 -0.0043179776349
73.53528 -0.0043179776349
73.629556 -0.0043179776349
73.723832 -0.0043179776349
73.818108 -0.0043179776349
73.912384 -0.0043179776349
74.00666 -0.0043179776349
74.100936 -0.0043179776349
74.195212 -0.0043179776349
74.289488 -0.0043179776349
74.383764 -0.0043179776349
74.47804 -0.0043179776349
74.572316 -0.0043179776349
74.666592 -0.0043179776349
74.760868 -0.0043179776349
74.855144 -0.0043179776349
74.94942 -0.0043179776349
75.043696 -0.0043179776349
75.137972 -0.0043179776349
75.232248 -0.0043179776349
75.326524 -0.0043179776349
75.4208 -0.0043179776349
75.515076 -0.0043179776349
75.609352 -0.0043179776349
75.703628 -0.0043179776349
75.797904 -0.0043179776349
75.89218 -0.0043179776349
75.986456 -0.0043179776349
76.080732 -0.0043179776349
76.175008 -0.0043179776349
76.269284 -0.0043179776349
76.36356 -0.0043179776349
76.457836 -0.0043179776349
76.552112 -0.0043179776349
76.646388 -0.0043179776349
76.740664 -0.0043179776349
76.83494 -0.0043179776349
76.929216 -0.0043179776349
77.023492 -0.0043179776349
77.117768 -0.0043179776349
77.212044 -0.0043179776349
77.30632 -0.0043179776349
77.400596 -0.0043179776349
77.494872 -0.0043179776349
77.589148 -0.0043179776349
77.683424 -0.0043179776349
77.7777 -0.0043179776349
77.871976 -0.0043179776349
77.966252 -0.0043179776349
78.060528 -0.0043179776349
78.154804 -0.0043179776349
78.24908 -0.0043179776349
78.343356 -0.0043179776349
78.437632 -0.0043179776349
78.531908 -0.0043179776349
78.626184 -0.0043179776349
78.72046 -0.0043179776349
78.814736 -0.0043179776349
78.909012 -0.0043179776349
79.003288 -0.0043179776349
79.097564 -0.0043179776349
79.19184 -0.0043179776349
79.286116 -0.0043179776349
79.380392 -0.0043179776349
79.474668 -0.0043179776349
79.568944 -0.0043179776349
79.66322 -0.0043179776349
79.757496 -0.0043179776349
79.851772 -0.0043179776349
79.946048 -0.0043179776349
80.040324 -0.0043179776349
80.1346 -0.0043179776349
80.228876 -0.0043179776349
80.323152 -0.0043179776349
80.417428 -0.0043179776349
80.511704 -0.0043179776349
80.60598 -0.0043179776349
80.700256 -0.0043179776349
80.794532 -0.0043179776349
80.888808 -0.0043179776349
80.983084 -0.0043179776349
81.07736 -0.0043179776349
81.171636 -0.0043179776349
81.265912 -0.0043179776349
81.360188 -0.0043179776349
81.454464 -0.0043179776349
81.54874 -0.0043179776349
81.643016 -0.0043179776349
81.737292 -0.0043179776349
81.831568 -0.0043179776349
81.925844 -0.0043179776349
82.02012 -0.0043179776349
82.114396 -0.0043179776349
82.208672 -0.0043179776349
82.302948 -0.0043179776349
82.397224 -0.0043179776349
82.4915 -0.0043179776349
82.585776 -0.0043179776349
82.680052 -0.0043179776349
82.774328 -0.0043179776349
82.868604 -0.0043179776349
82.96288 -0.0043179776349
83.057156 -0.0043179776349
83.151432 -0.0043179776349
83.245708 -0.0043179776349
83.339984 -0.0043179776349
83.43426 -0.0043179776349
83.528536 -0.0043179776349
83.622812 -0.0043179776349
83.717088 -0.0043179776349
83.811364 -0.0043179776349
83.90564 -0.0043179776349
83.999916 -0.0043179776349
84.094192 -0.0043179776349
84.188468 -0.0043179776349
84.282744 -0.0043179776349
84.37702 -0.0043179776349
84.471296 -0.0043179776349
84.565572 -0.0043179776349
84.659848 -0.0043179776349
84.754124 -0.0043179776349
84.8484 -0.0043179776349
84.942676 -0.0043179776349
85.036952 -0.0043179776349
85.131228 -0.0043179776349
85.225504 -0.0043179776349
85.31978 -0.0043179776349
85.414056 -0.0043179776349
85.508332 -0.0043179776349
85.602608 -0.0043179776349
85.696884 -0.0043179776349
85.79116 -0.0043179776349
85.885436 -0.0043179776349
85.979712 -0.0043179776349
86.073988 -0.0043179776349
86.168264 -0.0043179776349
86.26254 -0.0043179776349
86.356816 -0.0043179776349
86.451092 -0.0043179776349
86.545368 -0.0043179776349
86.639644 -0.0043179776349
86.73392 -0.0043179776349
86.828196 -0.0043179776349
86.922472 -0.0043179776349
87.016748 -0.0043179776349
87.111024 -0.0043179776349
87.2053 -0.0043179776349
87.299576 -0.0043179776349
87.393852 -0.0043179776349
87.488128 -0.0043179776349
87.582404 -0.0043179776349
87.67668 -0.0043179776349
87.770956 -0.0043179776349
87.865232 -0.0043179776349
87.959508 -0.0043179776349
88.053784 -0.0043179776349
88.14806 -0.0043179776349
88.242336 -0.0043179776349
88.336612 -0.0043179776349
88.430888 -0.0043179776349
88.525164 -0.0043179776349
88.61944 -0.0043179776349
88.713716 -0.0043179776349
88.807992 -0.0043179776349
88.902268 -0.0043179776349
88.996544 -0.0043179776349
89.09082 -0.0043179776349
89.185096 -0.0043179776349
89.279372 -0.0043179776349
89.373648 -0.0043179776349
89.467924 -0.0043179776349
89.5622 -0.0043179776349
89.656476 -0.0043179776349
89.750752 -0.0043179776349
89.845028 -0.0043179776349
89.939304 -0.0043179776349
90.03358 -0.0043179776349
90.127856 -0.0043179776349
90.222132 -0.0043179776349
90.316408 -0.0043179776349
90.410684 -0.0043179776349
90.50496 -0.0043179776349
90.599236 -0.0043179776349
90.693512 -0.0043179776349
90.787788 -0.0043179776349
90.882064 -0.0043179776349
90.97634 -0.0043179776349
91.070616 -0.0043179776349
91.164892 -0.0043179776349
91.259168 -0.0043179776349
91.353444 -0.0043179776349
91.44772 -0.0043179776349
91.541996 -0.0043179776349
91.636272 -0.0043179776349
91.730548 -0.0043179776349
91.824824 -0.0043179776349
91.9191 -0.0043179776349
92.013376 -0.0043179776349
92.107652 -0.0043179776349
92.201928 -0.0043179776349
92.296204 -0.0043179776349
92.39048 -0.0043179776349
92.484756 -0.0043179776349
92.579032 -0.0043179776349
92.673308 -0.0043179776349
92.767584 -0.0043179776349
92.86186 -0.0043179776349
92.956136 -0.0043179776349
93.050412 -0.0043179776349
93.144688 -0.0043179776349
93.238964 -0.0043179776349
93.33324 -0.0043179776349
93.427516 -0.0043179776349
93.521792 -0.0043179776349
93.616068 -0.0043179776349
93.710344 -0.0043179776349
93.80462 -0.0043179776349
93.898896 -0.0043179776349
93.993172 -0.0043179776349
94.087448 -0.0043179776349
94.181724 -0.0043179776349
94.276 -0.0043179776349
94.370276 -0.0043179776349
94.464552 -0.0043179776349
94.558828 -0.0043179776349
94.653104 -0.0043179776349
94.74738 -0.0043179776349
94.841656 -0.0043179776349
94.935932 -0.0043179776349
95.030208 -0.0043179776349
95.124484 -0.0043179776349
95.21876 -0.0043179776349
95.313036 -0.0043179776349
95.407312 -0.0043179776349
95.501588 -0.0043179776349
95.595864 -0.0043179776349
95.69014 -0.0043179776349
95.784416 -0.0043179776349
95.878692 -0.0043179776349
95.972968 -0.0043179776349
96.067244 -0.0043179776349
96.16152 -0.0043179776349
96.255796 -0.0043179776349
96.350072 -0.0043179776349
96.444348 -0.0043179776349
