0 -0.00113487
0.0995343 -0.0121599
0.199069 -0.0299245
0.298603 -0.0471629
0.398137 -0.0512885
0.497671 -0.0288802
0.597206 0.0278427
0.69674 0.115359
0.796274 0.216791
0.895808 0.304868
0.995343 0.349149
1.09488 0.324936
1.19441 0.220638
1.29395 0.0412277
1.39348 -0.192764
1.49301 -0.449392
1.59255 -0.690332
1.69208 -0.874912
1.79162 -0.962708
1.89115 -0.915905
1.99069 -0.703614
2.09022 -0.309922
2.18975 0.254236
2.28929 0.937978
2.38882 1.64129
2.48836 2.2163
2.58789 2.48487
2.68742 2.27473
2.78696 1.47066
2.88649 0.0695816
2.98603 -1.7775
3.08556 -3.75585
3.1851 -5.42448
3.28463 -6.30336
3.38416 -5.99649
3.4837 -4.32
3.58323 -1.39513
3.68277 2.33138
3.7823 6.15869
3.88184 9.28655
3.98137 11.0147
4.0809 10.9291
4.18044 9.01479
4.27997 5.65917
4.37951 1.5401
4.47904 -2.56282
4.57858 -5.97281
4.67811 -8.26983
4.77764 -9.34862
4.87718 -9.37243
4.97671 -8.65211
5.07625 -7.50495
5.17578 -6.14878
5.27532 -4.66597
5.37485 -3.03891
5.47438 -1.22813
5.57392 0.750384
5.67345 2.78638
5.77299 4.69041
5.87252 6.25109
5.97206 7.30391
6.07159 7.77815
6.17112 7.70207
6.27066 7.16863
6.37019 6.28322
6.46973 5.12186
6.56926 3.72087
6.6688 2.10044
6.76833 0.306278
6.86786 -1.5566
6.9674 -3.32002
7.06693 -4.78542
7.16647 -5.78114
7.266 -6.21912
7.36553 -6.1248
7.46507 -5.626
7.5646 -4.90478
7.66414 -4.13285
7.76367 -3.41742
7.86321 -2.77891
7.96274 -2.16676
8.06227 -1.5025
8.16181 -0.728651
8.26134 0.158677
8.36088 1.10582
8.46041 2.02454
8.55995 2.82811
8.65948 3.4624
8.75901 3.91846
8.85855 4.22327
8.95808 4.41594
9.05762 4.52252
9.15715 4.54123
9.25669 4.44326
9.35622 4.1862
9.45575 3.7319
9.55529 3.06044
9.65482 2.17577
9.75436 1.10436
9.85389 -0.10854
9.95343 -1.40099
10.053 -2.6941
10.1525 -3.89291
10.252 -4.89324
10.3516 -5.5972
10.4511 -5.93483
10.5506 -5.88421
10.6502 -5.48099
10.7497 -4.81111
10.8492 -3.98749
10.9488 -3.11865
11.0483 -2.28101
11.1478 -1.50537
11.2474 -0.781597
11.3469 -0.0777142
11.4464 0.636357
11.546 1.37101
11.6455 2.11156
11.745 2.82493
11.8446 3.47249
11.9441 4.02124
12.0436 4.44799
12.1432 4.73657
12.2427 4.87226
12.3422 4.83908
12.4418 4.62321
12.5413 4.22117
12.6409 3.64773
12.7404 2.93814
12.8399 2.14208
12.9395 1.31125
13.039 0.486709
13.1385 -0.308105
13.2381 -1.06532
13.3376 -1.78344
13.4371 -2.4566
13.5367 -3.06843
13.6362 -3.59385
13.7357 -4.00719
13.8353 -4.29153
13.9348 -4.44341
14.0343 -4.47021
14.1339 -4.38193
14.2334 -4.1829
14.3329 -3.8689
14.4325 -3.43229
14.532 -2.87258
14.6315 -2.20658
14.7311 -1.4716
14.8306 -0.719196
14.9301 -0.00157616
15.0297 0.642901
15.1292 1.19818
15.2287 1.66922
15.3283 2.07243
15.4278 2.42336
15.5273 2.72823
15.6269 2.9832
15.7264 3.18026
15.8259 3.3153
15.9255 3.39238
16.025 3.42159
16.1245 3.41151
16.2241 3.36131
16.3236 3.25784
16.4232 3.0801
16.5227 2.80937
16.6222 2.43956
16.7218 1.98224
16.8213 1.46342
16.9208 0.914047
17.0204 0.359336
17.1199 -0.187264
17.2194 -0.722554
17.319 -1.24607
17.4185 -1.75146
17.518 -2.22225
17.6176 -2.63471
17.7171 -2.96626
17.8166 -3.20463
17.9162 -3.35246
18.0157 -3.42466
18.1152 -3.44
18.2148 -3.41164
18.3143 -3.34167
18.4138 -3.22247
18.5134 -3.04349
18.6129 -2.79922
18.7124 -2.49358
18.812 -2.13837
18.9115 -1.74703
19.011 -1.3277
19.1106 -0.880182
19.2101 -0.398622
19.3096 0.121299
19.4092 0.674888
19.5087 1.24492
19.6082 1.80414
19.7078 2.32255
19.8073 2.77554
19.9069 3.14893
20.0064 3.43867
20.1059 3.64629
20.2055 3.77327
20.305 3.8178
20.4045 3.77566
20.5041 3.64412
20.6036 3.42606
20.7031 3.13154
20.8027 2.77558
20.9022 2.37368
21.0017 1.9376
21.1013 1.47422
21.2008 0.987759
21.3003 0.484001
21.3999 -0.0264134
21.4994 -0.527942
21.5989 -1.00364
21.6985 -1.44031
21.798 -1.83237
21.8975 -2.18196
21.9971 -2.4952
22.0966 -2.77638
22.1961 -3.0232
22.2957 -3.22571
22.3952 -3.36931
22.4947 -3.44032
22.5943 -3.43127
22.6938 -3.34337
22.7933 -3.1853
22.8929 -2.96934
22.9924 -2.70692
23.0919 -2.4057
23.1915 -2.06906
23.291 -1.69765
23.3905 -1.29173
23.4901 -0.853307
23.5896 -0.387393
23.6892 0.09724
23.7887 0.587652
23.8882 1.06667
23.9878 1.51378
24.0873 1.90753
24.1868 2.22961
24.2864 2.46938
24.3859 2.62725
24.4854 2.71498
24.585 2.75223
24.6845 2.76031
24.784 2.7554
24.8836 2.74391
24.9831 2.72161
25.0826 2.67658
25.1822 2.59438
25.2817 2.463
25.3812 2.27592
25.4808 2.0326
25.5803 1.73728
25.6798 1.39739
25.7794 1.02264
25.8789 0.624798
25.9784 0.217525
26.078 -0.184576
26.1775 -0.567921
26.277 -0.92225
26.3766 -1.24208
26.4761 -1.52643
26.5756 -1.77681
26.6752 -1.99455
26.7747 -2.17891
26.8742 -2.32701
26.9738 -2.43548
27.0733 -2.50257
27.1729 -2.52937
27.2724 -2.51907
27.3719 -2.47479
27.4715 -2.3973
27.571 -2.28437
27.6705 -2.13246
27.7701 -1.94005
27.8696 -1.71074
27.9691 -1.45418
28.0687 -1.18384
28.1682 -0.912672
28.2677 -0.648649
28.3673 -0.392676
28.4668 -0.140032
28.5663 0.115389
28.6659 0.376287
28.7654 0.639197
28.8649 0.895238
28.9645 1.13388
29.064 1.34762
29.1635 1.53498
29.2631 1.70016
29.3626 1.84962
29.4621 1.98743
29.5617 2.11191
29.6612 2.21525
29.7607 2.28622
29.8603 2.31439
29.9598 2.29376
30.0593 2.22408
30.1589 2.10975
30.2584 1.95718
30.3579 1.77231
30.4575 1.55955
30.557 1.32225
30.6566 1.06408
30.7561 0.790014
30.8556 0.506432
30.9552 0.220217
31.0547 -0.0623218
31.1542 -0.336012
31.2538 -0.596585
31.3533 -0.840043
31.4528 -1.06233
31.5524 -1.25976
31.6519 -1.43001
31.7514 -1.57294
31.851 -1.69046
31.9505 -1.78502
32.05 -1.85764
32.1496 -1.90637
32.2491 -1.92642
32.3486 -1.91224
32.4482 -1.86056
32.5477 -1.77293
32.6472 -1.65627
32.7468 -1.52091
32.8463 -1.37706
32.9458 -1.23138
33.0454 -1.08537
33.1449 -0.9362
33.2444 -0.779499
33.344 -0.6123
33.4435 -0.434722
33.543 -0.249566
33.6426 -0.0604024
33.7421 0.130435
33.8416 0.322555
33.9412 0.516387
34.0407 0.710922
34.1402 0.901772
34.2398 1.0809
34.3393 1.23846
34.4389 1.36587
34.5384 1.4587
34.6379 1.51772
34.7375 1.54772
34.837 1.55475
34.9365 1.54324
35.0361 1.51446
35.1356 1.46683
35.2351 1.39784
35.3347 1.30612
35.4342 1.19269
35.5337 1.06079
35.6333 0.914644
35.7328 0.758095
35.8323 0.59397
35.9319 0.424378
36.0314 0.251576
36.1309 0.0786514
36.2305 -0.0905331
36.33 -0.252094
36.4295 -0.403041
36.5291 -0.541677
36.6286 -0.667162
36.7281 -0.778525
36.8277 -0.873842
36.9272 -0.950232
37.0267 -1.00485
37.1263 -1.03635
37.2258 -1.04596
37.3253 -1.03735
37.4249 -1.01533
37.5244 -0.983857
37.6239 -0.944507
37.7235 -0.896254
37.823 -0.836615
37.9226 -0.7636
38.0221 -0.677345
38.1216 -0.580583
38.2212 -0.477755
38.3207 -0.373339
38.4202 -0.270379
38.5198 -0.170014
38.6193 -0.0721562
38.7188 0.0232082
38.8184 0.11496
38.9179 0.200686
39.0174 0.277467
39.117 0.343095
39.2165 0.396923
39.316 0.43984
39.4156 0.473427
39.5151 0.498844
39.6146 0.516162
39.7142 0.524524
39.8137 0.522994
39.9132 0.511494
40.0128 0.491224
40.1123 0.464273
40.2118 0.432705
40.3114 0.397718
40.4109 0.359432
40.5104 0.317453
40.61 0.271826
40.7095 0.223745
40.809 0.1755
40.9086 0.129666
41.0081 0.087975
41.1076 0.0506041
41.2072 0.0163137
41.3067 -0.0165966
41.4062 -0.0490801
41.5058 -0.0806042
41.6053 -0.109324
41.7049 -0.13306
41.8044 -0.15049
41.9039 -0.161834
42.0035 -0.168634
42.103 -0.172779
42.2025 -0.1754
42.3021 -0.1763
42.4016 -0.174267
42.5011 -0.168049
42.6007 -0.157366
42.7002 -0.143323
42.7997 -0.127958
42.8993 -0.11322
42.9988 -0.10001
43.0983 -0.0878681
43.1979 -0.0755114
43.2974 -0.0618492
43.3969 -0.0468501
43.4965 -0.0317058
43.596 -0.0181963
43.6955 -0.00765822
43.7951 -0.000208425
43.8946 0.00528826
43.9941 0.0104844
44.0937 0.0165073
44.1932 0.0232587
44.2927 0.0294924
44.3923 0.0336191
44.4918 0.034734
44.5913 0.0332249
44.6909 0.0305832
44.7904 0.0285343
44.8899 0.0280309
44.9895 0.0287321
45.089 0.029287
45.1886 0.0282405
45.2881 0.0249927
45.3876 0.0202132
45.4872 0.015458
45.5867 0.0122303
45.6862 0.0110771
45.7858 0.0112825
45.8853 0.0113462
45.9848 0.00994473
46.0844 0.00677191
46.1839 0.00273647
46.2834 -0.000603779
46.383 -0.00201354
46.4825 -0.00134889
46.582 0.000355598
46.6816 0.00153284
46.7811 0.00105631
46.8806 -0.00106792
46.9802 -0.00372006
47.0797 -0.00538069
47.1792 -0.00509101
47.2788 -0.00305869
47.3783 -0.000533009
47.4778 0.000969788
47.5774 0.000604757
47.6769 -0.00128564
47.7764 -0.00339752
47.876 -0.00428919
47.9755 -0.00328604
48.075 -0.000901927
48.1746 0.00148348
48.2741 0.0024867
48.3736 0.0015816
48.4732 -0.000577283
48.5727 -0.0025688
48.6723 -0.00309481
48.7718 -0.00178869
48.8713 0.00056132
48.9709 0.00251035
49.0704 0.00286266
49.1699 0.001418
49.2695 -0.00090645
49.369 -0.00265202
49.4685 -0.00272994
49.5681 -0.00109833
49.6676 0.00121682
49.7671 0.00276678
49.8667 0.0025862
49.9662 0.000793791
50.0657 -0.0014861
50.1653 -0.00282916
50.2648 -0.00240115
50.3643 -0.000476277
50.4639 0.00173827
50.5634 0.00285925
50.6629 0.00219129
50.7625 0.000158176
50.862 -0.00196594
50.9615 -0.00285494
51.0611 -0.00195858
51.1606 0.000156994
51.2601 0.00216677
51.3597 0.00281666
51.4592 0.00170595
51.5587 -0.000465669
51.6583 -0.00233884
51.7578 -0.00274534
51.8573 -0.0014366
51.9569 0.000764397
52.0564 0.00248057
52.1559 0.00264225
52.2555 0.00115384
52.355 -0.00104988
52.4546 -0.00259074
52.5541 -0.00250902
52.6536 -0.00086111
52.7532 0.00131901
52.8527 0.00266852
52.9522 0.00234758
53.0518 0.000561923
53.1513 -0.0015689
53.2508 -0.00271343
53.3504 -0.00216015
53.4499 -0.000259808
53.5494 0.00179692
53.649 0.00272537
53.7485 0.00194924
53.848 -4.17128e-05
53.9476 -0.0020007
54.0471 -0.00270459
54.1466 -0.00171755
54.2462 0.000339166
54.3457 0.00217818
54.4452 0.00265174
54.5448 0.00146801
54.6443 -0.000629161
54.7438 -0.00232761
54.8434 -0.00256779
54.9429 -0.0012037
55.0424 0.000908429
55.142 0.00244757
55.2415 0.00245404
55.341 0.000927847
55.4406 -0.00117386
55.5401 -0.002537
55.6396 -0.00231214
55.7392 -0.000643757
55.8387 0.00142252
55.9383 0.00259517
56.0378 0.00214402
56.1373 0.000354808
56.2369 -0.0016517
56.3364 -0.00262173
56.4359 -0.00195188
56.5355 -6.43944e-05
56.635 0.00185893
56.7345 0.00261667
56.8341 0.00173818
56.9336 -0.000224103
57.0331 -0.00204202
57.1327 -0.00258034
57.2322 -0.00150559
57.3317 0.000507356
57.4313 0.00219906
57.5308 0.00251344
57.6303 0.00125699
57.7299 -0.000782124
57.8294 -0.00232846
57.9289 -0.00241701
58.0285 -0.000995386
58.128 0.00104529
58.2275 0.00242893
58.3271 0.0022924
58.4266 0.000723925
58.5261 -0.00129388
58.6257 -0.00249954
58.7252 -0.00214129
58.8247 -0.000445838
58.9243 0.00152513
59.0238 0.00253968
59.1233 0.00196563
59.2229 0.000164404
59.3224 -0.00173647
59.422 -0.00254913
59.5215 -0.00176763
59.621 0.00011708
59.7206 0.00192558
59.8201 0.00252796
59.9196 0.00154975
60.0192 -0.00039534
60.1187 -0.00209041
60.2182 -0.00247664
60.3178 -0.00131465
60.4173 0.000667158
60.5168 0.00222918
60.6164 0.00239593
60.7159 0.00106517
60.8154 -0.000929408
60.915 -0.00234045
61.0145 -0.00228695
61.114 -0.000804294
61.2136 0.00117909
61.3131 0.00242306
61.4126 0.00215112
61.5122 0.000535126
61.6117 -0.00141336
61.7112 -0.00247619
61.8108 -0.00199017
61.9103 -0.000260841
62.0098 0.00162957
62.1094 0.00249938
62.2089 0.00180608
62.3084 -1.53381e-05
62.408 -0.00182527
62.5075 -0.00249248
62.607 -0.0016011
62.7066 0.000290185
62.8061 0.00199828
62.9056 0.00245571
63.0052 0.00137772
63.1047 -0.000560498
63.2043 -0.00214666
63.3038 -0.0023896
63.4033 -0.00113859
63.5029 0.000823141
63.6024 0.00226877
63.7019 0.00229503
63.8015 0.000886582
63.901 -0.00107508
64.0005 -0.00236327
64.1001 -0.00217319
64.1996 -0.000624657
64.2991 0.00131339
64.3987 0.00242915
64.4982 0.00202559
64.5977 0.000355906
64.6973 -0.00153535
64.7968 -0.00246569
64.8963 -0.001854
64.9959 -8.3484e-05
65.0954 0.00173838
65.1949 0.00247255
65.2945 0.00166049
65.394 -0.000189421
65.4935 -0.00192017
65.5931 -0.00244969
65.6926 -0.00144735
65.7921 0.00045962
65.8917 0.00207862
65.9912 0.00239744
66.0907 0.00121711
66.1903 -0.00072396
66.2898 -0.0022119
66.3893 -0.00231644
66.4889 -0.00097248
66.5884 0.000979358
66.688 0.0023185
66.7875 0.00220766
66.887 0.000716321
66.9866 -0.00122284
67.0861 -0.00239718
67.1856 -0.0020724
67.2852 -0.000451639
67.3847 0.00145155
67.4842 0.00244703
67.5838 0.00191223
67.6833 0.00018153
67.7828 -0.00166284
67.8824 -0.00246747
67.9819 -0.00172904
68.0814 9.08489e-05
68.181 0.00185421
68.2805 0.00245824
68.38 0.00152495
68.4796 -0.000362314
68.5791 -0.00202343
68.6786 -0.00241945
68.7782 -0.00130233
68.8777 0.00062969
68.9772 0.0021685
69.0768 0.00235151
69.1763 0.00106377
69.2758 -0.000889844
69.3754 -0.00228768
69.4749 -0.00225518
69.5744 -0.000812043
69.674 0.00113972
69.7735 0.00237954
69.873 0.00213154
69.9726 0.000550064
70.0721 -0.00137639
70.1716 -0.00244296
70.2712 -0.00198199
70.3707 -0.000280878
70.4703 0.00159703
70.5698 0.00247714
70.6693 0.00180821
70.7689 7.61806e-06
70.8684 -0.00179905
70.9679 -0.00248159
71.0675 -0.00161217
71.167 0.000266531
71.2665 0.00198001
71.3661 0.00245618
71.4656 0.00139609
71.5651 -0.000538363
71.6647 -0.00213773
71.7642 -0.0024011
71.8637 -0.00116246
71.9633 0.00080469
72.0628 0.0022703
72.1623 0.00231691
72.2619 0.000913916
72.3614 -0.00106238
72.4609 -0.00237606
72.5605 -0.00220446
72.66 -0.000653325
72.7595 0.00130837
72.8591 0.00245365
72.9586 0.00206496
73.0581 0.00038368
73.1577 -0.00153974
73.2572 -0.00250206
73.3567 -0.00189991
73.4563 -0.000108093
73.5558 0.00175371
73.6553 0.00252056
73.7549 0.00171111
73.8544 -0.000170243
73.954 -0.00194769
74.0535 -0.00250878
74.153 -0.00150066
74.2526 0.000448085
74.3521 0.0021193
74.4516 0.0024667
74.5512 0.00127088
74.6507 -0.00072218
74.7502 -0.0022664
74.8498 -0.00239463
74.9493 -0.00102435
75.0488 0.000989301
75.1484 0.00238711
75.2479 0.00229322
75.3474 0.000763842
75.447 -0.00124628
75.5465 -0.00247987
75.646 -0.00216346
75.7456 -0.000492315
75.8451 0.00149003
75.9446 0.00254337
76.0442 0.00200667
76.1437 0.000212863
76.2432 -0.00171762
76.3428 -0.00257668
76.4423 -0.00182448
76.5418 7.13059e-05
76.6414 0.00192627
76.7409 0.00257917
76.8404 0.00161883
76.94 -0.000356908
77.0395 -0.00211338
77.139 -0.00255055
77.2386 -0.00139194
77.3381 0.000640616
77.4377 0.00227658
77.5372 0.00249092
77.6367 0.00114626
77.7363 -0.000919099
77.8358 -0.00241377
77.9353 -0.00240068
78.0349 -0.000884504
78.1344 0.00118906
78.2339 0.0025231
78.3335 0.00228062
78.433 0.000609582
78.5325 -0.00144726
78.6321 -0.00260304
78.7316 -0.00213184
78.8311 -0.000324575
78.9307 0.00169057
79.0302 0.00265235
79.1297 0.0019558
79.2293 3.2709e-05
79.3288 -0.001916
79.4283 -0.00267016
79.5279 -0.00175428
79.6274 0.000262683
79.7269 0.00212074
79.8265 0.00265591
79.926 0.00152934
80.0255 -0.000558192
80.1251 -0.00230216
80.2246 -0.00260942
80.3241 -0.00128336
80.4237 0.000850375
80.5232 0.00245789
80.6227 0.00253086
80.7223 0.00101894
80.8218 -0.00113579
80.9213 -0.0025858
81.0209 -0.00242075
81.1204 -0.000738961
81.22 0.00141102
81.3195 0.00268407
81.419 0.00228
81.5186 0.000446479
81.6181 -0.00167274
81.7176 -0.00275117
81.8172 -0.00210986
81.9167 -0.00014474
82.0162 0.00191772
82.1158 0.00278592
82.2153 0.0019119
82.3148 -0.000162868
82.4144 -0.00214289
82.5139 -0.00278746
82.6134 -0.00168806
82.713 0.000472849
82.8125 0.00234535
82.912 0.00275533
83.0116 0.00144056
83.1111 -0.000781632
83.2106 -0.00252243
83.3102 -0.00268939
83.4097 -0.00117195
83.5092 0.00108561
83.6088 0.00267169
83.7083 0.00258992
83.8078 0.000885011
83.9074 -0.00138119
84.0069 -0.00279097
84.1064 -0.00245754
84.206 -0.000582797
84.3055 0.00166481
84.405 0.00287841
84.5046 0.00229327
84.6041 0.000268564
84.7037 -0.00193297
84.8032 -0.00293248
84.9027 -0.00209849
85.0023 5.42469e-05
85.1018 0.00218233
85.2013 0.002952
85.3009 0.00187492
85.4004 -0.000382047
85.4999 -0.00240967
85.5995 -0.00293612
85.699 -0.00162466
85.7985 0.000711132
85.8981 0.00261196
85.9976 0.00288441
86.0971 0.00135012
86.1967 -0.00103772
86.2962 -0.00278642
86.3957 -0.0027968
86.4953 -0.001054
86.5948 0.00135801
86.6943 0.0029305
86.7939 0.00267362
86.8934 0.000739323
86.9929 -0.00166816
87.0925 -0.00304196
87.192 -0.00251558
87.2915 -0.000409336
87.3911 0.00196442
87.4906 0.00311885
87.5901 0.00232381
87.6897 6.75261e-05
87.7892 -0.00224308
87.8887 -0.00315957
87.9883 -0.0020998
88.0878 0.000282425
88.1873 0.00250058
88.2869 0.00316289
88.3864 0.00184544
88.486 -0.000636676
88.5855 -0.0027335
88.685 -0.00312795
88.7846 -0.00156297
88.8841 0.000991262
88.9836 0.00293862
89.0832 0.00305429
89.1827 0.00125499
89.2822 -0.00134213
89.3818 -0.00311294
89.4813 -0.00294184
89.5808 -0.000924415
89.6804 0.00168519
89.7799 0.00325375
89.8794 0.00279096
89.979 0.000574481
90.0785 -0.00201633
90.178 -0.00335862
90.2776 -0.00260243
90.3771 -0.000208693
90.4766 0.00233147
90.5762 0.00342544
90.6757 0.00237742
90.7752 -0.000169194
90.8748 -0.00262663
90.9743 -0.00345247
91.0738 -0.00211755
91.1734 0.000555208
91.2729 0.00289792
91.3724 0.00343832
91.472 0.00182481
91.5715 -0.000945192
91.671 -0.0031416
91.7706 -0.00338202
91.8701 -0.0015016
91.9697 0.00133484
92.0692 0.00335414
92.1687 0.00328301
92.2683 0.0011507
92.3678 -0.00171975
92.4673 -0.00353222
92.5669 -0.00314113
92.6664 -0.000775258
92.7659 0.00209541
92.8655 0.0036728
92.965 0.00295669
93.0645 0.000378743
93.1641 -0.00245733
93.2636 -0.00377311
93.3631 -0.00273043
93.4627 3.50439e-05
93.5622 0.00280097
93.6617 0.00383074
93.7613 0.00246353
93.8608 -0.000462009
93.9603 -0.00312186
94.0599 -0.0038436
94.1594 -0.00215763
94.2589 0.000897793
94.3585 0.00341562
94.458 0.00381
94.5575 0.0018148
94.6571 -0.00133779
94.7566 -0.00367794
94.8561 -0.00372864
94.9557 -0.00143759
95.0552 0.00177718
95.1547 0.00390471
95.2543 0.00359865
95.3538 0.00102897
95.4534 -0.00221094
95.5529 -0.00409194
95.6524 -0.00341962
95.752 -0.000592371
95.8515 0.00263388
95.951 0.00423589
96.0506 0.00319157
96.1501 0.000131673
96.2496 -0.00304061
96.3492 -0.004333
96.4487 -0.00291505
96.5482 0.000348759
96.6478 0.00342557
96.7473 0.00437997
96.8468 0.00259112
96.9464 -0.000844038
97.0459 -0.003783
97.1454 -0.00437371
97.245 -0.00222139
97.3445 0.00134867
97.444 0.00410683
97.5436 0.00431137
97.6431 0.00180818
97.7426 -0.00185642
97.8422 -0.0043906
97.9417 -0.00419033
98.0412 -0.00135457
98.1408 0.00235999
98.2403 0.00462714
98.3398 0.00400809
98.4394 0.000864769
98.5389 -0.00285059
98.6384 -0.00480818
98.738 -0.00376229
98.8375 -0.000344552
98.937 0.00331691
99.0366 0.00492344
99.1361 0.00345055
99.2357 -0.000197618
99.3352 -0.00374321
99.4347 -0.00495892
99.5343 -0.00307038
99.6338 0.000748361
99.7333 0.00410535
99.8329 0.00489338
99.9324 0.00261905
100.032 -0.00128418
100.131 -0.00436151
100.231 -0.0046902
100.331 -0.00209374
100.43 0.00175829
100.53 0.00442896
100.629 0.00427699
100.729 0.00149322
100.828 -0.00206296
100.928 -0.00411671
101.027 -0.00348579
101.127 -0.000826472
101.226 0.00190083
101.326 0.00288975
101.425 0.00183849
101.525 0.000162352
101.624 -0.000227044
101.724 0.00116503
101.824 0.0022132
