0.0 -0.245600294299
0.0954 0.00851470559809
0.1908 0.266947314045
0.2862 0.483816539093
0.3816 0.62389766241
0.477 0.67529850831
0.5724 0.651300394387
0.6678 0.58111036219
0.7632 0.494279160886
0.8586 0.405956580214
0.954 0.310265831792
1.0494 0.185366245805
1.1448 0.00782994585625
1.2402 -0.229884797069
1.3356 -0.506534726701
1.431 -0.770642157801
1.5264 -0.95279791751
1.6218 -0.986965085377
1.7172 -0.829672734128
1.8126 -0.468497681248
1.908 0.0773582998297
2.0034 0.756319468688
2.0988 1.48131976848
2.1942 2.12851316721
2.2896 2.54264408788
2.385 2.5545897261
2.4804 2.01731643998
2.5758 0.858192946903
2.6712 -0.868990557666
2.7666 -2.95571174925
2.862 -5.04961391861
2.9574 -6.70650219703
3.0528 -7.47551457177
3.1482 -7.00364868591
3.2436 -5.14135084852
3.339 -2.0227201058
3.4344 1.91415995961
3.5298 5.99235866998
3.6252 9.44126275806
3.7206 11.5814263723
3.816 11.9917827232
3.9114 10.6085411943
4.0068 7.72837408059
4.1022 3.91838298227
4.1976 -0.137482255613
4.293 -3.8081648003
4.3884 -6.65061850163
4.4838 -8.47273846767
4.5792 -9.31291320222
4.6746 -9.35551684552
4.77 -8.82294606321
4.8654 -7.88787261312
4.9608 -6.63563543735
5.0562 -5.08248710471
5.1516 -3.23009888336
5.247 -1.12261961015
5.3424 1.12328178583
5.4378 3.32727261992
5.5332 5.28541719941
5.6286 6.82151118422
5.724 7.8277273889
5.8194 8.2794529453
5.9148 8.22099781191
6.0102 7.73108197668
6.1056 6.88543205676
6.201 5.73439592608
6.2964 4.30548941006
6.3918 2.62788170459
6.4872 0.764328284969
6.5826 -1.16831832786
6.678 -3.00416165822
6.7734 -4.56088738716
6.8688 -5.68810204585
6.9642 -6.31122823496
7.0596 -6.45213929859
7.155 -6.21767515574
7.2504 -5.76053961952
7.3458 -5.22769305905
7.4412 -4.71545674977
7.5366 -4.24702745061
7.632 -3.77886024121
7.7274 -3.23120789413
7.8228 -2.52901959041
7.9182 -1.6362873914
8.0136 -0.571044213309
8.109 0.602590380423
8.2044 1.79877424468
8.2998 2.93789964037
8.3952 3.96568732105
8.4906 4.85690340804
8.586 5.60497692314
8.6814 6.20470752078
8.7768 6.63719729835
8.8722 6.86386271265
8.9676 6.83163016555
9.063 6.48679349397
9.1584 5.79222375213
9.2538 4.74213383727
9.3492 3.37005815156
9.4446 1.74842590031
9.54 -0.0191693642188
9.6354 -1.81039961273
9.7308 -3.49854334715
9.8262 -4.96666883801
9.9216 -6.12052590432
10.017 -6.89920047385
10.1124 -7.28188477884
10.2078 -7.28853658958
10.3032 -6.97290861783
10.3986 -6.40867827397
10.494 -5.67214412701
10.5894 -4.82661337431
10.6848 -3.91330674941
10.7802 -2.95135158247
10.8756 -1.94600069937
10.971 -0.901029659334
11.0664 0.170189392366
11.1618 1.23942069212
11.2572 2.26567175698
11.3526 3.20296075539
11.448 4.00987560117
11.5434 4.6567977817
11.6388 5.12829616626
11.7342 5.42089713783
11.8296 5.53869822816
11.925 5.48982361876
12.0204 5.28537339629
12.1158 4.94034580061
12.2112 4.47447300438
12.3066 3.91092355879
12.402 3.27234846256
12.4974 2.57584982259
12.5928 1.82981318643
12.6882 1.03520429313
12.7836 0.191869763346
12.879 -0.692366755298
12.9744 -1.59395897823
13.0698 -2.47138546647
13.1652 -3.27041136371
13.2606 -3.93556084539
13.356 -4.42356786115
13.4514 -4.71352324012
13.5468 -4.80983225145
13.6422 -4.73727111824
13.7376 -4.53082434003
13.833 -4.22494870378
13.9284 -3.84656803021
14.0238 -3.41377592391
14.1192 -2.93921046277
14.2146 -2.43493226118
14.31 -1.91539614043
14.4054 -1.39672446603
14.5008 -0.892950606545
14.5962 -0.411786452319
14.6916 0.0472378066019
14.787 0.490800739527
14.8824 0.926743300446
14.9778 1.35848057719
15.0732 1.7817352136
15.1686 2.18518890868
15.264 2.55451893654
15.3594 2.87749454786
15.4548 3.14733841491
15.5502 3.36264044907
15.6456 3.52411044871
15.741 3.63024481571
15.8364 3.6745761292
15.9318 3.64627039818
16.0272 3.53396518173
16.1226 3.33095098091
16.218 3.03906451155
16.3134 2.66935494881
16.4088 2.23928142033
16.5042 1.76794775254
16.5996 1.27173633985
16.695 0.762255820617
16.7904 0.247093021506
16.8858 -0.267691290167
16.9812 -0.775185755756
17.0766 -1.26688376521
17.172 -1.73386019313
17.2674 -2.16883871552
17.3628 -2.5675095302
17.4582 -2.92792286801
17.5536 -3.24803636206
17.649 -3.52276907431
17.7444 -3.74242233871
17.8398 -3.8937210423
17.9352 -3.96331586837
18.0306 -3.94216094152
18.126 -3.82857088992
18.2214 -3.62835300569
18.3168 -3.35191732591
18.4122 -3.00987909289
18.5076 -2.60949550769
18.603 -2.15385067555
18.6984 -1.64423176258
18.7938 -1.08441094639
18.8892 -0.484492181291
18.9846 0.137832655885
19.08 0.759448568451
19.1754 1.35648057656
19.2708 1.90928288464
19.3662 2.40548119917
19.4616 2.83986296232
19.557 3.21154344149
19.6524 3.52015163052
19.7478 3.76310082668
19.8432 3.93522066689
19.9386 4.03062101617
20.034 4.04543685492
20.1294 3.97972948215
20.2248 3.83745336234
20.3202 3.6246281318
20.4156 3.34694883048
20.511 3.00839353029
20.6064 2.61177153942
20.7018 2.16096719444
20.7972 1.6635678419
20.8926 1.1322391556
20.988 0.583821530271
21.0834 0.0363337612055
21.1788 -0.494785937504
21.2742 -0.999425817607
21.3696 -1.47325079292
21.465 -1.9157325589
21.5604 -2.32683073301
21.6558 -2.70399834563
21.7512 -3.04090339752
21.8466 -3.32828773779
21.942 -3.55628022978
22.0374 -3.71683949974
22.1328 -3.80513144576
22.2282 -3.81941306666
22.3236 -3.75991502834
22.419 -3.62774934612
22.5144 -3.424725363
22.6098 -3.1542550031
22.7052 -2.82271285176
22.8006 -2.44019413354
22.896 -2.01985352186
22.9914 -1.57578598486
23.0868 -1.12028223204
23.1822 -0.6617460174
23.2776 -0.204318004306
23.373 0.250577649921
23.4684 0.701519383168
23.5638 1.14454970427
23.6592 1.57204049328
23.7546 1.97344235375
23.85 2.33742807133
23.9454 2.65427308137
24.0408 2.9172991474
24.1362 3.12282349558
24.2316 3.2689392476
24.327 3.35410088843
24.4224 3.37654121384
24.5178 3.33498529514
24.6132 3.23028051417
24.7086 3.0669180985
24.804 2.85335740842
24.8994 2.60063612411
24.9948 2.31966256707
25.0902 2.01835361069
25.1856 1.69998511374
25.281 1.36363456019
25.3764 1.00664673195
25.4718 0.628106276811
25.5672 0.231814340343
25.6626 -0.172535580276
25.758 -0.57051524347
25.8534 -0.946012824263
25.9488 -1.28500459524
26.0442 -1.5786729685
26.1396 -1.82485179863
26.235 -2.02746999161
26.3304 -2.19436216109
26.4258 -2.33425535805
26.5212 -2.45382945218
26.6166 -2.55556266686
26.712 -2.63677389083
26.8074 -2.68999376082
26.9028 -2.70458017481
26.9982 -2.66930609148
27.0936 -2.575444627
27.189 -2.41967487115
27.2844 -2.20602375751
27.3798 -1.94616184522
27.4752 -1.65773958842
27.5706 -1.36101558264
27.666 -1.0745986886
27.7614 -0.811470038705
27.8568 -0.576409942019
27.9522 -0.365528203681
28.0476 -0.16794943916
28.143 0.0309094112592
28.2384 0.245394304709
28.3338 0.485950042354
28.4292 0.756439899356
28.5246 1.05280822905
28.62 1.3631648471
28.7154 1.66911467156
28.8108 1.94842359202
28.9062 2.17875403717
29.0016 2.34165745784
29.097 2.42632602317
29.1924 2.43208644766
29.2878 2.36877709416
29.3832 2.25461244885
29.4786 2.11188252776
29.574 1.96159634578
29.6694 1.81863087704
29.7648 1.68885670516
29.8602 1.56906680995
29.9556 1.44956955743
30.051 1.31840422169
30.1464 1.16565720197
30.2418 0.986472713288
30.3372 0.781976513728
30.4326 0.558170069363
30.528 0.323547972806
30.6234 0.0864885836445
30.7188 -0.146683009535
30.8142 -0.37250909714
30.9096 -0.590135202346
31.005 -0.800338128194
31.1004 -1.00428908302
31.1958 -1.20237735587
31.2912 -1.39325751781
31.3866 -1.57320043692
31.482 -1.73585521829
31.5774 -1.87259214892
31.6728 -1.9735789502
31.7682 -2.02957126194
31.8636 -2.03410529314
31.959 -1.98549885052
32.0544 -1.88796184587
32.1498 -1.75129201479
32.2452 -1.58905981013
32.3406 -1.415712496
32.436 -1.24343461532
32.5314 -1.07971480439
32.6268 -0.926336149823
32.7222 -0.780023764184
32.8176 -0.634442297226
32.913 -0.482839771412
33.0084 -0.320507955987
33.1038 -0.146381252096
33.1992 0.0365680646858
33.2946 0.222099297102
33.39 0.402293382278
33.4854 0.569455392345
33.5808 0.717804889974
33.6762 0.844531678358
33.7716 0.949976924311
33.867 1.03692718038
33.9624 1.10924447883
34.0578 1.17025051449
34.1532 1.22137720167
34.2486 1.26153894567
34.344 1.28746361006
34.4394 1.29489246007
34.5348 1.28023554222
34.6302 1.24207849756
34.7256 1.18197105552
34.821 1.10418949186
34.9164 1.01455812885
35.0118 0.918777958439
35.1072 0.82089049499
35.2026 0.722427645917
35.298 0.62250387647
35.3934 0.518730559308
35.4888 0.408539117007
35.5842 0.290405483841
35.6796 0.164589186666
35.775 0.0332520191446
35.8704 -0.0999292006843
35.9658 -0.230404863118
36.0612 -0.353411074622
36.1566 -0.464518744465
36.252 -0.560068233902
36.3474 -0.63753408471
36.4428 -0.695824072687
36.5382 -0.7354345165
36.6336 -0.758338538065
36.729 -0.767532352349
36.8244 -0.766300794242
36.9198 -0.75741757796
37.0152 -0.742573692543
37.1106 -0.722266191635
37.206 -0.696190327037
37.3014 -0.663946215894
37.3968 -0.625715493291
37.4922 -0.582571294326
37.5876 -0.536262793854
37.683 -0.488580115342
37.7784 -0.440623825608
37.8738 -0.392361555214
37.9692 -0.342718420957
38.0646 -0.290183649504
38.16 -0.23365635034
38.2554 -0.173130927313
38.3508 -0.109899561825
38.4462 -0.0461857822964
38.5416 0.0156015670002
38.637 0.0736295475098
38.7324 0.127063437587
38.8278 0.175980686743
38.9232 0.220866986008
39.0186 0.261986476566
39.114 0.298962604293
39.2094 0.330778722134
39.3048 0.356181123834
39.4002 0.374261089786
39.4956 0.384909558973
39.591 0.388913327353
39.6864 0.387648787416
39.7818 0.382528594196
39.8772 0.374469041976
39.9726 0.363622130555
40.068 0.349477857466
40.1634 0.331265088578
40.2588 0.308451255841
40.3542 0.28111731381
40.4496 0.250063687817
40.545 0.216635000745
40.6404 0.182367823712
40.7358 0.148616636629
40.8312 0.11628905617
40.9266 0.0857506912493
41.022 0.0568871787923
41.1174 0.0292694942008
41.2128 0.00236506357721
41.3082 -0.0242460367627
41.4036 -0.0506778354127
41.499 -0.0765998203678
41.5944 -0.101196170535
41.6898 -0.123264600339
41.7852 -0.141465192981
41.8806 -0.154671722889
41.976 -0.162319270103
42.0714 -0.164617398695
42.1668 -0.162530855991
42.2622 -0.157514271183
42.3576 -0.151088790294
42.453 -0.144418711428
42.5484 -0.138048496432
42.6438 -0.131890670557
42.7392 -0.125444792391
42.8346 -0.118129488196
42.93 -0.109570403499
43.0254 -0.0997240559024
43.1208 -0.0888098713462
43.2162 -0.0771219382436
43.3116 -0.064847977118
43.407 -0.0520091028805
43.5024 -0.0385601264043
43.5978 -0.0245967158206
43.6932 -0.010551765814
43.7886 0.00273872678013
43.884 0.014160083211
43.9794 0.0226027003135
44.0748 0.0272977771516
44.1702 0.0280717677787
44.2656 0.025420919558
44.361 0.0203830237197
44.4564 0.0142634642317
44.5518 0.00832134318194
44.6472 0.00352146924169
44.7426 0.000415962098416
44.838 -0.000840390007416
44.9334 -0.000385703233793
45.0288 0.00147835176522
45.1242 0.00438843086869
45.2196 0.0079719131366
45.315 0.0118584997575
45.4104 0.0156765618001
45.5058 0.019058607274
45.6012 0.0216665447207
45.6966 0.0232314331278
45.792 0.0235928304194
45.8874 0.0227228789101
45.9828 0.0207273907313
46.0782 0.0178250502502
46.1736 0.0143118221139
46.269 0.0105191219787
46.3644 0.00677258086404
46.4598 0.00335580925177
46.5552 0.000482169000554
46.6506 -0.00172275992609
46.746 -0.00322571739989
46.8414 -0.00407654925431
46.9368 -0.00438723436825
47.0322 -0.0043040217969
47.1276 -0.00397911341839
47.223 -0.00354776718473
47.3184 -0.00311430994634
47.4138 -0.00274749823942
47.5092 -0.00248322795746
47.6046 -0.0023314805328
47.7 -0.00228453937867
47.7954 -0.00228453937867
47.8908 -0.00228453937867
47.9862 -0.00228453937867
48.0816 -0.00228453937867
48.177 -0.00228453937867
48.2724 -0.00228453937867
48.3678 -0.00228453937867
48.4632 -0.00228453937867
48.5586 -0.00228453937867
48.654 -0.00228453937867
48.7494 -0.00228453937867
48.8448 -0.00228453937867
48.9402 -0.00228453937867
49.0356 -0.00228453937867
49.131 -0.00228453937867
49.2264 -0.00228453937867
49.3218 -0.00228453937867
49.4172 -0.00228453937867
49.5126 -0.00228453937867
49.608 -0.00228453937867
49.7034 -0.00228453937867
49.7988 -0.00228453937867
49.8942 -0.00228453937867
49.9896 -0.00228453937867
50.085 -0.00228453937867
50.1804 -0.00228453937867
50.2758 -0.00228453937867
50.3712 -0.00228453937867
50.4666 -0.00228453937867
50.562 -0.00228453937867
50.6574 -0.00228453937867
50.7528 -0.00228453937867
50.8482 -0.00228453937867
50.9436 -0.00228453937867
51.039 -0.00228453937867
51.1344 -0.00228453937867
51.2298 -0.00228453937867
51.3252 -0.00228453937867
51.4206 -0.00228453937867
51.516 -0.00228453937867
51.6114 -0.00228453937867
51.7068 -0.00228453937867
51.8022 -0.00228453937867
51.8976 -0.00228453937867
51.993 -0.00228453937867
52.0884 -0.00228453937867
52.1838 -0.00228453937867
52.2792 -0.00228453937867
52.3746 -0.00228453937867
52.47 -0.00228453937867
52.5654 -0.00228453937867
52.6608 -0.00228453937867
52.7562 -0.00228453937867
52.8516 -0.00228453937867
52.947 -0.00228453937867
53.0424 -0.00228453937867
53.1378 -0.00228453937867
53.2332 -0.00228453937867
53.3286 -0.00228453937867
53.424 -0.00228453937867
53.5194 -0.00228453937867
53.6148 -0.00228453937867
53.7102 -0.00228453937867
53.8056 -0.00228453937867
53.901 -0.00228453937867
53.9964 -0.00228453937867
54.0918 -0.00228453937867
54.1872 -0.00228453937867
54.2826 -0.00228453937867
54.378 -0.00228453937867
54.4734 -0.00228453937867
54.5688 -0.00228453937867
54.6642 -0.00228453937867
54.7596 -0.00228453937867
54.855 -0.00228453937867
54.9504 -0.00228453937867
55.0458 -0.00228453937867
55.1412 -0.00228453937867
55.2366 -0.00228453937867
55.332 -0.00228453937867
55.4274 -0.00228453937867
55.5228 -0.00228453937867
55.6182 -0.00228453937867
55.7136 -0.00228453937867
55.809 -0.00228453937867
55.9044 -0.00228453937867
55.9998 -0.00228453937867
56.0952 -0.00228453937867
56.1906 -0.00228453937867
56.286 -0.00228453937867
56.3814 -0.00228453937867
56.4768 -0.00228453937867
56.5722 -0.00228453937867
56.6676 -0.00228453937867
56.763 -0.00228453937867
56.8584 -0.00228453937867
56.9538 -0.00228453937867
57.0492 -0.00228453937867
57.1446 -0.00228453937867
57.24 -0.00228453937867
57.3354 -0.00228453937867
57.4308 -0.00228453937867
57.5262 -0.00228453937867
57.6216 -0.00228453937867
57.717 -0.00228453937867
57.8124 -0.00228453937867
57.9078 -0.00228453937867
58.0032 -0.00228453937867
58.0986 -0.00228453937867
58.194 -0.00228453937867
58.2894 -0.00228453937867
58.3848 -0.00228453937867
58.4802 -0.00228453937867
58.5756 -0.00228453937867
58.671 -0.00228453937867
58.7664 -0.00228453937867
58.8618 -0.00228453937867
58.9572 -0.00228453937867
59.0526 -0.00228453937867
59.148 -0.00228453937867
59.2434 -0.00228453937867
59.3388 -0.00228453937867
59.4342 -0.00228453937867
59.5296 -0.00228453937867
59.625 -0.00228453937867
59.7204 -0.00228453937867
59.8158 -0.00228453937867
59.9112 -0.00228453937867
60.0066 -0.00228453937867
60.102 -0.00228453937867
60.1974 -0.00228453937867
60.2928 -0.00228453937867
60.3882 -0.00228453937867
60.4836 -0.00228453937867
60.579 -0.00228453937867
60.6744 -0.00228453937867
60.7698 -0.00228453937867
60.8652 -0.00228453937867
60.9606 -0.00228453937867
61.056 -0.00228453937867
61.1514 -0.00228453937867
61.2468 -0.00228453937867
61.3422 -0.00228453937867
61.4376 -0.00228453937867
61.533 -0.00228453937867
61.6284 -0.00228453937867
61.7238 -0.00228453937867
61.8192 -0.00228453937867
61.9146 -0.00228453937867
62.01 -0.00228453937867
62.1054 -0.00228453937867
62.2008 -0.00228453937867
62.2962 -0.00228453937867
62.3916 -0.00228453937867
62.487 -0.00228453937867
62.5824 -0.00228453937867
62.6778 -0.00228453937867
62.7732 -0.00228453937867
62.8686 -0.00228453937867
62.964 -0.00228453937867
63.0594 -0.00228453937867
63.1548 -0.00228453937867
63.2502 -0.00228453937867
63.3456 -0.00228453937867
63.441 -0.00228453937867
63.5364 -0.00228453937867
63.6318 -0.00228453937867
63.7272 -0.00228453937867
63.8226 -0.00228453937867
63.918 -0.00228453937867
64.0134 -0.00228453937867
64.1088 -0.00228453937867
64.2042 -0.00228453937867
64.2996 -0.00228453937867
64.395 -0.00228453937867
64.4904 -0.00228453937867
64.5858 -0.00228453937867
64.6812 -0.00228453937867
64.7766 -0.00228453937867
64.872 -0.00228453937867
64.9674 -0.00228453937867
65.0628 -0.00228453937867
65.1582 -0.00228453937867
65.2536 -0.00228453937867
65.349 -0.00228453937867
65.4444 -0.00228453937867
65.5398 -0.00228453937867
65.6352 -0.00228453937867
65.7306 -0.00228453937867
65.826 -0.00228453937867
65.9214 -0.00228453937867
66.0168 -0.00228453937867
66.1122 -0.00228453937867
66.2076 -0.00228453937867
66.303 -0.00228453937867
66.3984 -0.00228453937867
66.4938 -0.00228453937867
66.5892 -0.00228453937867
66.6846 -0.00228453937867
66.78 -0.00228453937867
66.8754 -0.00228453937867
66.9708 -0.00228453937867
67.0662 -0.00228453937867
67.1616 -0.00228453937867
67.257 -0.00228453937867
67.3524 -0.00228453937867
67.4478 -0.00228453937867
67.5432 -0.00228453937867
67.6386 -0.00228453937867
67.734 -0.00228453937867
67.8294 -0.00228453937867
67.9248 -0.00228453937867
68.0202 -0.00228453937867
68.1156 -0.00228453937867
68.211 -0.00228453937867
68.3064 -0.00228453937867
68.4018 -0.00228453937867
68.4972 -0.00228453937867
68.5926 -0.00228453937867
68.688 -0.00228453937867
68.7834 -0.00228453937867
68.8788 -0.00228453937867
68.9742 -0.00228453937867
69.0696 -0.00228453937867
69.165 -0.00228453937867
69.2604 -0.00228453937867
69.3558 -0.00228453937867
69.4512 -0.00228453937867
69.5466 -0.00228453937867
69.642 -0.00228453937867
69.7374 -0.00228453937867
69.8328 -0.00228453937867
69.9282 -0.00228453937867
70.0236 -0.00228453937867
70.119 -0.00228453937867
70.2144 -0.00228453937867
70.3098 -0.00228453937867
70.4052 -0.00228453937867
70.5006 -0.00228453937867
70.596 -0.00228453937867
70.6914 -0.00228453937867
70.7868 -0.00228453937867
70.8822 -0.00228453937867
70.9776 -0.00228453937867
71.073 -0.00228453937867
71.1684 -0.00228453937867
71.2638 -0.00228453937867
71.3592 -0.00228453937867
71.4546 -0.00228453937867
71.55 -0.00228453937867
71.6454 -0.00228453937867
71.7408 -0.00228453937867
71.8362 -0.00228453937867
71.9316 -0.00228453937867
72.027 -0.00228453937867
72.1224 -0.00228453937867
72.2178 -0.00228453937867
72.3132 -0.00228453937867
72.4086 -0.00228453937867
72.504 -0.00228453937867
72.5994 -0.00228453937867
72.6948 -0.00228453937867
72.7902 -0.00228453937867
72.8856 -0.00228453937867
72.981 -0.00228453937867
73.0764 -0.00228453937867
73.1718 -0.00228453937867
73.2672 -0.00228453937867
73.3626 -0.00228453937867
73.458 -0.00228453937867
73.5534 -0.00228453937867
73.6488 -0.00228453937867
73.7442 -0.00228453937867
73.8396 -0.00228453937867
73.935 -0.00228453937867
74.0304 -0.00228453937867
74.1258 -0.00228453937867
74.2212 -0.00228453937867
74.3166 -0.00228453937867
74.412 -0.00228453937867
74.5074 -0.00228453937867
74.6028 -0.00228453937867
74.6982 -0.00228453937867
74.7936 -0.00228453937867
74.889 -0.00228453937867
74.9844 -0.00228453937867
75.0798 -0.00228453937867
75.1752 -0.00228453937867
75.2706 -0.00228453937867
75.366 -0.00228453937867
75.4614 -0.00228453937867
75.5568 -0.00228453937867
75.6522 -0.00228453937867
75.7476 -0.00228453937867
75.843 -0.00228453937867
75.9384 -0.00228453937867
76.0338 -0.00228453937867
76.1292 -0.00228453937867
76.2246 -0.00228453937867
76.32 -0.00228453937867
76.4154 -0.00228453937867
76.5108 -0.00228453937867
76.6062 -0.00228453937867
76.7016 -0.00228453937867
76.797 -0.00228453937867
76.8924 -0.00228453937867
76.9878 -0.00228453937867
77.0832 -0.00228453937867
77.1786 -0.00228453937867
77.274 -0.00228453937867
77.3694 -0.00228453937867
77.4648 -0.00228453937867
77.5602 -0.00228453937867
77.6556 -0.00228453937867
77.751 -0.00228453937867
77.8464 -0.00228453937867
77.9418 -0.00228453937867
78.0372 -0.00228453937867
78.1326 -0.00228453937867
78.228 -0.00228453937867
78.3234 -0.00228453937867
78.4188 -0.00228453937867
78.5142 -0.00228453937867
78.6096 -0.00228453937867
78.705 -0.00228453937867
78.8004 -0.00228453937867
78.8958 -0.00228453937867
78.9912 -0.00228453937867
79.0866 -0.00228453937867
79.182 -0.00228453937867
79.2774 -0.00228453937867
79.3728 -0.00228453937867
79.4682 -0.00228453937867
79.5636 -0.00228453937867
79.659 -0.00228453937867
79.7544 -0.00228453937867
79.8498 -0.00228453937867
79.9452 -0.00228453937867
80.0406 -0.00228453937867
80.136 -0.00228453937867
80.2314 -0.00228453937867
80.3268 -0.00228453937867
80.4222 -0.00228453937867
80.5176 -0.00228453937867
80.613 -0.00228453937867
80.7084 -0.00228453937867
80.8038 -0.00228453937867
80.8992 -0.00228453937867
80.9946 -0.00228453937867
81.09 -0.00228453937867
81.1854 -0.00228453937867
81.2808 -0.00228453937867
81.3762 -0.00228453937867
81.4716 -0.00228453937867
81.567 -0.00228453937867
81.6624 -0.00228453937867
81.7578 -0.00228453937867
81.8532 -0.00228453937867
81.9486 -0.00228453937867
82.044 -0.00228453937867
82.1394 -0.00228453937867
82.2348 -0.00228453937867
82.3302 -0.00228453937867
82.4256 -0.00228453937867
82.521 -0.00228453937867
82.6164 -0.00228453937867
82.7118 -0.00228453937867
82.8072 -0.00228453937867
82.9026 -0.00228453937867
82.998 -0.00228453937867
83.0934 -0.00228453937867
83.1888 -0.00228453937867
83.2842 -0.00228453937867
83.3796 -0.00228453937867
83.475 -0.00228453937867
83.5704 -0.00228453937867
83.6658 -0.00228453937867
83.7612 -0.00228453937867
83.8566 -0.00228453937867
83.952 -0.00228453937867
84.0474 -0.00228453937867
84.1428 -0.00228453937867
84.2382 -0.00228453937867
84.3336 -0.00228453937867
84.429 -0.00228453937867
84.5244 -0.00228453937867
84.6198 -0.00228453937867
84.7152 -0.00228453937867
84.8106 -0.00228453937867
84.906 -0.00228453937867
85.0014 -0.00228453937867
85.0968 -0.00228453937867
85.1922 -0.00228453937867
85.2876 -0.00228453937867
85.383 -0.00228453937867
85.4784 -0.00228453937867
85.5738 -0.00228453937867
85.6692 -0.00228453937867
85.7646 -0.00228453937867
85.86 -0.00228453937867
85.9554 -0.00228453937867
86.0508 -0.00228453937867
86.1462 -0.00228453937867
86.2416 -0.00228453937867
86.337 -0.00228453937867
86.4324 -0.00228453937867
86.5278 -0.00228453937867
86.6232 -0.00228453937867
86.7186 -0.00228453937867
86.814 -0.00228453937867
86.9094 -0.00228453937867
87.0048 -0.00228453937867
87.1002 -0.00228453937867
87.1956 -0.00228453937867
87.291 -0.00228453937867
87.3864 -0.00228453937867
87.4818 -0.00228453937867
87.5772 -0.00228453937867
87.6726 -0.00228453937867
87.768 -0.00228453937867
87.8634 -0.00228453937867
87.9588 -0.00228453937867
88.0542 -0.00228453937867
88.1496 -0.00228453937867
88.245 -0.00228453937867
88.3404 -0.00228453937867
88.4358 -0.00228453937867
88.5312 -0.00228453937867
88.6266 -0.00228453937867
88.722 -0.00228453937867
88.8174 -0.00228453937867
88.9128 -0.00228453937867
89.0082 -0.00228453937867
89.1036 -0.00228453937867
89.199 -0.00228453937867
89.2944 -0.00228453937867
89.3898 -0.00228453937867
89.4852 -0.00228453937867
89.5806 -0.00228453937867
89.676 -0.00228453937867
89.7714 -0.00228453937867
89.8668 -0.00228453937867
89.9622 -0.00228453937867
90.0576 -0.00228453937867
90.153 -0.00228453937867
90.2484 -0.00228453937867
90.3438 -0.00228453937867
90.4392 -0.00228453937867
90.5346 -0.00228453937867
90.63 -0.00228453937867
90.7254 -0.00228453937867
90.8208 -0.00228453937867
90.9162 -0.00228453937867
91.0116 -0.00228453937867
91.107 -0.00228453937867
91.2024 -0.00228453937867
91.2978 -0.00228453937867
91.3932 -0.00228453937867
91.4886 -0.00228453937867
91.584 -0.00228453937867
91.6794 -0.00228453937867
91.7748 -0.00228453937867
91.8702 -0.00228453937867
91.9656 -0.00228453937867
92.061 -0.00228453937867
92.1564 -0.00228453937867
92.2518 -0.00228453937867
92.3472 -0.00228453937867
92.4426 -0.00228453937867
92.538 -0.00228453937867
92.6334 -0.00228453937867
92.7288 -0.00228453937867
92.8242 -0.00228453937867
92.9196 -0.00228453937867
93.015 -0.00228453937867
93.1104 -0.00228453937867
93.2058 -0.00228453937867
93.3012 -0.00228453937867
93.3966 -0.00228453937867
93.492 -0.00228453937867
93.5874 -0.00228453937867
93.6828 -0.00228453937867
93.7782 -0.00228453937867
93.8736 -0.00228453937867
93.969 -0.00228453937867
94.0644 -0.00228453937867
94.1598 -0.00228453937867
94.2552 -0.00228453937867
94.3506 -0.00228453937867
94.446 -0.00228453937867
94.5414 -0.00228453937867
94.6368 -0.00228453937867
94.7322 -0.00228453937867
94.8276 -0.00228453937867
94.923 -0.00228453937867
95.0184 -0.00228453937867
95.1138 -0.00228453937867
95.2092 -0.00228453937867
95.3046 -0.00228453937867
95.4 -0.00228453937867
95.4954 -0.00228453937867
95.5908 -0.00228453937867
95.6862 -0.00228453937867
95.7816 -0.00228453937867
95.877 -0.00228453937867
95.9724 -0.00228453937867
96.0678 -0.00228453937867
96.1632 -0.00228453937867
96.2586 -0.00228453937867
96.354 -0.00228453937867
96.4494 -0.00228453937867
96.5448 -0.00228453937867
96.6402 -0.00228453937867
96.7356 -0.00228453937867
96.831 -0.00228453937867
96.9264 -0.00228453937867
97.0218 -0.00228453937867
97.1172 -0.00228453937867
97.2126 -0.00228453937867
97.308 -0.00228453937867
97.4034 -0.00228453937867
97.4988 -0.00228453937867
97.5942 -0.00228453937867
