0.0 -0.00177793597232
0.1 -0.0101241157661
0.2 -0.0250645868501
0.3 -0.0445444332137
0.4 -0.0615535599834
0.5 -0.0649634439027
0.6 -0.043386638416
0.7 0.00901568097499
0.8 0.0874896896152
0.9 0.175513265473
1.0 0.249057843547
1.1 0.284860489935
1.2 0.268582815929
1.3 0.198437309218
1.4 0.0826982460701
1.5 -0.0661326620272
1.6 -0.235007671686
1.7 -0.407737808795
1.8 -0.557237134318
1.9 -0.639500465635
2.0 -0.59798308068
2.1 -0.382370723341
2.2 0.0232622986298
2.3 0.575412923371
2.4 1.16263394543
2.5 1.6206778304
2.6 1.76893266527
2.7 1.45831518574
2.8 0.618514116404
2.9 -0.705283126055
3.0 -2.3330603776
3.1 -3.95464044538
3.2 -5.1666697439
3.3 -5.54859954257
3.4 -4.77374988445
3.5 -2.73228018739
3.6 0.376171958001
3.7 4.02763993542
3.8 7.46600005221
3.9 9.89218425234
4.0 10.6958970945
4.1 9.64742192568
4.2 6.97300434999
4.3 3.27909896098
4.4 -0.647887979307
4.5 -4.08726274935
4.6 -6.57863367866
4.7 -7.99587480159
4.8 -8.48840548162
4.9 -8.33620866644
5.0 -7.7956395878
5.1 -7.00365426348
5.2 -5.96854023387
5.3 -4.62982937126
5.4 -2.94225502828
5.5 -0.938409493021
5.6 1.25419087864
5.7 3.43943894582
5.8 5.40253046
5.9 6.95999173036
6.0 7.99310905812
6.1 8.45793312637
6.2 8.37344400733
6.3 7.79550418168
6.4 6.78838486615
6.5 5.40697776317
6.6 3.69899463764
6.7 1.72674689907
6.8 -0.404056813385
6.9 -2.52862883649
7.0 -4.43737394766
7.1 -5.92229178351
7.2 -6.83873903013
7.3 -7.15370140639
7.4 -6.95482680483
7.5 -6.41245696524
7.6 -5.71040292415
7.7 -4.97719214243
7.8 -4.24904551406
7.9 -3.47935104582
8.0 -2.58617187611
8.1 -1.51182454712
8.2 -0.265305377844
8.3 1.07039351286
8.4 2.36548817257
8.5 3.48872254449
8.6 4.3485558072
8.7 4.91331884303
8.8 5.20561825438
8.9 5.27843867155
9.0 5.18695942977
9.1 4.96904501885
9.2 4.6405069595
9.3 4.20275717236
9.4 3.65475718209
9.5 3.00078732311
9.6 2.25016398995
9.7 1.41156650441
9.8 0.488957154035
9.9 -0.514683618989
10.0 -1.58518697247
10.1 -2.68293799426
10.2 -3.73647352955
10.3 -4.65115971115
10.4 -5.33217186611
10.5 -5.7123802876
10.6 -5.77195805413
10.7 -5.5402336947
10.8 -5.07950864731
10.9 -4.45976764577
11.0 -3.73700526561
11.1 -2.94438062884
11.2 -2.09728029173
11.3 -1.20587050429
11.4 -0.28613635918
11.5 0.636533440386
11.6 1.53127726975
11.7 2.3686666854
11.8 3.12531179609
11.9 3.78370022382
12.0 4.3286471161
12.1 4.74391379556
12.2 5.01195852958
12.3 5.1172827424
12.4 5.05132371592
12.5 4.81586768951
12.6 4.4228924781
12.7 3.89085905555
12.8 3.23952311029
12.9 2.48626580695
13.0 1.64626492703
13.1 0.736783282139
13.2 -0.216652739806
13.3 -1.17607673641
13.4 -2.09248976569
13.5 -2.91388426216
13.6 -3.59718506917
13.7 -4.11856778711
13.8 -4.47662974025
13.9 -4.68625122892
14.0 -4.76608327824
14.1 -4.72645405174
14.2 -4.56456544993
14.3 -4.26980747294
14.4 -3.83611365582
14.5 -3.2740708819
14.6 -2.61556921575
14.7 -1.90806952709
14.8 -1.20141546333
14.9 -0.534007228177
15.0 0.0750379858355
15.1 0.624903793284
15.2 1.12525945121
15.3 1.58661478868
15.4 2.01368409429
15.5 2.40394892386
15.6 2.75044662738
15.7 3.04595904445
15.8 3.28588511698
15.9 3.46855839246
16.0 3.59346892737
16.1 3.65887073783
16.2 3.66032554048
16.3 3.59107811896
16.4 3.44419268761
16.5 3.21550240752
16.6 2.90597615599
16.7 2.52232582785
16.8 2.07555255172
16.9 1.57826676145
17.0 1.04234355909
17.1 0.478249140871
17.2 -0.103763506877
17.3 -0.691720278798
17.4 -1.27094455844
17.5 -1.82503512365
17.6 -2.33831945353
17.7 -2.79811258654
17.8 -3.19518727051
17.9 -3.52222513032
18.0 -3.77167031922
18.1 -3.93503895589
18.2 -4.00475358779
18.3 -3.97760890916
18.4 -3.85748346085
18.5 -3.65507885416
18.6 -3.38429468194
18.7 -3.05710125265
18.8 -2.67986866885
18.9 -2.25326719296
19.0 -1.77565300163
19.1 -1.24780212201
19.2 -0.676289174941
19.3 -0.0739666937651
19.4 0.542059763866
19.5 1.15321799506
19.6 1.7413221963
19.7 2.28897902357
19.8 2.77933195647
19.9 3.19638844849
20.0 3.52656506903
20.1 3.76097454595
20.2 3.89722152292
20.3 3.93958080321
20.4 3.89726870757
20.5 3.78149802279
20.6 3.60254641597
20.7 3.36794301496
20.8 3.08226707143
20.9 2.74832974606
21.0 2.36899803201
21.1 1.94877335809
21.2 1.49445670151
21.3 1.01471162062
21.4 0.518886345351
21.5 0.0158268714978
21.6 -0.486609435238
21.7 -0.981078532649
21.8 -1.45969259633
21.9 -1.91319180118
22.0 -2.33106231626
22.1 -2.70272248357
22.2 -3.01918589359
22.3 -3.27427340154
22.4 -3.46473048985
22.5 -3.58931390642
22.6 -3.64754033383
22.7 -3.63890754971
22.8 -3.5629628981
22.9 -3.41996949229
23.0 -3.21158144615
23.1 -2.94109878356
23.2 -2.61333502665
23.3 -2.23447560714
23.4 -1.81224269215
23.5 -1.35628261102
23.6 -0.878314595982
23.7 -0.391565433317
23.8 0.0905912671815
23.9 0.556351031457
24.0 0.996837100242
24.1 1.40654707968
24.2 1.78279095017
24.3 2.12446829095
24.4 2.43071633227
24.5 2.69985887328
24.6 2.92885756504
24.7 3.11328424581
24.8 3.24775017868
24.9 3.32668840054
25.0 3.34532917334
25.1 3.30065369752
25.2 3.19212396225
25.3 3.02208348856
25.4 2.79582478188
25.5 2.5213198137
25.6 2.20850936905
25.7 1.86799534678
25.8 1.50916039384
25.9 1.13816748995
26.0 0.756717296755
26.1 0.362477482236
26.2 -0.0484733724694
26.3 -0.477837790236
26.4 -0.921443179821
26.5 -1.3674179506
26.6 -1.7971552626
26.7 -2.18876623945
26.8 -2.52164117531
26.9 -2.78040536381
27.0 -2.95707285948
27.1 -3.05115897646
27.2 -3.06831768261
27.3 -3.01834998697
27.4 -2.91322297852
27.5 -2.76536954548
27.6 -2.58631103151
27.7 -2.38562971341
27.8 -2.17037369687
27.9 -1.9449458825
28.0 -1.71140185554
28.1 -1.46998459485
28.2 -1.21976003096
28.3 -0.959338601287
28.4 -0.68771259937
28.5 -0.405106931118
28.6 -0.113529540956
28.7 0.183340344216
28.8 0.481007787398
28.9 0.775344914396
29.0 1.06332927245
29.1 1.34270119391
29.2 1.61055389128
29.3 1.86165360498
29.4 2.08765305254
29.5 2.27799220707
29.6 2.42235109205
29.7 2.5136017236
29.8 2.54987864898
29.9 2.53483751518
30.0 2.4760866067
30.1 2.3824436148
30.2 2.26157774715
30.3 2.11850661896
30.4 1.95498317081
30.5 1.77011619463
30.6 1.56174589455
30.7 1.32819223239
30.8 1.06992851141
30.9 0.790654208539
31.0 0.497297498557
31.1 0.198804973279
31.2 -0.0958912188282
31.3 -0.379884972493
31.4 -0.649383006606
31.5 -0.903392718814
31.6 -1.14223203608
31.7 -1.3656412182
31.8 -1.57139451145
31.9 -1.75497301337
32.0 -1.91032160823
32.1 -2.03128456365
32.2 -2.11315888583
32.3 -2.15387964269
32.4 -2.15452000387
32.5 -2.11896516238
32.6 -2.05281443632
32.7 -1.9618063029
32.8 -1.85028688583
32.9 -1.72030621557
33.0 -1.57171439915
33.1 -1.40319452086
33.2 -1.21374019788
33.3 -1.00392169265
33.4 -0.776477952205
33.5 -0.536172829656
33.6 -0.289183586802
33.7 -0.042358213448
33.8 0.197478610957
33.9 0.424165648395
34.0 0.632798837429
34.1 0.820150245438
34.2 0.984687905147
34.3 1.12609305536
34.4 1.24448403723
34.5 1.33982017576
34.6 1.4119105944
34.7 1.46104853604
34.8 1.4887885692
34.9 1.49816848803
35.0 1.49296415779
35.1 1.47620555248
35.2 1.44874699245
35.3 1.4087691266
35.4 1.35260987822
35.5 1.27657565208
35.6 1.17884208472
35.7 1.06053138951
35.8 0.925519655226
35.9 0.779166144493
36.0 0.626608809239
36.1 0.471358210399
36.2 0.314702043113
36.3 0.156080793199
36.4 -0.00574039555572
36.5 -0.171134027002
36.6 -0.338283870935
36.7 -0.502630906331
36.8 -0.657413741713
36.9 -0.795189944585
37.0 -0.909764110065
37.1 -0.997717797012
37.2 -1.05890468027
37.3 -1.09577968124
37.4 -1.11199089944
37.5 -1.11095315925
37.6 -1.09499565271
37.7 -1.06525997189
37.8 -1.02211398464
37.9 -0.965687045718
38.0 -0.896256113028
38.1 -0.814451926213
38.2 -0.721397937383
38.3 -0.618855796759
38.4 -0.50931453135
38.5 -0.395884467433
38.6 -0.281929093628
38.7 -0.170536676949
38.8 -0.0640614049504
38.9 0.0360526037087
39.0 0.129102189871
39.1 0.214728949914
39.2 0.292509959385
39.3 0.361719828712
39.4 0.421336323469
39.5 0.470245190763
39.6 0.507532953433
39.7 0.532747494582
39.8 0.54603635935
39.9 0.548123381951
40.0 0.54014467478
40.1 0.523420247794
40.2 0.499262001162
40.3 0.468891358936
40.4 0.433468251962
40.5 0.394160589021
40.6 0.352161507514
40.7 0.30860962193
40.8 0.264451610541
40.9 0.220343013702
41.0 0.176667421712
41.1 0.133676755164
41.2 0.0916737654724
41.3 0.0511317006538
41.4 0.0126910798426
41.5 -0.0229474007272
41.6 -0.0551593746386
41.7 -0.083489791675
41.8 -0.107675526411
41.9 -0.127619695388
42.0 -0.143356959673
42.1 -0.155031724133
42.2 -0.162883623284
42.3 -0.167223312472
42.4 -0.16839273038
42.5 -0.166722950328
42.6 -0.162510359372
42.7 -0.156021854655
42.8 -0.147521655211
42.9 -0.137300924268
43.0 -0.125693521072
43.1 -0.113072091391
43.2 -0.0998287032231
43.3 -0.0863478004543
43.4 -0.0729779645911
43.5 -0.0600074208472
43.6 -0.0476483552945
43.7 -0.0360349158741
43.8 -0.02523661993
43.9 -0.0152831989548
44.0 -0.00619215874071
44.1 0.00201023242838
44.2 0.00928012230203
44.3 0.0155598838172
44.4 0.0207913434499
44.5 0.0249336983722
44.6 0.0279809157996
44.7 0.0299731883048
44.8 0.0309978495687
44.9 0.0311782991094
45.0 0.0306544991923
45.1 0.0295627342841
45.2 0.0280224896498
45.3 0.0261339550782
45.4 0.0239836056208
45.5 0.0216516305241
45.6 0.0192157931651
45.7 0.0167502808721
45.8 0.0143218802284
45.9 0.011986843876
46.0 0.00979013290532
46.1 0.0077663584886
46.2 0.00594071730946
46.3 0.00432895249689
46.4 0.00293679290793
46.5 0.0017600749958
46.6 0.000786353201005
46.7 -2.2004215997e-06
46.8 -0.000625555364807
46.9 -0.0011032452365
47.0 -0.00145299383534
47.1 -0.00169052841508
47.2 -0.00183019832706
47.3 -0.00188587554945
47.4 -0.00187163279444
47.5 -0.00180185476037
47.6 -0.00169072934885
47.7 -0.00155138791181
47.8 -0.00139513509116
47.9 -0.00123111190242
48.0 -0.00106644144121
48.1 -0.000906632286121
48.2 -0.000755944969542
48.3 -0.000617568392178
48.4 -0.000493652934036
48.5 -0.000385342425018
48.6 -0.000292897479864
48.7 -0.000215893572788
48.8 -0.000153417588127
48.9 -0.000104210942595
49.0 -6.67671619823e-05
49.1 -3.94219157629e-05
49.2 -2.045559336e-05
49.3 -8.19429276744e-06
49.4 -1.08271488577e-06
49.5 2.28108217535e-06
49.6 3.13579009395e-06
49.7 2.55068870855e-06
49.8 1.4119769639e-06
49.9 4.04664388402e-07
50.0 0.0
50.1 0.0
50.2 0.0
50.3 0.0
50.4 0.0
50.5 0.0
50.6 0.0
50.7 0.0
50.8 0.0
50.9 0.0
51.0 0.0
51.1 0.0
51.2 0.0
51.3 0.0
51.4 0.0
51.5 0.0
51.6 0.0
51.7 0.0
51.8 0.0
51.9 0.0
52.0 0.0
52.1 0.0
52.2 0.0
52.3 0.0
52.4 0.0
52.5 0.0
52.6 0.0
52.7 0.0
52.8 0.0
52.9 0.0
53.0 0.0
53.1 0.0
53.2 0.0
53.3 0.0
53.4 0.0
53.5 0.0
53.6 0.0
53.7 0.0
53.8 0.0
53.9 0.0
54.0 0.0
54.1 0.0
54.2 0.0
54.3 0.0
54.4 0.0
54.5 0.0
54.6 0.0
54.7 0.0
54.8 0.0
54.9 0.0
55.0 0.0
55.1 0.0
55.2 0.0
55.3 0.0
55.4 0.0
55.5 0.0
55.6 0.0
55.7 0.0
55.8 0.0
55.9 0.0
56.0 0.0
56.1 0.0
56.2 0.0
56.3 0.0
56.4 0.0
56.5 0.0
56.6 0.0
56.7 0.0
56.8 0.0
56.9 0.0
57.0 0.0
57.1 0.0
57.2 0.0
57.3 0.0
57.4 0.0
57.5 0.0
57.6 0.0
57.7 0.0
57.8 0.0
57.9 0.0
58.0 0.0
58.1 0.0
58.2 0.0
58.3 0.0
58.4 0.0
58.5 0.0
58.6 0.0
58.7 0.0
58.8 0.0
58.9 0.0
59.0 0.0
59.1 0.0
59.2 0.0
59.3 0.0
59.4 0.0
59.5 0.0
59.6 0.0
59.7 0.0
59.8 0.0
59.9 0.0
60.0 0.0
60.1 0.0
60.2 0.0
60.3 0.0
60.4 0.0
60.5 0.0
60.6 0.0
60.7 0.0
60.8 0.0
60.9 0.0
61.0 0.0
61.1 0.0
61.2 0.0
61.3 0.0
61.4 0.0
61.5 0.0
61.6 0.0
61.7 0.0
61.8 0.0
61.9 0.0
62.0 0.0
62.1 0.0
62.2 0.0
62.3 0.0
62.4 0.0
62.5 0.0
62.6 0.0
62.7 0.0
62.8 0.0
62.9 0.0
63.0 0.0
63.1 0.0
63.2 0.0
63.3 0.0
63.4 0.0
63.5 0.0
63.6 0.0
63.7 0.0
63.8 0.0
63.9 0.0
64.0 0.0
64.1 0.0
64.2 0.0
64.3 0.0
64.4 0.0
64.5 0.0
64.6 0.0
64.7 0.0
64.8 0.0
64.9 0.0
65.0 0.0
65.1 0.0
65.2 0.0
65.3 0.0
65.4 0.0
65.5 0.0
65.6 0.0
65.7 0.0
65.8 0.0
65.9 0.0
66.0 0.0
66.1 0.0
66.2 0.0
66.3 0.0
66.4 0.0
66.5 0.0
66.6 0.0
66.7 0.0
66.8 0.0
66.9 0.0
67.0 0.0
67.1 0.0
67.2 0.0
67.3 0.0
67.4 0.0
67.5 0.0
67.6 0.0
67.7 0.0
67.8 0.0
67.9 0.0
68.0 0.0
68.1 0.0
68.2 0.0
68.3 0.0
68.4 0.0
68.5 0.0
68.6 0.0
68.7 0.0
68.8 0.0
68.9 0.0
69.0 0.0
69.1 0.0
69.2 0.0
69.3 0.0
69.4 0.0
69.5 0.0
69.6 0.0
69.7 0.0
69.8 0.0
69.9 0.0
70.0 0.0
70.1 0.0
70.2 0.0
70.3 0.0
70.4 0.0
70.5 0.0
70.6 0.0
70.7 0.0
70.8 0.0
70.9 0.0
71.0 0.0
71.1 0.0
71.2 0.0
71.3 0.0
71.4 0.0
71.5 0.0
71.6 0.0
71.7 0.0
71.8 0.0
71.9 0.0
72.0 0.0
72.1 0.0
72.2 0.0
72.3 0.0
72.4 0.0
72.5 0.0
72.6 0.0
72.7 0.0
72.8 0.0
72.9 0.0
73.0 0.0
73.1 0.0
73.2 0.0
73.3 0.0
73.4 0.0
73.5 0.0
73.6 0.0
73.7 0.0
73.8 0.0
73.9 0.0
74.0 0.0
74.1 0.0
74.2 0.0
74.3 0.0
74.4 0.0
74.5 0.0
74.6 0.0
74.7 0.0
74.8 0.0
74.9 0.0
75.0 0.0
75.1 0.0
75.2 0.0
75.3 0.0
75.4 0.0
75.5 0.0
75.6 0.0
75.7 0.0
75.8 0.0
75.9 0.0
76.0 0.0
76.1 0.0
76.2 0.0
76.3 0.0
76.4 0.0
76.5 0.0
76.6 0.0
76.7 0.0
76.8 0.0
76.9 0.0
77.0 0.0
77.1 0.0
77.2 0.0
77.3 0.0
77.4 0.0
77.5 0.0
77.6 0.0
77.7 0.0
77.8 0.0
77.9 0.0
78.0 0.0
78.1 0.0
78.2 0.0
78.3 0.0
78.4 0.0
78.5 0.0
78.6 0.0
78.7 0.0
78.8 0.0
78.9 0.0
79.0 0.0
79.1 0.0
79.2 0.0
79.3 0.0
79.4 0.0
79.5 0.0
79.6 0.0
79.7 0.0
79.8 0.0
79.9 0.0
80.0 0.0
80.1 0.0
80.2 0.0
80.3 0.0
80.4 0.0
80.5 0.0
80.6 0.0
80.7 0.0
80.8 0.0
80.9 0.0
81.0 0.0
81.1 0.0
81.2 0.0
81.3 0.0
81.4 0.0
81.5 0.0
81.6 0.0
81.7 0.0
81.8 0.0
81.9 0.0
82.0 0.0
82.1 0.0
82.2 0.0
82.3 0.0
82.4 0.0
82.5 0.0
82.6 0.0
82.7 0.0
82.8 0.0
82.9 0.0
83.0 0.0
83.1 0.0
83.2 0.0
83.3 0.0
83.4 0.0
83.5 0.0
83.6 0.0
83.7 0.0
83.8 0.0
83.9 0.0
84.0 0.0
84.1 0.0
84.2 0.0
84.3 0.0
84.4 0.0
84.5 0.0
84.6 0.0
84.7 0.0
84.8 0.0
84.9 0.0
85.0 0.0
85.1 0.0
85.2 0.0
85.3 0.0
85.4 0.0
85.5 0.0
85.6 0.0
85.7 0.0
85.8 0.0
85.9 0.0
86.0 0.0
86.1 0.0
86.2 0.0
86.3 0.0
86.4 0.0
86.5 0.0
86.6 0.0
86.7 0.0
86.8 0.0
86.9 0.0
87.0 0.0
87.1 0.0
87.2 0.0
87.3 0.0
87.4 0.0
87.5 0.0
87.6 0.0
87.7 0.0
87.8 0.0
87.9 0.0
88.0 0.0
88.1 0.0
88.2 0.0
88.3 0.0
88.4 0.0
88.5 0.0
88.6 0.0
88.7 0.0
88.8 0.0
88.9 0.0
89.0 0.0
89.1 0.0
89.2 0.0
89.3 0.0
89.4 0.0
89.5 0.0
89.6 0.0
89.7 0.0
89.8 0.0
89.9 0.0
90.0 0.0
90.1 0.0
90.2 0.0
90.3 0.0
90.4 0.0
90.5 0.0
90.6 0.0
90.7 0.0
90.8 0.0
90.9 0.0
91.0 0.0
91.1 0.0
91.2 0.0
91.3 0.0
91.4 0.0
91.5 0.0
91.6 0.0
91.7 0.0
91.8 0.0
91.9 0.0
92.0 0.0
92.1 0.0
92.2 0.0
92.3 0.0
92.4 0.0
92.5 0.0
92.6 0.0
92.7 0.0
92.8 0.0
92.9 0.0
93.0 0.0
93.1 0.0
93.2 0.0
93.3 0.0
93.4 0.0
93.5 0.0
93.6 0.0
93.7 0.0
93.8 0.0
93.9 0.0
94.0 0.0
94.1 0.0
94.2 0.0
94.3 0.0
94.4 0.0
94.5 0.0
94.6 0.0
94.7 0.0
94.8 0.0
94.9 0.0
95.0 0.0
95.1 0.0
95.2 0.0
95.3 0.0
95.4 0.0
95.5 0.0
95.6 0.0
95.7 0.0
95.8 0.0
95.9 0.0
96.0 0.0
96.1 0.0
96.2 0.0
96.3 0.0
96.4 0.0
96.5 0.0
96.6 0.0
96.7 0.0
96.8 0.0
96.9 0.0
97.0 0.0
97.1 0.0
97.2 0.0
97.3 0.0
97.4 0.0
97.5 0.0
97.6 0.0
97.7 0.0
97.8 0.0
97.9 0.0
98.0 0.0
98.1 0.0
98.2 0.0
98.3 0.0
98.4 0.0
98.5 0.0
98.6 0.0
98.7 0.0
98.8 0.0
98.9 0.0
99.0 0.0
99.1 0.0
99.2 0.0
99.3 0.0
99.4 0.0
99.5 0.0
99.6 0.0
99.7 0.0
99.8 0.0
99.9 0.0
100.0 0.0
100.1 0.0
100.2 0.0
100.3 0.0
100.4 0.0
100.5 0.0
100.6 0.0
100.7 0.0
100.8 0.0
100.9 0.0
101.0 0.0
101.1 0.0
101.2 0.0
101.3 0.0
101.4 0.0
101.5 0.0
101.6 0.0
101.7 0.0
101.8 0.0
101.9 0.0
102.0 0.0
102.1 0.0
102.2 0.0
102.3 0.0
