0.0 -0.242172987759
0.09465 -0.0815287415142
0.1893 0.102392840907
0.28395 0.275332122618
0.3786 0.406777024025
0.47325 0.481922550832
0.5679 0.505668825477
0.66255 0.497167051651
0.7572 0.477747596086
0.85185 0.457723183019
0.9465 0.428760911922
1.04115 0.366309445917
1.1358 0.241626844668
1.23045 0.0389418553292
1.3251 -0.229370559154
1.41975 -0.517554608228
1.5144 -0.755740690231
1.60905 -0.871017455243
1.7037 -0.809504314155
1.79835 -0.548748786932
1.893 -0.100124181258
1.98765 0.492349449378
2.0823 1.1534149141
2.17695 1.7790880704
2.2716 2.24111765428
2.36625 2.3961373892
2.4609 2.10650651389
2.55555 1.27636051575
2.6502 -0.105098566514
2.74485 -1.92888848707
2.8395 -3.95313867715
2.93415 -5.81811424063
3.0288 -7.09278557783
3.12345 -7.35425132655
3.2181 -6.29528880508
3.31275 -3.83936423438
3.4074 -0.221943399134
3.50205 4.00671137075
3.5967 8.07710600252
3.69135 11.1746575642
3.786 12.6416055204
3.88065 12.1454587594
3.9753 9.76302141771
4.06995 5.95482276208
4.1646 1.43804819158
4.25925 -3.00235511694
4.3539 -6.70488858231
4.44855 -9.2659143907
4.5432 -10.5802222302
4.63785 -10.7869471144
4.7325 -10.1544982592
4.82715 -8.95608179447
4.9218 -7.38397742344
5.01645 -5.52858113287
5.1111 -3.41660309008
5.20575 -1.077260484
5.3004 1.40179326067
5.39505 3.85546773364
5.4897 6.06513431319
5.58435 7.81225825442
5.679 8.93751272359
5.77365 9.38069534483
5.8683 9.18588797522
5.96295 8.47125210008
6.0576 7.37810109408
6.15225 6.02251437714
6.2469 4.47057684598
6.34155 2.746428769
6.4362 0.866489915398
6.53085 -1.11904314151
6.6255 -3.09973567248
6.72015 -4.90860855478
6.8148 -6.35677579499
6.90945 -7.28567574693
7.0041 -7.61600557291
7.09875 -7.37414804782
7.1934 -6.6859582154
7.28805 -5.73988802333
7.3827 -4.7322871061
7.47735 -3.8136389429
7.572 -3.05364408249
7.66665 -2.43582983153
7.7613 -1.88108653795
7.85595 -1.28891291994
7.9506 -0.579596975746
8.04525 0.277982490055
8.1399 1.26067900042
8.23455 2.30549812276
8.3292 3.33468993846
8.42385 4.27966493653
8.5185 5.09439686537
8.61315 5.75475617412
8.7078 6.24679271311
8.80245 6.5515874734
8.8971 6.63527123942
8.99175 6.45016086082
9.0864 5.94781089301
9.18105 5.09914734998
9.2757 3.91321515523
9.37035 2.44637358135
9.465 0.797858018226
9.55965 -0.906726108207
9.6543 -2.53778403751
9.74895 -3.98230719347
9.8436 -5.15712945486
9.93825 -6.01342376286
10.0329 -6.5345015047
10.12755 -6.73039399881
10.2222 -6.63196454611
10.31685 -6.28545417046
10.4115 -5.74668774082
10.50615 -5.07366134459
10.6008 -4.31737410499
10.69545 -3.51292706363
10.7901 -2.67452221774
10.88475 -1.79764633406
10.9794 -0.869157159738
11.07405 0.117665510557
11.1687 1.14896142275
11.26335 2.18345382833
11.358 3.15688788366
11.45265 3.99691888041
11.5473 4.64278102422
11.64195 5.06171769013
11.7366 5.25552942998
11.83125 5.25497528416
11.9259 5.10503305952
12.02055 4.84776667192
12.1152 4.51009819696
12.20985 4.10094481982
12.3045 3.61742422879
12.39915 3.05557557724
12.4938 2.41939326689
12.58845 1.72362122405
12.6831 0.989660648744
12.77775 0.23794723397
12.8724 -0.517911035729
12.96705 -1.27112222729
13.0617 -2.01532800115
13.15635 -2.73537512654
13.251 -3.40092637534
13.34565 -3.96763636128
13.4403 -4.3869471634
13.53495 -4.62104292824
13.6296 -4.6564936652
13.72425 -4.51022294729
13.8189 -4.22468985784
13.91355 -3.85402353916
14.0082 -3.44691723005
14.10285 -3.03340122586
14.1975 -2.62058154222
14.29215 -2.19813636517
14.3868 -1.7499641645
14.48145 -1.26598470044
14.5761 -0.748731847252
14.67075 -0.212513855115
14.7654 0.323185989076
14.86005 0.841738929802
14.9547 1.33431920394
15.04935 1.79943467869
15.144 2.23790952732
15.23865 2.64665778186
15.3333 3.01505506175
15.42795 3.32606171028
15.5226 3.56149274271
15.61725 3.70852465684
15.7119 3.76391150798
15.80655 3.73372046474
15.9012 3.62889018251
15.99585 3.45917058293
16.0905 3.22880604185
16.18515 2.9362855719
16.2798 2.57821557576
16.37445 2.15512314909
16.4691 1.67596805228
16.56375 1.15883923409
16.6584 0.627316488304
16.75305 0.10419908893
16.8477 -0.394415490543
16.94235 -0.861991822572
17.037 -1.30024892587
17.13165 -1.71462165033
17.2263 -2.10885418253
17.32095 -2.48123699042
17.4156 -2.82391696042
17.51025 -3.12507266906
17.6049 -3.37244315371
17.69955 -3.55634722598
17.7942 -3.67097621949
17.88885 -3.71389421541
17.9835 -3.68463394375
18.07815 -3.58353363745
18.1728 -3.41148382024
18.26745 -3.17044482724
18.3621 -2.8640168001
18.45675 -2.49736146567
18.5514 -2.07634668258
18.64605 -1.60650021494
18.7407 -1.09270738276
18.83535 -0.540282631701
18.93 0.0427838906508
19.02465 0.643477632267
19.1193 1.24274940637
19.21395 1.81685442157
19.3086 2.34098226236
19.40325 2.79395162439
19.4979 3.16210859834
19.59255 3.44083534904
19.6872 3.63314128123
19.78185 3.74613614648
19.8765 3.78709489953
19.97115 3.76086063234
20.0658 3.66950486299
20.16045 3.51393958248
20.2551 3.29621422554
20.34975 3.02102797338
20.4444 2.69560760301
20.53905 2.32815460882
20.6337 1.92593827315
20.72835 1.49431097257
20.823 1.03734904449
20.91765 0.559819252138
21.0123 0.0693220129355
21.10695 -0.422736286933
21.2016 -0.902110327667
21.29625 -1.35434435126
21.3909 -1.76784793057
21.48555 -2.13590202744
21.5802 -2.45658952449
21.67485 -2.73070664079
21.7695 -2.9587607653
21.86415 -3.13863619581
21.9588 -3.26515749277
22.05345 -3.33178624063
22.1481 -3.33357420057
22.24275 -3.26984401875
22.3374 -3.1452082772
22.43205 -2.96838224103
22.5267 -2.7493480302
22.62135 -2.4962238512
22.716 -2.21329539369
22.81065 -1.90105954759
22.9053 -1.5581523794
22.99995 -1.18418503599
23.0946 -0.782190171309
23.18925 -0.359688215194
23.2839 0.0719021645083
23.37855 0.499056554549
23.4732 0.908293729382
23.56785 1.28790367557
23.6625 1.62888000862
23.75715 1.9251376337
23.8518 2.17334925071
23.94645 2.37269402927
24.0411 2.52458248329
24.13575 2.63221234386
24.2304 2.6997909029
24.32505 2.73145170844
24.4197 2.73016249325
24.51435 2.6970668332
24.609 2.63159274448
24.70365 2.53232506577
24.7983 2.39825389057
24.89295 2.22980461301
24.9876 2.02916221736
25.08225 1.79978091208
25.1769 1.54541570006
25.27155 1.26927261522
25.3662 0.973795578037
25.46085 0.661228775741
25.5555 0.334628268638
25.65015 -0.00128538835352
25.7448 -0.33997134544
25.83945 -0.673757358674
25.9341 -0.995032401659
26.02875 -1.29729936111
26.1234 -1.57551322832
26.21805 -1.82554579951
26.3127 -2.04315195305
26.40735 -2.22315830635
26.502 -2.3595397761
26.59665 -2.44659888412
26.6913 -2.48084523762
26.78595 -2.46272056943
26.8806 -2.39728390895
26.97525 -2.29339986534
27.0699 -2.16165511991
27.16455 -2.01182029489
27.2592 -1.85087465899
27.35385 -1.68231878358
27.4485 -1.50686805426
27.54315 -1.32397338481
27.6378 -1.13328188277
27.73245 -0.935288670146
27.8271 -0.730952742263
27.92175 -0.52066896552
28.0164 -0.303375250368
28.11105 -0.076526988163
28.2057 0.162781861772
28.30035 0.415892557826
28.395 0.680661603263
28.48965 0.950382405482
28.5843 1.21421222188
28.67895 1.45911734976
28.7736 1.67250709179
28.86825 1.8447926736
28.9629 1.97103540878
29.05755 2.05126967933
29.1522 2.08958038519
29.24685 2.09239448411
29.3415 2.06658967984
29.43615 2.01793592199
29.5308 1.95016759783
29.62545 1.86475744415
29.7201 1.76130333614
29.81475 1.63835444176
29.9094 1.49445939093
30.00405 1.32918621297
30.0987 1.14384885173
30.19335 0.941716894638
30.288 0.727616754746
30.38265 0.50703936978
30.4773 0.28507618806
30.57195 0.0656059856615
30.6666 -0.148926197513
30.76125 -0.357051782777
30.8559 -0.557380453921
30.95055 -0.747731935368
31.0452 -0.924781057486
31.13985 -1.08446335861
31.2345 -1.22300596516
31.32915 -1.33810753874
31.4238 -1.42967151403
31.51845 -1.49967407761
31.6131 -1.55114775546
31.70775 -1.58669094132
31.8024 -1.60715953239
31.89705 -1.61113365338
31.9917 -1.59540842718
32.08635 -1.55630036687
32.181 -1.49121079752
32.27565 -1.39980635081
32.3703 -1.28438771013
32.46495 -1.14940160542
32.5596 -1.00041201898
32.65425 -0.84301608928
32.7489 -0.682109372867
32.84355 -0.521645763831
32.9382 -0.364754505733
33.03285 -0.21392164805
33.1275 -0.0709850066252
33.22215 0.0631129515045
33.3168 0.188645133844
33.41145 0.307203281043
33.5061 0.421350735946
33.60075 0.533795056642
33.6954 0.646298938825
33.79005 0.75871168039
33.8847 0.868500031806
33.97935 0.970987370774
34.074 1.06025257766
34.16865 1.13040835192
34.2633 1.17686526482
34.35795 1.19722430527
34.4526 1.19159305183
34.54725 1.16231547122
34.6419 1.11326897341
34.73655 1.04897061463
34.8312 0.973740684841
34.92585 0.891115711466
35.0205 0.803611140392
35.11515 0.712829680209
35.2098 0.619813623083
35.30445 0.525469220579
35.3991 0.430872043613
35.49375 0.337311403432
35.5884 0.246044759917
35.68305 0.157873623067
35.7777 0.0727607247023
35.87235 -0.0102743707317
35.967 -0.0928422259119
36.06165 -0.176497915247
36.1563 -0.261918515066
36.25095 -0.348283357543
36.3456 -0.433151563141
36.44025 -0.512942208674
36.5349 -0.583866259585
36.62955 -0.642952630549
36.7242 -0.688754458335
36.81885 -0.721450317707
36.9135 -0.742316019256
37.00815 -0.752818123117
37.1028 -0.753743075801
37.19745 -0.744750727186
37.2921 -0.724541803966
37.38675 -0.691551715344
37.4814 -0.644858145045
37.57605 -0.584917465401
37.6707 -0.513847379233
37.76535 -0.435187634886
37.86 -0.353285790624
37.95465 -0.27257016989
38.0493 -0.196947742386
38.14395 -0.129437182125
38.2386 -0.0720029180184
38.33325 -0.0254789053275
38.4279 0.0105034019965
38.52255 0.0375699526019
38.6172 0.0585323468807
38.71185 0.077058262771
38.8065 0.0970340401648
38.90115 0.121718590979
38.9958 0.152925915941
39.09045 0.19052037782
39.1851 0.232427601617
39.27975 0.275182298279
39.3744 0.314832416232
39.46905 0.347889100778
39.5637 0.372012547966
39.65835 0.386251275912
39.753 0.390843766698
39.84765 0.386757307817
39.9423 0.375207407713
40.03695 0.357352081155
40.1316 0.334226182607
40.22625 0.306844419924
40.3209 0.276326385115
40.41555 0.243913398247
40.5102 0.210835276308
40.60485 0.178089666499
40.6995 0.14625800935
40.79415 0.115469049409
40.8888 0.0855439580248
40.98345 0.0562609656245
41.0781 0.0276141448315
41.17275 -5.71075926778e-05
41.2674 -0.0261273147983
41.36205 -0.0499005302117
41.4567 -0.0708765944864
41.55135 -0.0889416564119
41.646 -0.104395269543
41.74065 -0.117802695744
41.8353 -0.129737760472
41.92995 -0.14052479056
42.0246 -0.150082295948
42.11925 -0.157923756798
42.2139 -0.163306528146
42.30855 -0.165466600649
42.4032 -0.163853965005
42.49785 -0.158294331928
42.5925 -0.149037625459
42.68715 -0.136694893615
42.7818 -0.122097733377
42.87645 -0.10612997031
42.9711 -0.0895801275978
43.06575 -0.0730500900947
43.1604 -0.0569362477742
43.25505 -0.0414788801584
43.3497 -0.0268568973024
43.44435 -0.0132915283645
43.539 -0.00111799067258
43.63365 0.00920811453927
43.7283 0.0171826196648
43.82295 0.0223874771361
43.9176 0.0246460502812
44.01225 0.0241421607394
44.1069 0.0214516467223
44.20155 0.0174615132953
44.2962 0.0131906527478
44.39085 0.00956318636478
44.4855 0.00720567133375
44.58015 0.00633347179325
44.6748 0.00676056336547
44.76945 0.00802259384387
44.8641 0.00956299022912
44.95875 0.0109126785919
45.0534 0.0118030983368
45.14805 0.0121846685197
45.2427 0.0121634259347
45.33735 0.0118989147103
45.432 0.011514096207
45.52665 0.0110522342541
45.6213 0.0104869107893
45.71595 0.0097652350654
45.8106 0.00885326463469
45.90525 0.00775954696519
45.9999 0.00653054739868
46.09455 0.0052288090221
46.1892 0.00391166508323
46.28385 0.00262320934049
46.3785 0.00140041045408
46.47315 0.000284186809874
46.5678 -0.000676059999171
46.66245 -0.00143021852753
46.7571 -0.0019442420307
46.85175 -0.00221633251743
46.9464 -0.00228303971169
47.04105 -0.00221154020868
47.1357 -0.00208181001479
47.23035 -0.00196711374767
47.325 -0.00192091895591
47.41965 -0.00192091895591
47.5143 -0.00192091895591
47.60895 -0.00192091895591
47.7036 -0.00192091895591
47.79825 -0.00192091895591
47.8929 -0.00192091895591
47.98755 -0.00192091895591
48.0822 -0.00192091895591
48.17685 -0.00192091895591
48.2715 -0.00192091895591
48.36615 -0.00192091895591
48.4608 -0.00192091895591
48.55545 -0.00192091895591
48.6501 -0.00192091895591
48.74475 -0.00192091895591
48.8394 -0.00192091895591
48.93405 -0.00192091895591
49.0287 -0.00192091895591
49.12335 -0.00192091895591
49.218 -0.00192091895591
49.31265 -0.00192091895591
49.4073 -0.00192091895591
49.50195 -0.00192091895591
49.5966 -0.00192091895591
49.69125 -0.00192091895591
49.7859 -0.00192091895591
49.88055 -0.00192091895591
49.9752 -0.00192091895591
50.06985 -0.00192091895591
50.1645 -0.00192091895591
50.25915 -0.00192091895591
50.3538 -0.00192091895591
50.44845 -0.00192091895591
50.5431 -0.00192091895591
50.63775 -0.00192091895591
50.7324 -0.00192091895591
50.82705 -0.00192091895591
50.9217 -0.00192091895591
51.01635 -0.00192091895591
51.111 -0.00192091895591
51.20565 -0.00192091895591
51.3003 -0.00192091895591
51.39495 -0.00192091895591
51.4896 -0.00192091895591
51.58425 -0.00192091895591
51.6789 -0.00192091895591
51.77355 -0.00192091895591
51.8682 -0.00192091895591
51.96285 -0.00192091895591
52.0575 -0.00192091895591
52.15215 -0.00192091895591
52.2468 -0.00192091895591
52.34145 -0.00192091895591
52.4361 -0.00192091895591
52.53075 -0.00192091895591
52.6254 -0.00192091895591
52.72005 -0.00192091895591
52.8147 -0.00192091895591
52.90935 -0.00192091895591
53.004 -0.00192091895591
53.09865 -0.00192091895591
53.1933 -0.00192091895591
53.28795 -0.00192091895591
53.3826 -0.00192091895591
53.47725 -0.00192091895591
53.5719 -0.00192091895591
53.66655 -0.00192091895591
53.7612 -0.00192091895591
53.85585 -0.00192091895591
53.9505 -0.00192091895591
54.04515 -0.00192091895591
54.1398 -0.00192091895591
54.23445 -0.00192091895591
54.3291 -0.00192091895591
54.42375 -0.00192091895591
54.5184 -0.00192091895591
54.61305 -0.00192091895591
54.7077 -0.00192091895591
54.80235 -0.00192091895591
54.897 -0.00192091895591
54.99165 -0.00192091895591
55.0863 -0.00192091895591
55.18095 -0.00192091895591
55.2756 -0.00192091895591
55.37025 -0.00192091895591
55.4649 -0.00192091895591
55.55955 -0.00192091895591
55.6542 -0.00192091895591
55.74885 -0.00192091895591
55.8435 -0.00192091895591
55.93815 -0.00192091895591
56.0328 -0.00192091895591
56.12745 -0.00192091895591
56.2221 -0.00192091895591
56.31675 -0.00192091895591
56.4114 -0.00192091895591
56.50605 -0.00192091895591
56.6007 -0.00192091895591
56.69535 -0.00192091895591
56.79 -0.00192091895591
56.88465 -0.00192091895591
56.9793 -0.00192091895591
57.07395 -0.00192091895591
57.1686 -0.00192091895591
57.26325 -0.00192091895591
57.3579 -0.00192091895591
57.45255 -0.00192091895591
57.5472 -0.00192091895591
57.64185 -0.00192091895591
57.7365 -0.00192091895591
57.83115 -0.00192091895591
57.9258 -0.00192091895591
58.02045 -0.00192091895591
58.1151 -0.00192091895591
58.20975 -0.00192091895591
58.3044 -0.00192091895591
58.39905 -0.00192091895591
58.4937 -0.00192091895591
58.58835 -0.00192091895591
58.683 -0.00192091895591
58.77765 -0.00192091895591
58.8723 -0.00192091895591
58.96695 -0.00192091895591
59.0616 -0.00192091895591
59.15625 -0.00192091895591
59.2509 -0.00192091895591
59.34555 -0.00192091895591
59.4402 -0.00192091895591
59.53485 -0.00192091895591
59.6295 -0.00192091895591
59.72415 -0.00192091895591
59.8188 -0.00192091895591
59.91345 -0.00192091895591
60.0081 -0.00192091895591
60.10275 -0.00192091895591
60.1974 -0.00192091895591
60.29205 -0.00192091895591
60.3867 -0.00192091895591
60.48135 -0.00192091895591
60.576 -0.00192091895591
60.67065 -0.00192091895591
60.7653 -0.00192091895591
60.85995 -0.00192091895591
60.9546 -0.00192091895591
61.04925 -0.00192091895591
61.1439 -0.00192091895591
61.23855 -0.00192091895591
61.3332 -0.00192091895591
61.42785 -0.00192091895591
61.5225 -0.00192091895591
61.61715 -0.00192091895591
61.7118 -0.00192091895591
61.80645 -0.00192091895591
61.9011 -0.00192091895591
61.99575 -0.00192091895591
62.0904 -0.00192091895591
62.18505 -0.00192091895591
62.2797 -0.00192091895591
62.37435 -0.00192091895591
62.469 -0.00192091895591
62.56365 -0.00192091895591
62.6583 -0.00192091895591
62.75295 -0.00192091895591
62.8476 -0.00192091895591
62.94225 -0.00192091895591
63.0369 -0.00192091895591
63.13155 -0.00192091895591
63.2262 -0.00192091895591
63.32085 -0.00192091895591
63.4155 -0.00192091895591
63.51015 -0.00192091895591
63.6048 -0.00192091895591
63.69945 -0.00192091895591
63.7941 -0.00192091895591
63.88875 -0.00192091895591
63.9834 -0.00192091895591
64.07805 -0.00192091895591
64.1727 -0.00192091895591
64.26735 -0.00192091895591
64.362 -0.00192091895591
64.45665 -0.00192091895591
64.5513 -0.00192091895591
64.64595 -0.00192091895591
64.7406 -0.00192091895591
64.83525 -0.00192091895591
64.9299 -0.00192091895591
65.02455 -0.00192091895591
65.1192 -0.00192091895591
65.21385 -0.00192091895591
65.3085 -0.00192091895591
65.40315 -0.00192091895591
65.4978 -0.00192091895591
65.59245 -0.00192091895591
65.6871 -0.00192091895591
65.78175 -0.00192091895591
65.8764 -0.00192091895591
65.97105 -0.00192091895591
66.0657 -0.00192091895591
66.16035 -0.00192091895591
66.255 -0.00192091895591
66.34965 -0.00192091895591
66.4443 -0.00192091895591
66.53895 -0.00192091895591
66.6336 -0.00192091895591
66.72825 -0.00192091895591
66.8229 -0.00192091895591
66.91755 -0.00192091895591
67.0122 -0.00192091895591
67.10685 -0.00192091895591
67.2015 -0.00192091895591
67.29615 -0.00192091895591
67.3908 -0.00192091895591
67.48545 -0.00192091895591
67.5801 -0.00192091895591
67.67475 -0.00192091895591
67.7694 -0.00192091895591
67.86405 -0.00192091895591
67.9587 -0.00192091895591
68.05335 -0.00192091895591
68.148 -0.00192091895591
68.24265 -0.00192091895591
68.3373 -0.00192091895591
68.43195 -0.00192091895591
68.5266 -0.00192091895591
68.62125 -0.00192091895591
68.7159 -0.00192091895591
68.81055 -0.00192091895591
68.9052 -0.00192091895591
68.99985 -0.00192091895591
69.0945 -0.00192091895591
69.18915 -0.00192091895591
69.2838 -0.00192091895591
69.37845 -0.00192091895591
69.4731 -0.00192091895591
69.56775 -0.00192091895591
69.6624 -0.00192091895591
69.75705 -0.00192091895591
69.8517 -0.00192091895591
69.94635 -0.00192091895591
70.041 -0.00192091895591
70.13565 -0.00192091895591
70.2303 -0.00192091895591
70.32495 -0.00192091895591
70.4196 -0.00192091895591
70.51425 -0.00192091895591
70.6089 -0.00192091895591
70.70355 -0.00192091895591
70.7982 -0.00192091895591
70.89285 -0.00192091895591
70.9875 -0.00192091895591
71.08215 -0.00192091895591
71.1768 -0.00192091895591
71.27145 -0.00192091895591
71.3661 -0.00192091895591
71.46075 -0.00192091895591
71.5554 -0.00192091895591
71.65005 -0.00192091895591
71.7447 -0.00192091895591
71.83935 -0.00192091895591
71.934 -0.00192091895591
72.02865 -0.00192091895591
72.1233 -0.00192091895591
72.21795 -0.00192091895591
72.3126 -0.00192091895591
72.40725 -0.00192091895591
72.5019 -0.00192091895591
72.59655 -0.00192091895591
72.6912 -0.00192091895591
72.78585 -0.00192091895591
72.8805 -0.00192091895591
72.97515 -0.00192091895591
73.0698 -0.00192091895591
73.16445 -0.00192091895591
73.2591 -0.00192091895591
73.35375 -0.00192091895591
73.4484 -0.00192091895591
73.54305 -0.00192091895591
73.6377 -0.00192091895591
73.73235 -0.00192091895591
73.827 -0.00192091895591
73.92165 -0.00192091895591
74.0163 -0.00192091895591
74.11095 -0.00192091895591
74.2056 -0.00192091895591
74.30025 -0.00192091895591
74.3949 -0.00192091895591
74.48955 -0.00192091895591
74.5842 -0.00192091895591
74.67885 -0.00192091895591
74.7735 -0.00192091895591
74.86815 -0.00192091895591
74.9628 -0.00192091895591
75.05745 -0.00192091895591
75.1521 -0.00192091895591
75.24675 -0.00192091895591
75.3414 -0.00192091895591
75.43605 -0.00192091895591
75.5307 -0.00192091895591
75.62535 -0.00192091895591
75.72 -0.00192091895591
75.81465 -0.00192091895591
75.9093 -0.00192091895591
76.00395 -0.00192091895591
76.0986 -0.00192091895591
76.19325 -0.00192091895591
76.2879 -0.00192091895591
76.38255 -0.00192091895591
76.4772 -0.00192091895591
76.57185 -0.00192091895591
76.6665 -0.00192091895591
76.76115 -0.00192091895591
76.8558 -0.00192091895591
76.95045 -0.00192091895591
77.0451 -0.00192091895591
77.13975 -0.00192091895591
77.2344 -0.00192091895591
77.32905 -0.00192091895591
77.4237 -0.00192091895591
77.51835 -0.00192091895591
77.613 -0.00192091895591
77.70765 -0.00192091895591
77.8023 -0.00192091895591
77.89695 -0.00192091895591
77.9916 -0.00192091895591
78.08625 -0.00192091895591
78.1809 -0.00192091895591
78.27555 -0.00192091895591
78.3702 -0.00192091895591
78.46485 -0.00192091895591
78.5595 -0.00192091895591
78.65415 -0.00192091895591
78.7488 -0.00192091895591
78.84345 -0.00192091895591
78.9381 -0.00192091895591
79.03275 -0.00192091895591
79.1274 -0.00192091895591
79.22205 -0.00192091895591
79.3167 -0.00192091895591
79.41135 -0.00192091895591
79.506 -0.00192091895591
79.60065 -0.00192091895591
79.6953 -0.00192091895591
79.78995 -0.00192091895591
79.8846 -0.00192091895591
79.97925 -0.00192091895591
80.0739 -0.00192091895591
80.16855 -0.00192091895591
80.2632 -0.00192091895591
80.35785 -0.00192091895591
80.4525 -0.00192091895591
80.54715 -0.00192091895591
80.6418 -0.00192091895591
80.73645 -0.00192091895591
80.8311 -0.00192091895591
80.92575 -0.00192091895591
81.0204 -0.00192091895591
81.11505 -0.00192091895591
81.2097 -0.00192091895591
81.30435 -0.00192091895591
81.399 -0.00192091895591
81.49365 -0.00192091895591
81.5883 -0.00192091895591
81.68295 -0.00192091895591
81.7776 -0.00192091895591
81.87225 -0.00192091895591
81.9669 -0.00192091895591
82.06155 -0.00192091895591
82.1562 -0.00192091895591
82.25085 -0.00192091895591
82.3455 -0.00192091895591
82.44015 -0.00192091895591
82.5348 -0.00192091895591
82.62945 -0.00192091895591
82.7241 -0.00192091895591
82.81875 -0.00192091895591
82.9134 -0.00192091895591
83.00805 -0.00192091895591
83.1027 -0.00192091895591
83.19735 -0.00192091895591
83.292 -0.00192091895591
83.38665 -0.00192091895591
83.4813 -0.00192091895591
83.57595 -0.00192091895591
83.6706 -0.00192091895591
83.76525 -0.00192091895591
83.8599 -0.00192091895591
83.95455 -0.00192091895591
84.0492 -0.00192091895591
84.14385 -0.00192091895591
84.2385 -0.00192091895591
84.33315 -0.00192091895591
84.4278 -0.00192091895591
84.52245 -0.00192091895591
84.6171 -0.00192091895591
84.71175 -0.00192091895591
84.8064 -0.00192091895591
84.90105 -0.00192091895591
84.9957 -0.00192091895591
85.09035 -0.00192091895591
85.185 -0.00192091895591
85.27965 -0.00192091895591
85.3743 -0.00192091895591
85.46895 -0.00192091895591
85.5636 -0.00192091895591
85.65825 -0.00192091895591
85.7529 -0.00192091895591
85.84755 -0.00192091895591
85.9422 -0.00192091895591
86.03685 -0.00192091895591
86.1315 -0.00192091895591
86.22615 -0.00192091895591
86.3208 -0.00192091895591
86.41545 -0.00192091895591
86.5101 -0.00192091895591
86.60475 -0.00192091895591
86.6994 -0.00192091895591
86.79405 -0.00192091895591
86.8887 -0.00192091895591
86.98335 -0.00192091895591
87.078 -0.00192091895591
87.17265 -0.00192091895591
87.2673 -0.00192091895591
87.36195 -0.00192091895591
87.4566 -0.00192091895591
87.55125 -0.00192091895591
87.6459 -0.00192091895591
87.74055 -0.00192091895591
87.8352 -0.00192091895591
87.92985 -0.00192091895591
88.0245 -0.00192091895591
88.11915 -0.00192091895591
88.2138 -0.00192091895591
88.30845 -0.00192091895591
88.4031 -0.00192091895591
88.49775 -0.00192091895591
88.5924 -0.00192091895591
88.68705 -0.00192091895591
88.7817 -0.00192091895591
88.87635 -0.00192091895591
88.971 -0.00192091895591
89.06565 -0.00192091895591
89.1603 -0.00192091895591
89.25495 -0.00192091895591
89.3496 -0.00192091895591
89.44425 -0.00192091895591
89.5389 -0.00192091895591
89.63355 -0.00192091895591
89.7282 -0.00192091895591
89.82285 -0.00192091895591
89.9175 -0.00192091895591
90.01215 -0.00192091895591
90.1068 -0.00192091895591
90.20145 -0.00192091895591
90.2961 -0.00192091895591
90.39075 -0.00192091895591
90.4854 -0.00192091895591
90.58005 -0.00192091895591
90.6747 -0.00192091895591
90.76935 -0.00192091895591
90.864 -0.00192091895591
90.95865 -0.00192091895591
91.0533 -0.00192091895591
91.14795 -0.00192091895591
91.2426 -0.00192091895591
91.33725 -0.00192091895591
91.4319 -0.00192091895591
91.52655 -0.00192091895591
91.6212 -0.00192091895591
91.71585 -0.00192091895591
91.8105 -0.00192091895591
91.90515 -0.00192091895591
91.9998 -0.00192091895591
92.09445 -0.00192091895591
92.1891 -0.00192091895591
92.28375 -0.00192091895591
92.3784 -0.00192091895591
92.47305 -0.00192091895591
92.5677 -0.00192091895591
92.66235 -0.00192091895591
92.757 -0.00192091895591
92.85165 -0.00192091895591
92.9463 -0.00192091895591
93.04095 -0.00192091895591
93.1356 -0.00192091895591
93.23025 -0.00192091895591
93.3249 -0.00192091895591
93.41955 -0.00192091895591
93.5142 -0.00192091895591
93.60885 -0.00192091895591
93.7035 -0.00192091895591
93.79815 -0.00192091895591
93.8928 -0.00192091895591
93.98745 -0.00192091895591
94.0821 -0.00192091895591
94.17675 -0.00192091895591
94.2714 -0.00192091895591
94.36605 -0.00192091895591
94.4607 -0.00192091895591
94.55535 -0.00192091895591
94.65 -0.00192091895591
94.74465 -0.00192091895591
94.8393 -0.00192091895591
94.93395 -0.00192091895591
95.0286 -0.00192091895591
95.12325 -0.00192091895591
95.2179 -0.00192091895591
95.31255 -0.00192091895591
95.4072 -0.00192091895591
95.50185 -0.00192091895591
95.5965 -0.00192091895591
95.69115 -0.00192091895591
95.7858 -0.00192091895591
95.88045 -0.00192091895591
95.9751 -0.00192091895591
96.06975 -0.00192091895591
96.1644 -0.00192091895591
96.25905 -0.00192091895591
96.3537 -0.00192091895591
96.44835 -0.00192091895591
96.543 -0.00192091895591
96.63765 -0.00192091895591
96.7323 -0.00192091895591
96.82695 -0.00192091895591
