0.0 -0.294979176851
0.09465 0.0802859847105
0.1893 0.453810386045
0.28395 0.762025476694
0.3786 0.959643092079
0.47325 1.03469052893
0.5679 1.00789501601
0.66255 0.917896643629
0.7572 0.80011955341
0.85185 0.669110853579
0.9465 0.51307720658
1.04115 0.303632744986
1.1358 0.0158915169554
1.23045 -0.350016292684
1.3251 -0.755572866923
1.41975 -1.12643535625
1.5144 -1.3724353312
1.60905 -1.41720905513
1.7037 -1.22132971412
1.79835 -0.787286704755
1.893 -0.152077653491
1.98765 0.618814856108
2.0823 1.43113879607
2.17695 2.15993821916
2.2716 2.6514801078
2.36625 2.7358899714
2.4609 2.26002306004
2.55555 1.14061641068
2.6502 -0.580775625326
2.74485 -2.70752912261
2.8395 -4.89740141346
2.93415 -6.710206077
3.0288 -7.68467615838
3.12345 -7.43506935422
3.2181 -5.75767797351
3.31275 -2.7259592277
3.4074 1.26543907716
3.50205 5.54608170583
3.5967 9.30936124195
3.69135 11.8077776153
3.786 12.5415477611
3.88065 11.3820141991
3.9753 8.59438916145
4.06995 4.75575818282
4.1646 0.594682679807
4.25925 -3.19839691111
4.3539 -6.13166807408
4.44855 -7.9951299403
4.5432 -8.8462942452
4.63785 -8.91527753641
4.7325 -8.47507594228
4.82715 -7.73050485131
4.9218 -6.76584320809
5.01645 -5.56282255997
5.1111 -4.06801436418
5.20575 -2.26850138297
5.3004 -0.237747749777
5.39505 1.86535769342
5.4897 3.83722576818
5.58435 5.48763893823
5.679 6.68936946526
5.77365 7.4004580077
5.8683 7.65312722136
5.96295 7.5174307929
6.0576 7.0586155202
6.15225 6.30947230728
6.2469 5.27088080981
6.34155 3.93900720421
6.4362 2.3436020034
6.53085 0.57567335002
6.6255 -1.21276527857
6.72015 -2.84059550579
6.8148 -4.14864454038
6.90945 -5.04749306408
7.0041 -5.54101464472
7.09875 -5.71589534928
7.1934 -5.7021691128
7.28805 -5.62101704047
7.3827 -5.54003162739
7.47735 -5.4521213107
7.572 -5.28454675579
7.66665 -4.93312445542
7.7613 -4.30712863161
7.85595 -3.36696107708
7.9506 -2.14074759868
8.04525 -0.715545896892
8.1399 0.790315219709
8.23455 2.26032361452
8.3292 3.60495556153
8.42385 4.77148647243
8.5185 5.73862135453
8.61315 6.50182320775
8.7078 7.057317618
8.80245 7.39119503508
8.8971 7.47652151783
8.99175 7.27813506751
9.0864 6.76279211665
9.18105 5.91138779065
9.2757 4.72983459287
9.37035 3.25598193039
9.465 1.5612504886
9.55965 -0.253377866262
9.6543 -2.06666304049
9.74895 -3.75082409221
9.8436 -5.18833557713
9.93825 -6.28940953372
10.0329 -7.00619901255
10.12755 -7.33902116957
10.2222 -7.33134687345
10.31685 -7.0539974877
10.4115 -6.58325503192
10.50615 -5.98019161315
10.6008 -5.27829773979
10.69545 -4.48346806417
10.7901 -3.5856071971
10.88475 -2.57644985859
10.9794 -1.46574913761
11.07405 -0.289010685748
11.1687 0.896090793443
11.26335 2.02255409244
11.358 3.03035376689
11.45265 3.87926241987
11.5473 4.55320650548
11.64195 5.05543633691
11.7366 5.3981862323
11.83125 5.59265436853
11.9259 5.64405399078
12.02055 5.55308338435
12.1152 5.32147713395
12.20985 4.95726405625
12.3045 4.47593764407
12.39915 3.89652810027
12.4938 3.2349525157
12.58845 2.49905734035
12.6831 1.68921378711
12.77775 0.805411238163
12.8724 -0.141964273247
12.96705 -1.1230826515
13.0617 -2.08671655774
13.15635 -2.96783834494
13.251 -3.70276745134
13.34565 -4.24607018528
13.4403 -4.58222226509
13.53495 -4.72713253991
13.6296 -4.71903395733
13.72425 -4.60285542711
13.8189 -4.41480663527
13.91355 -4.17336543603
14.0082 -3.87953863112
14.10285 -3.52487956168
14.1975 -3.10242917426
14.29215 -2.61501639011
14.3868 -2.07735799376
14.48145 -1.51190506729
14.5761 -0.941508022324
14.67075 -0.383166274525
14.7654 0.154042393434
14.86005 0.666458505886
14.9547 1.15101465465
15.04935 1.60148003256
15.144 2.00826940542
15.23865 2.36198068554
15.3333 2.65844581654
15.42795 2.90201050375
15.5226 3.10459506529
15.61725 3.28035874394
15.7119 3.43823904845
15.80655 3.57593198574
15.9012 3.67832757956
15.99585 3.72132375682
16.0905 3.67941917794
16.18515 3.5338263927
16.2798 3.27783974926
16.37445 2.91773041046
16.4691 2.46962713422
16.56375 1.95451439023
16.6584 1.39384819591
16.75305 0.807331770887
16.8477 0.21280493838
16.94235 -0.373041418355
17.037 -0.934627892855
17.13165 -1.45879177388
17.2263 -1.93682913132
17.32095 -2.3658156404
17.4156 -2.74788755415
17.51025 -3.08724522845
17.6049 -3.38602423822
17.69955 -3.64101739624
17.7942 -3.84297805804
17.88885 -3.97897484806
17.9835 -4.03667940217
18.07815 -4.00844289733
18.1728 -3.89314625252
18.26745 -3.69504150554
18.3621 -3.42046274238
18.45675 -3.07445030267
18.5514 -2.65934856398
18.64605 -2.17629187289
18.7407 -1.62882159882
18.83535 -1.02661148552
18.93 -0.387124956636
19.02465 0.265925460564
19.1193 0.906777471787
19.21395 1.51256441524
19.3086 2.06676115633
19.40325 2.55975330853
19.4979 2.98671643315
19.59255 3.34437086765
19.6872 3.62861588429
19.78185 3.83433481931
19.8765 3.95724775764
19.97115 3.99641005549
20.0658 3.95556088381
20.16045 3.84224166077
20.2551 3.66500393148
20.34975 3.43027753074
20.4444 3.14081396826
20.53905 2.79681431979
20.6337 2.39932041043
20.72835 1.95405563348
20.823 1.47346370596
20.91765 0.975512015958
21.0123 0.479502629439
21.10695 0.000774795176354
21.2016 -0.453114686392
21.29625 -0.88279425045
21.3909 -1.29380734058
21.48555 -1.69125278629
21.5802 -2.07494670049
21.67485 -2.43739589142
21.7695 -2.76539036874
21.86415 -3.04418234627
21.9588 -3.26200130918
22.05345 -3.41268270315
22.1481 -3.49539563452
22.24275 -3.51213541147
22.3374 -3.46485097115
22.43205 -3.35414301922
22.5267 -3.18038501126
22.62135 -2.94652648573
22.716 -2.66066674877
22.81065 -2.33643310924
22.9053 -1.9903312611
22.99995 -1.63695215741
23.0946 -1.28427009465
23.18925 -0.931476752494
23.2839 -0.570696838378
23.37855 -0.192060865773
23.4732 0.210067800492
23.56785 0.632526593151
23.6625 1.06248793075
23.75715 1.48057185881
23.8518 1.86637039513
23.94645 2.20381552217
24.0411 2.48412859936
24.13575 2.70547490407
24.2304 2.87013852434
24.32505 2.98113706471
24.4197 3.04017906377
24.51435 3.04782425015
24.609 3.005282274
24.70365 2.91630111908
24.7983 2.7875942852
24.89295 2.62720804517
24.9876 2.44156777947
25.08225 2.23288210099
25.1769 1.99856628676
25.27155 1.73334863546
25.3662 1.43327063674
25.46085 1.09967396389
25.5555 0.741109482048
25.65015 0.372027685885
25.7448 0.00866638442463
25.83945 -0.336046819238
25.9341 -0.656226378369
26.02875 -0.953652477919
26.1234 -1.23499290102
26.21805 -1.5069058186
26.3127 -1.77125210273
26.40735 -2.02253452883
26.502 -2.24861223416
26.59665 -2.43426092289
26.6913 -2.56596732596
26.78595 -2.63597097728
26.8806 -2.64408619484
26.97525 -2.5969172245
27.0699 -2.50516607864
27.16455 -2.38034329042
27.2592 -2.23213694906
27.35385 -2.06712743516
27.4485 -1.88882155981
27.54315 -1.69848536013
27.6378 -1.49615863822
27.73245 -1.28147054038
27.8271 -1.05421358069
27.92175 -0.814836313353
28.0164 -0.564977131381
28.11105 -0.307954553272
28.2057 -0.0489357408459
28.30035 0.205506056617
28.395 0.448515901198
28.48965 0.67444833562
28.5843 0.880250049616
28.67895 1.06619778854
28.7736 1.23546219639
28.86825 1.39267770007
28.9629 1.54199677866
29.05755 1.68532697818
29.1522 1.82136270756
29.24685 1.94569498161
29.3415 2.0518663079
29.43615 2.13291387889
29.5308 2.18283243874
29.62545 2.19750605388
29.7201 2.1749282506
29.81475 2.11482756015
29.9094 2.01802440085
30.00405 1.88589896202
30.0987 1.72024489577
30.19335 1.52357047958
30.288 1.29967063197
30.38265 1.05412141052
30.4773 0.79431812953
30.57195 0.528820823934
30.6666 0.266054399917
30.76125 0.0127356832863
30.8559 -0.227376401796
30.95055 -0.453817317448
31.0452 -0.668535318168
31.13985 -0.873976138938
31.2345 -1.07081815412
31.32915 -1.25631446097
31.4238 -1.42407101047
31.51845 -1.56555689166
31.6131 -1.67289588347
31.70775 -1.74185203251
31.8024 -1.77371100862
31.89705 -1.77512096111
31.9917 -1.75578019024
32.08635 -1.72480195927
32.181 -1.68722210438
32.27565 -1.64213086425
32.3703 -1.58326731957
32.46495 -1.50187947322
32.5596 -1.3906829626
32.65425 -1.24728408115
32.7489 -1.07567854995
32.84355 -0.885279419171
32.9382 -0.687978098771
33.03285 -0.49452943984
33.1275 -0.31174039415
33.22215 -0.14148544622
33.3168 0.0182810112803
33.41145 0.171185715461
33.5061 0.319901592372
33.60075 0.46446888115
33.6954 0.602011262178
33.79005 0.727727358327
33.8847 0.836548347574
33.97935 0.924717860591
34.074 0.990757683505
34.16865 1.0356582746
34.2633 1.06245791322
34.35795 1.07550679924
34.4526 1.0796503378
34.54725 1.07942112503
34.6419 1.07823971025
34.73655 1.0776605858
34.8312 1.07682327631
34.92585 1.07236263161
35.0205 1.05898630991
35.11515 1.03071505307
35.2098 0.98248925878
35.30445 0.911628869009
35.3991 0.818627198871
35.49375 0.706994079675
35.5884 0.582241231516
35.68305 0.450442996936
35.7777 0.316942197167
35.87235 0.185641549324
35.967 0.0590010095226
36.06165 -0.0614782826008
36.1563 -0.174688520627
36.25095 -0.279622132455
36.3456 -0.375465974762
36.44025 -0.461919585736
36.5349 -0.539419381533
36.62955 -0.609004184886
36.7242 -0.671782029397
36.81885 -0.728218532319
36.9135 -0.777608917459
37.00815 -0.818033471787
37.1028 -0.846860889559
37.19745 -0.861584898668
37.2921 -0.860611180965
37.38675 -0.843646917907
37.4814 -0.811564335627
37.57605 -0.765890856071
37.6707 -0.708266393625
37.76535 -0.640199536543
37.86 -0.563254478518
37.95465 -0.47952140539
38.0493 -0.392021558807
38.14395 -0.30469105223
38.2386 -0.221787374027
38.33325 -0.146870177574
38.4279 -0.0817639915443
38.52255 -0.0259783997443
38.6172 0.0231017688359
38.71185 0.0692649735941
38.8065 0.116097581045
38.90115 0.165704365968
38.9958 0.217999414604
39.09045 0.27079603441
39.1851 0.320595729377
39.27975 0.363713846167
39.3744 0.397291655675
39.46905 0.419852886089
39.5637 0.431299107353
39.65835 0.432484815317
39.753 0.42466010077
39.84765 0.409064288652
39.9423 0.386820378071
40.03695 0.359095879424
40.1316 0.327353030696
40.22625 0.293473244694
40.3209 0.259615400161
40.41555 0.227811378201
40.5102 0.199443840867
40.60485 0.174825897364
40.6995 0.153078812319
40.79415 0.13239462081
40.8888 0.11062246708
40.98345 0.0859908834335
41.0781 0.0577221684624
41.17275 0.0263297567457
41.2674 -0.00649936538411
41.36205 -0.0383896510537
41.4567 -0.0669557344712
41.55135 -0.0904402821674
41.646 -0.108101707002
41.74065 -0.120243173422
41.8353 -0.127910712207
41.92995 -0.132407182809
42.0246 -0.134824293394
42.11925 -0.135766929387
42.2139 -0.135347345915
42.30855 -0.13340483353
42.4032 -0.129812818571
42.49785 -0.12470991106
42.5925 -0.118542480424
42.68715 -0.111907094459
42.7818 -0.105282483886
42.87645 -0.098794576463
42.9711 -0.0921403923659
43.06575 -0.0847178949479
43.1604 -0.0759088512963
43.25505 -0.0653890212343
43.3497 -0.0533284509346
43.44435 -0.0403975083408
43.539 -0.0275837032739
43.63365 -0.0159062208061
43.7283 -0.00615140700499
43.82295 0.00127062429401
43.9176 0.00631475337099
44.01225 0.00917593662375
44.1069 0.0101370421426
44.20155 0.00947291666671
44.2962 0.00744909044879
44.39085 0.00439334570499
44.4855 0.00077557129277
44.58015 -0.00277303640892
44.6748 -0.00553651880482
44.76945 -0.00686929057672
44.8641 -0.00636988831447
44.95875 -0.00400107639899
45.0534 -0.000106612531657
45.14805 0.00468085799716
45.2427 0.0096030680959
45.33735 0.013950263384
45.432 0.0171915275209
45.52665 0.0190335596256
45.6213 0.0194125011389
45.71595 0.0184453863659
45.8106 0.0163716933757
45.90525 0.0135041973104
45.9999 0.0101920058179
46.09455 0.00678791878478
46.1892 0.00361225580579
46.28385 0.000913667524199
46.3785 -0.00116316552681
46.47315 -0.00258987465211
46.5678 -0.00343941803248
46.66245 -0.00384777216066
46.7571 -0.00396661148583
46.85175 -0.00392455603155
46.9464 -0.00380908928457
47.04105 -0.00367036431832
47.1357 -0.00353797314252
47.23035 -0.00343760409689
47.325 -0.00339780361464
47.41965 -0.00339780361464
47.5143 -0.00339780361464
47.60895 -0.00339780361464
47.7036 -0.00339780361464
47.79825 -0.00339780361464
47.8929 -0.00339780361464
47.98755 -0.00339780361464
48.0822 -0.00339780361464
48.17685 -0.00339780361464
48.2715 -0.00339780361464
48.36615 -0.00339780361464
48.4608 -0.00339780361464
48.55545 -0.00339780361464
48.6501 -0.00339780361464
48.74475 -0.00339780361464
48.8394 -0.00339780361464
48.93405 -0.00339780361464
49.0287 -0.00339780361464
49.12335 -0.00339780361464
49.218 -0.00339780361464
49.31265 -0.00339780361464
49.4073 -0.00339780361464
49.50195 -0.00339780361464
49.5966 -0.00339780361464
49.69125 -0.00339780361464
49.7859 -0.00339780361464
49.88055 -0.00339780361464
49.9752 -0.00339780361464
50.06985 -0.00339780361464
50.1645 -0.00339780361464
50.25915 -0.00339780361464
50.3538 -0.00339780361464
50.44845 -0.00339780361464
50.5431 -0.00339780361464
50.63775 -0.00339780361464
50.7324 -0.00339780361464
50.82705 -0.00339780361464
50.9217 -0.00339780361464
51.01635 -0.00339780361464
51.111 -0.00339780361464
51.20565 -0.00339780361464
51.3003 -0.00339780361464
51.39495 -0.00339780361464
51.4896 -0.00339780361464
51.58425 -0.00339780361464
51.6789 -0.00339780361464
51.77355 -0.00339780361464
51.8682 -0.00339780361464
51.96285 -0.00339780361464
52.0575 -0.00339780361464
52.15215 -0.00339780361464
52.2468 -0.00339780361464
52.34145 -0.00339780361464
52.4361 -0.00339780361464
52.53075 -0.00339780361464
52.6254 -0.00339780361464
52.72005 -0.00339780361464
52.8147 -0.00339780361464
52.90935 -0.00339780361464
53.004 -0.00339780361464
53.09865 -0.00339780361464
53.1933 -0.00339780361464
53.28795 -0.00339780361464
53.3826 -0.00339780361464
53.47725 -0.00339780361464
53.5719 -0.00339780361464
53.66655 -0.00339780361464
53.7612 -0.00339780361464
53.85585 -0.00339780361464
53.9505 -0.00339780361464
54.04515 -0.00339780361464
54.1398 -0.00339780361464
54.23445 -0.00339780361464
54.3291 -0.00339780361464
54.42375 -0.00339780361464
54.5184 -0.00339780361464
54.61305 -0.00339780361464
54.7077 -0.00339780361464
54.80235 -0.00339780361464
54.897 -0.00339780361464
54.99165 -0.00339780361464
55.0863 -0.00339780361464
55.18095 -0.00339780361464
55.2756 -0.00339780361464
55.37025 -0.00339780361464
55.4649 -0.00339780361464
55.55955 -0.00339780361464
55.6542 -0.00339780361464
55.74885 -0.00339780361464
55.8435 -0.00339780361464
55.93815 -0.00339780361464
56.0328 -0.00339780361464
56.12745 -0.00339780361464
56.2221 -0.00339780361464
56.31675 -0.00339780361464
56.4114 -0.00339780361464
56.50605 -0.00339780361464
56.6007 -0.00339780361464
56.69535 -0.00339780361464
56.79 -0.00339780361464
56.88465 -0.00339780361464
56.9793 -0.00339780361464
57.07395 -0.00339780361464
57.1686 -0.00339780361464
57.26325 -0.00339780361464
57.3579 -0.00339780361464
57.45255 -0.00339780361464
57.5472 -0.00339780361464
57.64185 -0.00339780361464
57.7365 -0.00339780361464
57.83115 -0.00339780361464
57.9258 -0.00339780361464
58.02045 -0.00339780361464
58.1151 -0.00339780361464
58.20975 -0.00339780361464
58.3044 -0.00339780361464
58.39905 -0.00339780361464
58.4937 -0.00339780361464
58.58835 -0.00339780361464
58.683 -0.00339780361464
58.77765 -0.00339780361464
58.8723 -0.00339780361464
58.96695 -0.00339780361464
59.0616 -0.00339780361464
59.15625 -0.00339780361464
59.2509 -0.00339780361464
59.34555 -0.00339780361464
59.4402 -0.00339780361464
59.53485 -0.00339780361464
59.6295 -0.00339780361464
59.72415 -0.00339780361464
59.8188 -0.00339780361464
59.91345 -0.00339780361464
60.0081 -0.00339780361464
60.10275 -0.00339780361464
60.1974 -0.00339780361464
60.29205 -0.00339780361464
60.3867 -0.00339780361464
60.48135 -0.00339780361464
60.576 -0.00339780361464
60.67065 -0.00339780361464
60.7653 -0.00339780361464
60.85995 -0.00339780361464
60.9546 -0.00339780361464
61.04925 -0.00339780361464
61.1439 -0.00339780361464
61.23855 -0.00339780361464
61.3332 -0.00339780361464
61.42785 -0.00339780361464
61.5225 -0.00339780361464
61.61715 -0.00339780361464
61.7118 -0.00339780361464
61.80645 -0.00339780361464
61.9011 -0.00339780361464
61.99575 -0.00339780361464
62.0904 -0.00339780361464
62.18505 -0.00339780361464
62.2797 -0.00339780361464
62.37435 -0.00339780361464
62.469 -0.00339780361464
62.56365 -0.00339780361464
62.6583 -0.00339780361464
62.75295 -0.00339780361464
62.8476 -0.00339780361464
62.94225 -0.00339780361464
63.0369 -0.00339780361464
63.13155 -0.00339780361464
63.2262 -0.00339780361464
63.32085 -0.00339780361464
63.4155 -0.00339780361464
63.51015 -0.00339780361464
63.6048 -0.00339780361464
63.69945 -0.00339780361464
63.7941 -0.00339780361464
63.88875 -0.00339780361464
63.9834 -0.00339780361464
64.07805 -0.00339780361464
64.1727 -0.00339780361464
64.26735 -0.00339780361464
64.362 -0.00339780361464
64.45665 -0.00339780361464
64.5513 -0.00339780361464
64.64595 -0.00339780361464
64.7406 -0.00339780361464
64.83525 -0.00339780361464
64.9299 -0.00339780361464
65.02455 -0.00339780361464
65.1192 -0.00339780361464
65.21385 -0.00339780361464
65.3085 -0.00339780361464
65.40315 -0.00339780361464
65.4978 -0.00339780361464
65.59245 -0.00339780361464
65.6871 -0.00339780361464
65.78175 -0.00339780361464
65.8764 -0.00339780361464
65.97105 -0.00339780361464
66.0657 -0.00339780361464
66.16035 -0.00339780361464
66.255 -0.00339780361464
66.34965 -0.00339780361464
66.4443 -0.00339780361464
66.53895 -0.00339780361464
66.6336 -0.00339780361464
66.72825 -0.00339780361464
66.8229 -0.00339780361464
66.91755 -0.00339780361464
67.0122 -0.00339780361464
67.10685 -0.00339780361464
67.2015 -0.00339780361464
67.29615 -0.00339780361464
67.3908 -0.00339780361464
67.48545 -0.00339780361464
67.5801 -0.00339780361464
67.67475 -0.00339780361464
67.7694 -0.00339780361464
67.86405 -0.00339780361464
67.9587 -0.00339780361464
68.05335 -0.00339780361464
68.148 -0.00339780361464
68.24265 -0.00339780361464
68.3373 -0.00339780361464
68.43195 -0.00339780361464
68.5266 -0.00339780361464
68.62125 -0.00339780361464
68.7159 -0.00339780361464
68.81055 -0.00339780361464
68.9052 -0.00339780361464
68.99985 -0.00339780361464
69.0945 -0.00339780361464
69.18915 -0.00339780361464
69.2838 -0.00339780361464
69.37845 -0.00339780361464
69.4731 -0.00339780361464
69.56775 -0.00339780361464
69.6624 -0.00339780361464
69.75705 -0.00339780361464
69.8517 -0.00339780361464
69.94635 -0.00339780361464
70.041 -0.00339780361464
70.13565 -0.00339780361464
70.2303 -0.00339780361464
70.32495 -0.00339780361464
70.4196 -0.00339780361464
70.51425 -0.00339780361464
70.6089 -0.00339780361464
70.70355 -0.00339780361464
70.7982 -0.00339780361464
70.89285 -0.00339780361464
70.9875 -0.00339780361464
71.08215 -0.00339780361464
71.1768 -0.00339780361464
71.27145 -0.00339780361464
71.3661 -0.00339780361464
71.46075 -0.00339780361464
71.5554 -0.00339780361464
71.65005 -0.00339780361464
71.7447 -0.00339780361464
71.83935 -0.00339780361464
71.934 -0.00339780361464
72.02865 -0.00339780361464
72.1233 -0.00339780361464
72.21795 -0.00339780361464
72.3126 -0.00339780361464
72.40725 -0.00339780361464
72.5019 -0.00339780361464
72.59655 -0.00339780361464
72.6912 -0.00339780361464
72.78585 -0.00339780361464
72.8805 -0.00339780361464
72.97515 -0.00339780361464
73.0698 -0.00339780361464
73.16445 -0.00339780361464
73.2591 -0.00339780361464
73.35375 -0.00339780361464
73.4484 -0.00339780361464
73.54305 -0.00339780361464
73.6377 -0.00339780361464
73.73235 -0.00339780361464
73.827 -0.00339780361464
73.92165 -0.00339780361464
74.0163 -0.00339780361464
74.11095 -0.00339780361464
74.2056 -0.00339780361464
74.30025 -0.00339780361464
74.3949 -0.00339780361464
74.48955 -0.00339780361464
74.5842 -0.00339780361464
74.67885 -0.00339780361464
74.7735 -0.00339780361464
74.86815 -0.00339780361464
74.9628 -0.00339780361464
75.05745 -0.00339780361464
75.1521 -0.00339780361464
75.24675 -0.00339780361464
75.3414 -0.00339780361464
75.43605 -0.00339780361464
75.5307 -0.00339780361464
75.62535 -0.00339780361464
75.72 -0.00339780361464
75.81465 -0.00339780361464
75.9093 -0.00339780361464
76.00395 -0.00339780361464
76.0986 -0.00339780361464
76.19325 -0.00339780361464
76.2879 -0.00339780361464
76.38255 -0.00339780361464
76.4772 -0.00339780361464
76.57185 -0.00339780361464
76.6665 -0.00339780361464
76.76115 -0.00339780361464
76.8558 -0.00339780361464
76.95045 -0.00339780361464
77.0451 -0.00339780361464
77.13975 -0.00339780361464
77.2344 -0.00339780361464
77.32905 -0.00339780361464
77.4237 -0.00339780361464
77.51835 -0.00339780361464
77.613 -0.00339780361464
77.70765 -0.00339780361464
77.8023 -0.00339780361464
77.89695 -0.00339780361464
77.9916 -0.00339780361464
78.08625 -0.00339780361464
78.1809 -0.00339780361464
78.27555 -0.00339780361464
78.3702 -0.00339780361464
78.46485 -0.00339780361464
78.5595 -0.00339780361464
78.65415 -0.00339780361464
78.7488 -0.00339780361464
78.84345 -0.00339780361464
78.9381 -0.00339780361464
79.03275 -0.00339780361464
79.1274 -0.00339780361464
79.22205 -0.00339780361464
79.3167 -0.00339780361464
79.41135 -0.00339780361464
79.506 -0.00339780361464
79.60065 -0.00339780361464
79.6953 -0.00339780361464
79.78995 -0.00339780361464
79.8846 -0.00339780361464
79.97925 -0.00339780361464
80.0739 -0.00339780361464
80.16855 -0.00339780361464
80.2632 -0.00339780361464
80.35785 -0.00339780361464
80.4525 -0.00339780361464
80.54715 -0.00339780361464
80.6418 -0.00339780361464
80.73645 -0.00339780361464
80.8311 -0.00339780361464
80.92575 -0.00339780361464
81.0204 -0.00339780361464
81.11505 -0.00339780361464
81.2097 -0.00339780361464
81.30435 -0.00339780361464
81.399 -0.00339780361464
81.49365 -0.00339780361464
81.5883 -0.00339780361464
81.68295 -0.00339780361464
81.7776 -0.00339780361464
81.87225 -0.00339780361464
81.9669 -0.00339780361464
82.06155 -0.00339780361464
82.1562 -0.00339780361464
82.25085 -0.00339780361464
82.3455 -0.00339780361464
82.44015 -0.00339780361464
82.5348 -0.00339780361464
82.62945 -0.00339780361464
82.7241 -0.00339780361464
82.81875 -0.00339780361464
82.9134 -0.00339780361464
83.00805 -0.00339780361464
83.1027 -0.00339780361464
83.19735 -0.00339780361464
83.292 -0.00339780361464
83.38665 -0.00339780361464
83.4813 -0.00339780361464
83.57595 -0.00339780361464
83.6706 -0.00339780361464
83.76525 -0.00339780361464
83.8599 -0.00339780361464
83.95455 -0.00339780361464
84.0492 -0.00339780361464
84.14385 -0.00339780361464
84.2385 -0.00339780361464
84.33315 -0.00339780361464
84.4278 -0.00339780361464
84.52245 -0.00339780361464
84.6171 -0.00339780361464
84.71175 -0.00339780361464
84.8064 -0.00339780361464
84.90105 -0.00339780361464
84.9957 -0.00339780361464
85.09035 -0.00339780361464
85.185 -0.00339780361464
85.27965 -0.00339780361464
85.3743 -0.00339780361464
85.46895 -0.00339780361464
85.5636 -0.00339780361464
85.65825 -0.00339780361464
85.7529 -0.00339780361464
85.84755 -0.00339780361464
85.9422 -0.00339780361464
86.03685 -0.00339780361464
86.1315 -0.00339780361464
86.22615 -0.00339780361464
86.3208 -0.00339780361464
86.41545 -0.00339780361464
86.5101 -0.00339780361464
86.60475 -0.00339780361464
86.6994 -0.00339780361464
86.79405 -0.00339780361464
86.8887 -0.00339780361464
86.98335 -0.00339780361464
87.078 -0.00339780361464
87.17265 -0.00339780361464
87.2673 -0.00339780361464
87.36195 -0.00339780361464
87.4566 -0.00339780361464
87.55125 -0.00339780361464
87.6459 -0.00339780361464
87.74055 -0.00339780361464
87.8352 -0.00339780361464
87.92985 -0.00339780361464
88.0245 -0.00339780361464
88.11915 -0.00339780361464
88.2138 -0.00339780361464
88.30845 -0.00339780361464
88.4031 -0.00339780361464
88.49775 -0.00339780361464
88.5924 -0.00339780361464
88.68705 -0.00339780361464
88.7817 -0.00339780361464
88.87635 -0.00339780361464
88.971 -0.00339780361464
89.06565 -0.00339780361464
89.1603 -0.00339780361464
89.25495 -0.00339780361464
89.3496 -0.00339780361464
89.44425 -0.00339780361464
89.5389 -0.00339780361464
89.63355 -0.00339780361464
89.7282 -0.00339780361464
89.82285 -0.00339780361464
89.9175 -0.00339780361464
90.01215 -0.00339780361464
90.1068 -0.00339780361464
90.20145 -0.00339780361464
90.2961 -0.00339780361464
90.39075 -0.00339780361464
90.4854 -0.00339780361464
90.58005 -0.00339780361464
90.6747 -0.00339780361464
90.76935 -0.00339780361464
90.864 -0.00339780361464
90.95865 -0.00339780361464
91.0533 -0.00339780361464
91.14795 -0.00339780361464
91.2426 -0.00339780361464
91.33725 -0.00339780361464
91.4319 -0.00339780361464
91.52655 -0.00339780361464
91.6212 -0.00339780361464
91.71585 -0.00339780361464
91.8105 -0.00339780361464
91.90515 -0.00339780361464
91.9998 -0.00339780361464
92.09445 -0.00339780361464
92.1891 -0.00339780361464
92.28375 -0.00339780361464
92.3784 -0.00339780361464
92.47305 -0.00339780361464
92.5677 -0.00339780361464
92.66235 -0.00339780361464
92.757 -0.00339780361464
92.85165 -0.00339780361464
92.9463 -0.00339780361464
93.04095 -0.00339780361464
93.1356 -0.00339780361464
93.23025 -0.00339780361464
93.3249 -0.00339780361464
93.41955 -0.00339780361464
93.5142 -0.00339780361464
93.60885 -0.00339780361464
93.7035 -0.00339780361464
93.79815 -0.00339780361464
93.8928 -0.00339780361464
93.98745 -0.00339780361464
94.0821 -0.00339780361464
94.17675 -0.00339780361464
94.2714 -0.00339780361464
94.36605 -0.00339780361464
94.4607 -0.00339780361464
94.55535 -0.00339780361464
94.65 -0.00339780361464
94.74465 -0.00339780361464
94.8393 -0.00339780361464
94.93395 -0.00339780361464
95.0286 -0.00339780361464
95.12325 -0.00339780361464
95.2179 -0.00339780361464
95.31255 -0.00339780361464
95.4072 -0.00339780361464
95.50185 -0.00339780361464
95.5965 -0.00339780361464
95.69115 -0.00339780361464
95.7858 -0.00339780361464
95.88045 -0.00339780361464
95.9751 -0.00339780361464
96.06975 -0.00339780361464
96.1644 -0.00339780361464
96.25905 -0.00339780361464
96.3537 -0.00339780361464
96.44835 -0.00339780361464
96.543 -0.00339780361464
96.63765 -0.00339780361464
96.7323 -0.00339780361464
96.82695 -0.00339780361464
