0.0 -0.102820140873
0.0954 0.251065853642
0.1908 0.585307164752
0.2862 0.849818878585
0.3816 1.00958228344
0.477 1.05362987672
0.5724 0.994727946746
0.6678 0.861210461103
0.7632 0.685065626054
0.8586 0.490740398099
0.954 0.289009230351
1.0494 0.0780751018466
1.1448 -0.149391818708
1.2402 -0.396105020688
1.3356 -0.65069234912
1.431 -0.883723297062
1.5264 -1.05233311137
1.6218 -1.11173205486
1.7172 -1.02595366276
1.8126 -0.772062548374
1.908 -0.342376967728
2.0034 0.247908506825
2.0988 0.948781349637
2.1942 1.66655882425
2.2896 2.26350205196
2.385 2.57002211338
2.4804 2.41494516503
2.5758 1.67281503213
2.6712 0.314654332659
2.7666 -1.55631593596
2.862 -3.69473836795
2.9574 -5.73082354274
3.0528 -7.21636948605
3.1482 -7.70154017618
3.2436 -6.84168388391
3.339 -4.51684801814
3.4344 -0.92262681633
3.5298 3.41527803101
3.6252 7.7259260105
3.7206 11.1612847206
3.816 13.0009531082
3.9114 12.8346102748
4.0068 10.6688301112
4.1022 6.9252809054
4.1976 2.32817099463
4.293 -2.2869096221
4.3884 -6.18380756164
4.4838 -8.88997569924
4.5792 -10.2649450277
4.6746 -10.4607307739
4.77 -9.80149123514
4.8654 -8.63551564133
4.9608 -7.21683678171
5.0562 -5.65562025562
5.1516 -3.94320599144
5.247 -2.02594827352
5.3424 0.112984027248
5.4378 2.39995335225
5.5332 4.66422193273
5.6286 6.67648611261
5.724 8.21327847599
5.8194 9.11923713543
5.9148 9.34199854403
6.0102 8.92777381262
6.1056 7.98429001692
6.201 6.63244758
6.2964 4.97140436264
6.3918 3.07261094807
6.4872 1.00179697064
6.5826 -1.14736045828
6.678 -3.23087276647
6.7734 -5.06082368637
6.8688 -6.44294928094
6.9642 -7.23166537314
7.0596 -7.37934902522
7.155 -6.95799119333
7.2504 -6.14207893606
7.3458 -5.15675768502
7.4412 -4.20921967833
7.5366 -3.42831377837
7.632 -2.83464692091
7.7274 -2.35172346942
7.8228 -1.85212218394
7.9182 -1.21871306693
8.0136 -0.395719681471
8.109 0.589965773565
8.2044 1.6430227011
8.2998 2.6400530785
8.3952 3.4768793753
8.4906 4.10287365507
8.586 4.52966965061
8.6814 4.81315454486
8.7768 5.01862669891
8.8722 5.18494940619
8.9676 5.30254142892
9.063 5.31334335908
9.1584 5.13153152882
9.2538 4.6755240845
9.3492 3.89808267127
9.4446 2.80361503322
9.54 1.44851667573
9.6354 -0.0722674364789
9.7308 -1.64465832832
9.8262 -3.152956271
9.9216 -4.49143298765
10.017 -5.57072332337
10.1124 -6.32230041987
10.2078 -6.70369451389
10.3032 -6.70440207285
10.3986 -6.34976356073
10.494 -5.69918206759
10.5894 -4.83652591596
10.6848 -3.85394090856
10.7802 -2.83388191968
10.8756 -1.8357581457
10.971 -0.891969337785
11.0664 -0.0139396643646
11.1618 0.795809203413
11.2572 1.53213783429
11.3526 2.18229440448
11.448 2.7297194995
11.5434 3.163870751
11.6388 3.48963366563
11.7342 3.72984364513
11.8296 3.91807837293
11.925 4.08414467279
12.0204 4.23877882424
12.1158 4.36494299276
12.2112 4.42030925967
12.3066 4.3504037785
12.402 4.10696953691
12.4974 3.66386457551
12.5928 3.02432569088
12.6882 2.21781391755
12.7836 1.28957326755
12.879 0.288985003252
12.9744 -0.737611419968
13.0698 -1.74734663664
13.1652 -2.69659640687
13.2606 -3.53709388464
13.356 -4.21717572541
13.4514 -4.68983485074
13.5468 -4.9249702629
13.6422 -4.92017875981
13.7376 -4.70434699025
13.833 -4.33129912005
13.9284 -3.86532255847
14.0238 -3.36419269905
14.1192 -2.86640837059
14.2146 -2.38720994743
14.31 -1.92372636338
14.4054 -1.46548170788
14.5008 -1.00454365238
14.5962 -0.540649164063
14.6916 -0.0799392512779
14.787 0.370422316397
14.8824 0.80745171928
14.9778 1.23366159448
15.0732 1.6534832637
15.1686 2.0669593199
15.264 2.46467945953
15.3594 2.82736621902
15.4548 3.13093242355
15.5502 3.35471798456
15.6456 3.48873811169
15.741 3.53619447704
15.8364 3.50998433903
15.9318 3.42511779394
16.0272 3.29107918107
16.1226 3.10809746395
16.218 2.86908829091
16.3134 2.56592432672
16.4088 2.19638259619
16.5042 1.76785205794
16.5996 1.29577680774
16.695 0.797798489009
16.7904 0.286997027511
16.8858 -0.231823547465
16.9812 -0.760499345685
17.0766 -1.30116107376
17.172 -1.84847886777
17.2674 -2.38474025199
17.3628 -2.88071535547
17.4582 -3.30241070724
17.5536 -3.62087469362
17.649 -3.82069444834
17.7444 -3.90345635043
17.8398 -3.88485270315
17.9352 -3.78704718603
18.0306 -3.62990725854
18.126 -3.4248740395
18.2214 -3.17364490726
18.3168 -2.8714288901
18.4122 -2.51255071459
18.5076 -2.09552533136
18.603 -1.62552698721
18.6984 -1.11381211826
18.7938 -0.575165473624
18.8892 -0.0250775604707
18.9846 0.522035939992
19.08 1.05326852276
19.1754 1.55692175205
19.2708 2.02236648613
19.3662 2.44054607062
19.4616 2.804857517
19.557 3.11163799514
19.6524 3.35958377997
19.7478 3.54809018798
19.8432 3.67529280267
19.9386 3.73697360647
20.034 3.72716873064
20.1294 3.64041392595
20.2248 3.47459797183
20.3202 3.23294569177
20.4156 2.92402487761
20.511 2.55969426055
20.6064 2.15201980125
20.7018 1.71074878973
20.7972 1.24260987687
20.8926 0.752670739667
20.988 0.246819156882
21.0834 -0.26619300911
21.1788 -0.774425370895
21.2742 -1.26440024006
21.3696 -1.72380398353
21.465 -2.14366705352
21.5604 -2.5187306431
21.6558 -2.84577054865
21.7512 -3.12089366604
21.8466 -3.3375262736
21.942 -3.48654098931
22.0374 -3.55882816409
22.1328 -3.54920975242
22.2282 -3.45969375531
22.3236 -3.30019921078
22.419 -3.0860279606
22.5144 -2.83295948797
22.6098 -2.55208448231
22.7052 -2.24672818467
22.8006 -1.91290930257
22.896 -1.54317366144
22.9914 -1.1321193682
23.0868 -0.681219917118
23.1822 -0.200959178117
23.2776 0.290434854209
23.373 0.770888331513
23.4684 1.21925772001
23.5638 1.61914297293
23.6592 1.96062890212
23.7546 2.2399264911
23.85 2.45773822768
23.9454 2.61742485019
24.0408 2.72370807125
24.1362 2.78202645189
24.2316 2.79818482252
24.327 2.77785951235
24.4224 2.7258133072
24.5178 2.6450746966
24.6132 2.53654205827
24.7086 2.39933636895
24.804 2.23183714586
24.8994 2.03295487941
24.9948 1.80307162864
25.0902 1.54430151679
25.1856 1.26014469141
25.281 0.954960557857
25.3764 0.633738930994
25.4718 0.302360699142
25.5672 -0.0319070748959
25.6626 -0.36024767986
25.758 -0.672974983651
25.8534 -0.96113571064
25.9488 -1.21852351932
26.0442 -1.44319685444
26.1396 -1.63765324609
26.235 -1.80735614422
26.3304 -1.95808446705
26.4258 -2.09317730831
26.5212 -2.21184331882
26.6166 -2.30922281263
26.712 -2.37806855297
26.8074 -2.41117457524
26.9028 -2.40341340035
26.9982 -2.35256719958
27.0936 -2.25885940184
27.189 -2.123799701
27.2844 -1.9492579782
27.3798 -1.73743099061
27.4752 -1.49172815822
27.5706 -1.21796321222
27.666 -0.924972144928
27.7614 -0.624037477466
27.8568 -0.327132427071
27.9522 -0.0446434244426
28.0476 0.216476579021
28.143 0.45338505188
28.2384 0.666707485069
28.3338 0.859054661579
28.4292 1.0335011858
28.5246 1.19268522544
28.62 1.33869622121
28.7154 1.47329251597
28.8108 1.59807501169
28.9062 1.71408391833
29.0016 1.82065277093
29.097 1.91436288323
29.1924 1.98879535329
29.2878 2.03556775883
29.3832 2.04651271733
29.4786 2.01621766065
29.574 1.94386203445
29.6694 1.8335386999
29.7648 1.69291847758
29.8602 1.53086415815
29.9556 1.35503368605
30.051 1.17041677521
30.1464 0.979202392525
30.2418 0.781696287306
30.3372 0.577572603965
30.4326 0.36676532283
30.528 0.149720053398
30.6234 -0.0727576472
30.7188 -0.299542165163
30.8142 -0.528734227648
30.9096 -0.756786580616
31.005 -0.977753829601
31.1004 -1.18337125204
31.1958 -1.36436270294
31.2912 -1.51273574621
31.3866 -1.62418937063
31.482 -1.69951083542
31.5774 -1.74416175639
31.6728 -1.76603423365
31.7682 -1.77222392578
31.8636 -1.7661794351
31.959 -1.74647054047
32.0544 -1.70770850963
32.1498 -1.6431861195
32.2452 -1.54804908373
32.3406 -1.42162286171
32.436 -1.26797025698
32.5314 -1.0946002779
32.6268 -0.910060726288
32.7222 -0.72154264877
32.8176 -0.533456701603
32.913 -0.347356798822
33.0084 -0.162926389589
33.1038 0.0206543405694
33.1992 0.203620739182
33.2946 0.385127888902
33.39 0.5632437603
33.4854 0.7351037917
33.5808 0.896970594392
33.6762 1.04421186687
33.7716 1.17145467323
33.867 1.27319798425
33.9624 1.3449247282
34.0578 1.38438952382
34.1532 1.39250617587
34.2486 1.37330791281
34.344 1.3328222085
34.4394 1.27721918707
34.5348 1.21098529477
34.6302 1.13591850441
34.7256 1.05139003091
34.821 0.955731157896
34.9164 0.84807163453
35.0118 0.72974603541
35.1072 0.604602820958
35.2026 0.47808690397
35.298 0.355550750068
35.3934 0.240593400222
35.4888 0.134172665799
35.5842 0.0348308826513
35.6796 -0.0601598940632
35.775 -0.15331978073
35.8704 -0.245808130595
35.9658 -0.337005268192
36.0612 -0.424834833695
36.1566 -0.506501177961
36.252 -0.579217121983
36.3474 -0.640643228056
36.4428 -0.689024107498
36.5382 -0.723211785379
36.6336 -0.742789849623
36.729 -0.748358637578
36.8244 -0.741827656786
36.9198 -0.726438492018
37.0152 -0.706302077618
37.1106 -0.685457002999
37.206 -0.666719707602
37.3014 -0.650754411651
37.3968 -0.635748744683
37.4922 -0.617855178707
37.5876 -0.59225896985
37.683 -0.554504043309
37.7784 -0.501649452513
37.8738 -0.432948954881
37.9692 -0.349964662592
38.0646 -0.256224599682
38.16 -0.156624467152
38.2554 -0.0567416864174
38.3508 0.0378655170318
38.4462 0.122370204534
38.5416 0.193379776316
38.637 0.249518675703
38.7324 0.29168864374
38.8278 0.322804989243
38.9232 0.346944291839
39.0186 0.368073522742
39.114 0.388751948622
39.2094 0.409280102646
39.3048 0.427646604626
39.4002 0.440327593232
39.4956 0.443650949407
39.591 0.435205559912
39.6864 0.414763601984
39.7818 0.384396631352
39.8772 0.347803847872
39.9726 0.30917851911
40.068 0.272083223954
40.1634 0.2387369608
40.2588 0.209888704265
40.3542 0.185182489744
40.4496 0.163734311936
40.545 0.144613262142
40.6404 0.127038812038
40.7358 0.110295064999
40.8312 0.0935196108282
40.9266 0.0755756580216
41.022 0.0551483465335
41.1174 0.0310671439334
41.2128 0.00272433994652
41.3082 -0.0295982813301
41.4036 -0.0646435978848
41.499 -0.100375463927
41.5944 -0.13438142068
41.6898 -0.164336348387
41.7852 -0.188384799148
41.8806 -0.205361084075
41.976 -0.214844278791
42.0714 -0.217098330442
42.1668 -0.212955909143
42.2622 -0.203678421914
42.3576 -0.190792169621
42.453 -0.175888905038
42.5484 -0.160396765487
42.6438 -0.145361399828
42.7392 -0.13130163269
42.8346 -0.118198105493
42.93 -0.105633304635
43.0254 -0.0930434824359
43.1208 -0.0799948017993
43.2162 -0.0663821098769
43.3116 -0.0524779477814
43.407 -0.0388203996433
43.5024 -0.0259948392165
43.5978 -0.0144073709515
43.6932 -0.00414810404492
43.7886 0.00499941459641
43.884 0.0134113097929
43.9794 0.0214070613888
44.0748 0.0290597268588
44.1702 0.0361142338994
44.2656 0.0420466979871
44.361 0.0462378907899
44.4564 0.0481893193458
44.5518 0.0476986749619
44.6472 0.044934539126
44.7426 0.0403947455319
44.838 0.0347775346005
44.9334 0.0288210364884
45.0288 0.0231666208982
45.1242 0.0182798453312
45.2196 0.014432493831
45.315 0.0117253839006
45.4104 0.0101235944077
45.5058 0.00948387680726
45.6012 0.00957069091492
45.6966 0.0100717989112
45.792 0.010628477482
45.8874 0.0108875311692
45.9828 0.0105676565749
46.0782 0.00952019024443
46.1736 0.00776136755326
46.269 0.00546200186141
46.3644 0.00289668057013
46.4598 0.000370077832188
46.5552 -0.00185461000566
46.6506 -0.00360368122768
46.746 -0.00480778310263
46.8414 -0.0054876159234
46.9368 -0.00572359496632
47.0322 -0.00562406797475
47.1276 -0.00530176300312
47.223 -0.00486083661088
47.3184 -0.00439138834327
47.4138 -0.00396671739705
47.5092 -0.00364035640917
47.6046 -0.00344280377231
47.7 -0.00337972756095
47.7954 -0.00337972756095
47.8908 -0.00337972756095
47.9862 -0.00337972756095
48.0816 -0.00337972756095
48.177 -0.00337972756095
48.2724 -0.00337972756095
48.3678 -0.00337972756095
48.4632 -0.00337972756095
48.5586 -0.00337972756095
48.654 -0.00337972756095
48.7494 -0.00337972756095
48.8448 -0.00337972756095
48.9402 -0.00337972756095
49.0356 -0.00337972756095
49.131 -0.00337972756095
49.2264 -0.00337972756095
49.3218 -0.00337972756095
49.4172 -0.00337972756095
49.5126 -0.00337972756095
49.608 -0.00337972756095
49.7034 -0.00337972756095
49.7988 -0.00337972756095
49.8942 -0.00337972756095
49.9896 -0.00337972756095
50.085 -0.00337972756095
50.1804 -0.00337972756095
50.2758 -0.00337972756095
50.3712 -0.00337972756095
50.4666 -0.00337972756095
50.562 -0.00337972756095
50.6574 -0.00337972756095
50.7528 -0.00337972756095
50.8482 -0.00337972756095
50.9436 -0.00337972756095
51.039 -0.00337972756095
51.1344 -0.00337972756095
51.2298 -0.00337972756095
51.3252 -0.00337972756095
51.4206 -0.00337972756095
51.516 -0.00337972756095
51.6114 -0.00337972756095
51.7068 -0.00337972756095
51.8022 -0.00337972756095
51.8976 -0.00337972756095
51.993 -0.00337972756095
52.0884 -0.00337972756095
52.1838 -0.00337972756095
52.2792 -0.00337972756095
52.3746 -0.00337972756095
52.47 -0.00337972756095
52.5654 -0.00337972756095
52.6608 -0.00337972756095
52.7562 -0.00337972756095
52.8516 -0.00337972756095
52.947 -0.00337972756095
53.0424 -0.00337972756095
53.1378 -0.00337972756095
53.2332 -0.00337972756095
53.3286 -0.00337972756095
53.424 -0.00337972756095
53.5194 -0.00337972756095
53.6148 -0.00337972756095
53.7102 -0.00337972756095
53.8056 -0.00337972756095
53.901 -0.00337972756095
53.9964 -0.00337972756095
54.0918 -0.00337972756095
54.1872 -0.00337972756095
54.2826 -0.00337972756095
54.378 -0.00337972756095
54.4734 -0.00337972756095
54.5688 -0.00337972756095
54.6642 -0.00337972756095
54.7596 -0.00337972756095
54.855 -0.00337972756095
54.9504 -0.00337972756095
55.0458 -0.00337972756095
55.1412 -0.00337972756095
55.2366 -0.00337972756095
55.332 -0.00337972756095
55.4274 -0.00337972756095
55.5228 -0.00337972756095
55.6182 -0.00337972756095
55.7136 -0.00337972756095
55.809 -0.00337972756095
55.9044 -0.00337972756095
55.9998 -0.00337972756095
56.0952 -0.00337972756095
56.1906 -0.00337972756095
56.286 -0.00337972756095
56.3814 -0.00337972756095
56.4768 -0.00337972756095
56.5722 -0.00337972756095
56.6676 -0.00337972756095
56.763 -0.00337972756095
56.8584 -0.00337972756095
56.9538 -0.00337972756095
57.0492 -0.00337972756095
57.1446 -0.00337972756095
57.24 -0.00337972756095
57.3354 -0.00337972756095
57.4308 -0.00337972756095
57.5262 -0.00337972756095
57.6216 -0.00337972756095
57.717 -0.00337972756095
57.8124 -0.00337972756095
57.9078 -0.00337972756095
58.0032 -0.00337972756095
58.0986 -0.00337972756095
58.194 -0.00337972756095
58.2894 -0.00337972756095
58.3848 -0.00337972756095
58.4802 -0.00337972756095
58.5756 -0.00337972756095
58.671 -0.00337972756095
58.7664 -0.00337972756095
58.8618 -0.00337972756095
58.9572 -0.00337972756095
59.0526 -0.00337972756095
59.148 -0.00337972756095
59.2434 -0.00337972756095
59.3388 -0.00337972756095
59.4342 -0.00337972756095
59.5296 -0.00337972756095
59.625 -0.00337972756095
59.7204 -0.00337972756095
59.8158 -0.00337972756095
59.9112 -0.00337972756095
60.0066 -0.00337972756095
60.102 -0.00337972756095
60.1974 -0.00337972756095
60.2928 -0.00337972756095
60.3882 -0.00337972756095
60.4836 -0.00337972756095
60.579 -0.00337972756095
60.6744 -0.00337972756095
60.7698 -0.00337972756095
60.8652 -0.00337972756095
60.9606 -0.00337972756095
61.056 -0.00337972756095
61.1514 -0.00337972756095
61.2468 -0.00337972756095
61.3422 -0.00337972756095
61.4376 -0.00337972756095
61.533 -0.00337972756095
61.6284 -0.00337972756095
61.7238 -0.00337972756095
61.8192 -0.00337972756095
61.9146 -0.00337972756095
62.01 -0.00337972756095
62.1054 -0.00337972756095
62.2008 -0.00337972756095
62.2962 -0.00337972756095
62.3916 -0.00337972756095
62.487 -0.00337972756095
62.5824 -0.00337972756095
62.6778 -0.00337972756095
62.7732 -0.00337972756095
62.8686 -0.00337972756095
62.964 -0.00337972756095
63.0594 -0.00337972756095
63.1548 -0.00337972756095
63.2502 -0.00337972756095
63.3456 -0.00337972756095
63.441 -0.00337972756095
63.5364 -0.00337972756095
63.6318 -0.00337972756095
63.7272 -0.00337972756095
63.8226 -0.00337972756095
63.918 -0.00337972756095
64.0134 -0.00337972756095
64.1088 -0.00337972756095
64.2042 -0.00337972756095
64.2996 -0.00337972756095
64.395 -0.00337972756095
64.4904 -0.00337972756095
64.5858 -0.00337972756095
64.6812 -0.00337972756095
64.7766 -0.00337972756095
64.872 -0.00337972756095
64.9674 -0.00337972756095
65.0628 -0.00337972756095
65.1582 -0.00337972756095
65.2536 -0.00337972756095
65.349 -0.00337972756095
65.4444 -0.00337972756095
65.5398 -0.00337972756095
65.6352 -0.00337972756095
65.7306 -0.00337972756095
65.826 -0.00337972756095
65.9214 -0.00337972756095
66.0168 -0.00337972756095
66.1122 -0.00337972756095
66.2076 -0.00337972756095
66.303 -0.00337972756095
66.3984 -0.00337972756095
66.4938 -0.00337972756095
66.5892 -0.00337972756095
66.6846 -0.00337972756095
66.78 -0.00337972756095
66.8754 -0.00337972756095
66.9708 -0.00337972756095
67.0662 -0.00337972756095
67.1616 -0.00337972756095
67.257 -0.00337972756095
67.3524 -0.00337972756095
67.4478 -0.00337972756095
67.5432 -0.00337972756095
67.6386 -0.00337972756095
67.734 -0.00337972756095
67.8294 -0.00337972756095
67.9248 -0.00337972756095
68.0202 -0.00337972756095
68.1156 -0.00337972756095
68.211 -0.00337972756095
68.3064 -0.00337972756095
68.4018 -0.00337972756095
68.4972 -0.00337972756095
68.5926 -0.00337972756095
68.688 -0.00337972756095
68.7834 -0.00337972756095
68.8788 -0.00337972756095
68.9742 -0.00337972756095
69.0696 -0.00337972756095
69.165 -0.00337972756095
69.2604 -0.00337972756095
69.3558 -0.00337972756095
69.4512 -0.00337972756095
69.5466 -0.00337972756095
69.642 -0.00337972756095
69.7374 -0.00337972756095
69.8328 -0.00337972756095
69.9282 -0.00337972756095
70.0236 -0.00337972756095
70.119 -0.00337972756095
70.2144 -0.00337972756095
70.3098 -0.00337972756095
70.4052 -0.00337972756095
70.5006 -0.00337972756095
70.596 -0.00337972756095
70.6914 -0.00337972756095
70.7868 -0.00337972756095
70.8822 -0.00337972756095
70.9776 -0.00337972756095
71.073 -0.00337972756095
71.1684 -0.00337972756095
71.2638 -0.00337972756095
71.3592 -0.00337972756095
71.4546 -0.00337972756095
71.55 -0.00337972756095
71.6454 -0.00337972756095
71.7408 -0.00337972756095
71.8362 -0.00337972756095
71.9316 -0.00337972756095
72.027 -0.00337972756095
72.1224 -0.00337972756095
72.2178 -0.00337972756095
72.3132 -0.00337972756095
72.4086 -0.00337972756095
72.504 -0.00337972756095
72.5994 -0.00337972756095
72.6948 -0.00337972756095
72.7902 -0.00337972756095
72.8856 -0.00337972756095
72.981 -0.00337972756095
73.0764 -0.00337972756095
73.1718 -0.00337972756095
73.2672 -0.00337972756095
73.3626 -0.00337972756095
73.458 -0.00337972756095
73.5534 -0.00337972756095
73.6488 -0.00337972756095
73.7442 -0.00337972756095
73.8396 -0.00337972756095
73.935 -0.00337972756095
74.0304 -0.00337972756095
74.1258 -0.00337972756095
74.2212 -0.00337972756095
74.3166 -0.00337972756095
74.412 -0.00337972756095
74.5074 -0.00337972756095
74.6028 -0.00337972756095
74.6982 -0.00337972756095
74.7936 -0.00337972756095
74.889 -0.00337972756095
74.9844 -0.00337972756095
75.0798 -0.00337972756095
75.1752 -0.00337972756095
75.2706 -0.00337972756095
75.366 -0.00337972756095
75.4614 -0.00337972756095
75.5568 -0.00337972756095
75.6522 -0.00337972756095
75.7476 -0.00337972756095
75.843 -0.00337972756095
75.9384 -0.00337972756095
76.0338 -0.00337972756095
76.1292 -0.00337972756095
76.2246 -0.00337972756095
76.32 -0.00337972756095
76.4154 -0.00337972756095
76.5108 -0.00337972756095
76.6062 -0.00337972756095
76.7016 -0.00337972756095
76.797 -0.00337972756095
76.8924 -0.00337972756095
76.9878 -0.00337972756095
77.0832 -0.00337972756095
77.1786 -0.00337972756095
77.274 -0.00337972756095
77.3694 -0.00337972756095
77.4648 -0.00337972756095
77.5602 -0.00337972756095
77.6556 -0.00337972756095
77.751 -0.00337972756095
77.8464 -0.00337972756095
77.9418 -0.00337972756095
78.0372 -0.00337972756095
78.1326 -0.00337972756095
78.228 -0.00337972756095
78.3234 -0.00337972756095
78.4188 -0.00337972756095
78.5142 -0.00337972756095
78.6096 -0.00337972756095
78.705 -0.00337972756095
78.8004 -0.00337972756095
78.8958 -0.00337972756095
78.9912 -0.00337972756095
79.0866 -0.00337972756095
79.182 -0.00337972756095
79.2774 -0.00337972756095
79.3728 -0.00337972756095
79.4682 -0.00337972756095
79.5636 -0.00337972756095
79.659 -0.00337972756095
79.7544 -0.00337972756095
79.8498 -0.00337972756095
79.9452 -0.00337972756095
80.0406 -0.00337972756095
80.136 -0.00337972756095
80.2314 -0.00337972756095
80.3268 -0.00337972756095
80.4222 -0.00337972756095
80.5176 -0.00337972756095
80.613 -0.00337972756095
80.7084 -0.00337972756095
80.8038 -0.00337972756095
80.8992 -0.00337972756095
80.9946 -0.00337972756095
81.09 -0.00337972756095
81.1854 -0.00337972756095
81.2808 -0.00337972756095
81.3762 -0.00337972756095
81.4716 -0.00337972756095
81.567 -0.00337972756095
81.6624 -0.00337972756095
81.7578 -0.00337972756095
81.8532 -0.00337972756095
81.9486 -0.00337972756095
82.044 -0.00337972756095
82.1394 -0.00337972756095
82.2348 -0.00337972756095
82.3302 -0.00337972756095
82.4256 -0.00337972756095
82.521 -0.00337972756095
82.6164 -0.00337972756095
82.7118 -0.00337972756095
82.8072 -0.00337972756095
82.9026 -0.00337972756095
82.998 -0.00337972756095
83.0934 -0.00337972756095
83.1888 -0.00337972756095
83.2842 -0.00337972756095
83.3796 -0.00337972756095
83.475 -0.00337972756095
83.5704 -0.00337972756095
83.6658 -0.00337972756095
83.7612 -0.00337972756095
83.8566 -0.00337972756095
83.952 -0.00337972756095
84.0474 -0.00337972756095
84.1428 -0.00337972756095
84.2382 -0.00337972756095
84.3336 -0.00337972756095
84.429 -0.00337972756095
84.5244 -0.00337972756095
84.6198 -0.00337972756095
84.7152 -0.00337972756095
84.8106 -0.00337972756095
84.906 -0.00337972756095
85.0014 -0.00337972756095
85.0968 -0.00337972756095
85.1922 -0.00337972756095
85.2876 -0.00337972756095
85.383 -0.00337972756095
85.4784 -0.00337972756095
85.5738 -0.00337972756095
85.6692 -0.00337972756095
85.7646 -0.00337972756095
85.86 -0.00337972756095
85.9554 -0.00337972756095
86.0508 -0.00337972756095
86.1462 -0.00337972756095
86.2416 -0.00337972756095
86.337 -0.00337972756095
86.4324 -0.00337972756095
86.5278 -0.00337972756095
86.6232 -0.00337972756095
86.7186 -0.00337972756095
86.814 -0.00337972756095
86.9094 -0.00337972756095
87.0048 -0.00337972756095
87.1002 -0.00337972756095
87.1956 -0.00337972756095
87.291 -0.00337972756095
87.3864 -0.00337972756095
87.4818 -0.00337972756095
87.5772 -0.00337972756095
87.6726 -0.00337972756095
87.768 -0.00337972756095
87.8634 -0.00337972756095
87.9588 -0.00337972756095
88.0542 -0.00337972756095
88.1496 -0.00337972756095
88.245 -0.00337972756095
88.3404 -0.00337972756095
88.4358 -0.00337972756095
88.5312 -0.00337972756095
88.6266 -0.00337972756095
88.722 -0.00337972756095
88.8174 -0.00337972756095
88.9128 -0.00337972756095
89.0082 -0.00337972756095
89.1036 -0.00337972756095
89.199 -0.00337972756095
89.2944 -0.00337972756095
89.3898 -0.00337972756095
89.4852 -0.00337972756095
89.5806 -0.00337972756095
89.676 -0.00337972756095
89.7714 -0.00337972756095
89.8668 -0.00337972756095
89.9622 -0.00337972756095
90.0576 -0.00337972756095
90.153 -0.00337972756095
90.2484 -0.00337972756095
90.3438 -0.00337972756095
90.4392 -0.00337972756095
90.5346 -0.00337972756095
90.63 -0.00337972756095
90.7254 -0.00337972756095
90.8208 -0.00337972756095
90.9162 -0.00337972756095
91.0116 -0.00337972756095
91.107 -0.00337972756095
91.2024 -0.00337972756095
91.2978 -0.00337972756095
91.3932 -0.00337972756095
91.4886 -0.00337972756095
91.584 -0.00337972756095
91.6794 -0.00337972756095
91.7748 -0.00337972756095
91.8702 -0.00337972756095
91.9656 -0.00337972756095
92.061 -0.00337972756095
92.1564 -0.00337972756095
92.2518 -0.00337972756095
92.3472 -0.00337972756095
92.4426 -0.00337972756095
92.538 -0.00337972756095
92.6334 -0.00337972756095
92.7288 -0.00337972756095
92.8242 -0.00337972756095
92.9196 -0.00337972756095
93.015 -0.00337972756095
93.1104 -0.00337972756095
93.2058 -0.00337972756095
93.3012 -0.00337972756095
93.3966 -0.00337972756095
93.492 -0.00337972756095
93.5874 -0.00337972756095
93.6828 -0.00337972756095
93.7782 -0.00337972756095
93.8736 -0.00337972756095
93.969 -0.00337972756095
94.0644 -0.00337972756095
94.1598 -0.00337972756095
94.2552 -0.00337972756095
94.3506 -0.00337972756095
94.446 -0.00337972756095
94.5414 -0.00337972756095
94.6368 -0.00337972756095
94.7322 -0.00337972756095
94.8276 -0.00337972756095
94.923 -0.00337972756095
95.0184 -0.00337972756095
95.1138 -0.00337972756095
95.2092 -0.00337972756095
95.3046 -0.00337972756095
95.4 -0.00337972756095
95.4954 -0.00337972756095
95.5908 -0.00337972756095
95.6862 -0.00337972756095
95.7816 -0.00337972756095
95.877 -0.00337972756095
95.9724 -0.00337972756095
96.0678 -0.00337972756095
96.1632 -0.00337972756095
96.2586 -0.00337972756095
96.354 -0.00337972756095
96.4494 -0.00337972756095
96.5448 -0.00337972756095
96.6402 -0.00337972756095
96.7356 -0.00337972756095
96.831 -0.00337972756095
96.9264 -0.00337972756095
97.0218 -0.00337972756095
97.1172 -0.00337972756095
97.2126 -0.00337972756095
97.308 -0.00337972756095
97.4034 -0.00337972756095
97.4988 -0.00337972756095
97.5942 -0.00337972756095
