0.0 -0.00146461841987
0.1 -0.0131394907392
0.2 -0.0314313576913
0.3 -0.0501027829391
0.4 -0.0560515111919
0.5 -0.0331686698709
0.6 0.0295628048994
0.7 0.129142846878
0.8 0.243929442202
0.9 0.337302639414
1.0 0.369651304181
1.1 0.313839876228
1.2 0.166522715281
1.3 -0.0506998865938
1.4 -0.300572054338
1.5 -0.543751673221
1.6 -0.747718591402
1.7 -0.885446856582
1.8 -0.926239638051
1.9 -0.828621382419
2.0 -0.54645314065
2.1 -0.0521390792556
2.2 0.63134166337
2.3 1.40676016024
2.4 2.10375106934
2.5 2.51080786384
2.6 2.43044603143
2.7 1.7400912516
2.8 0.440033864519
2.9 -1.32381916355
3.0 -3.26611969152
3.1 -4.99611300903
3.2 -6.07862067948
3.3 -6.12116201335
3.4 -4.87973160213
3.5 -2.36101231983
3.6 1.11618578907
3.7 4.9395007582
3.8 8.32090169806
3.9 10.4948822589
4.0 10.9379772746
4.1 9.53024981677
4.2 6.59289718266
4.3 2.78180496398
4.4 -1.12414142513
4.5 -4.45686623801
4.6 -6.82487046485
4.7 -8.15521198798
4.8 -8.61425971443
4.9 -8.46196744371
5.0 -7.91495157332
5.1 -7.07564448555
5.2 -5.94249707418
5.3 -4.47486952405
5.4 -2.66658961245
5.5 -0.589603522253
5.6 1.60642072069
5.7 3.72816423229
5.8 5.58399969417
5.9 7.02067178156
6.0 7.94173998906
6.1 8.30817773724
6.2 8.1269598483
6.3 7.43507514456
6.4 6.28636433659
6.5 4.74732660183
6.6 2.90419585697
6.7 0.876769690205
6.8 -1.17245193963
6.9 -3.04711940536
7.0 -4.55038635143
7.1 -5.53559677854
7.2 -5.95395220925
7.3 -5.87491347803
7.4 -5.4647152314
7.5 -4.92759574133
7.6 -4.43291966823
7.7 -4.05886804367
7.8 -3.77558612428
7.9 -3.47205692028
8.0 -3.01162852148
8.1 -2.29072679926
8.2 -1.27773691296
8.3 -0.0211408360814
8.4 1.36969308002
8.5 2.75814368345
8.6 4.01373028288
8.7 5.03516050059
8.8 5.75982812928
8.9 6.16211823413
9.0 6.24537815478
9.1 6.03214642
9.2 5.55551199617
9.3 4.8526213312
9.4 3.96021197162
9.5 2.91194417757
9.6 1.7379628718
9.7 0.4677185165
9.8 -0.863425215151
9.9 -2.2053167517
10.0 -3.48615571219
10.1 -4.61338870655
10.2 -5.48629512692
10.3 -6.01889381633
10.4 -6.16539051012
10.5 -5.93682876258
10.6 -5.39990684839
10.7 -4.65675852635
10.8 -3.81385937774
10.9 -2.9536505169
11.0 -2.12057579752
11.1 -1.32507419625
11.2 -0.559629787199
11.3 0.18409917545
11.4 0.906147788178
11.5 1.59925116333
11.6 2.25513289473
11.7 2.86865817152
11.8 3.43545514522
11.9 3.94453754006
12.0 4.37192930179
12.1 4.68127770107
12.2 4.8331427031
12.3 4.79905471459
12.4 4.57313984585
12.5 4.17505125698
12.6 3.64242459168
12.7 3.01648461371
12.8 2.3278764718
12.9 1.58961014039
13.0 0.80041203442
13.1 -0.0434022965464
13.2 -0.93368180813
13.3 -1.84124154615
13.4 -2.716715153
13.5 -3.5014225347
13.6 -4.14305705121
13.7 -4.60849086498
13.8 -4.88767228298
13.9 -4.98766711698
14.0 -4.92150421762
14.1 -4.69924201366
14.2 -4.32680468836
14.3 -3.81274702575
14.4 -3.17762399466
14.5 -2.45865423197
14.6 -1.70523462191
14.7 -0.966744889874
14.8 -0.279122288264
14.9 0.342402389528
15.0 0.900761140451
15.1 1.40691694315
15.2 1.86853618361
15.3 2.2838253563
15.4 2.64302175566
15.5 2.93511671384
15.6 3.15462682061
15.7 3.30407315469
15.8 3.39125084173
15.9 3.42382708519
16.0 3.40509468516
16.1 3.33335449788
16.2 3.20469875855
16.3 3.01685948869
16.4 2.77150475971
16.5 2.47377733399
16.6 2.12981649903
16.7 1.744213139
16.8 1.31921701808
16.9 0.856312057743
17.0 0.359302659556
17.1 -0.16287564346
17.2 -0.695353199123
17.3 -1.21927798825
17.4 -1.71583248418
17.5 -2.17044717317
17.6 -2.57507319826
17.7 -2.92727363737
17.8 -3.22658763282
17.9 -3.47020752377
18.0 -3.65051177978
18.1 -3.75600253412
18.2 -3.77521369425
18.3 -3.70137934223
18.4 -3.53521509352
18.5 -3.28436043505
18.6 -2.9600777932
18.7 -2.57336735117
18.8 -2.13276094417
18.9 -1.64474960664
19.0 -1.11606147219
19.1 -0.556015993808
19.2 0.0225299364114
19.3 0.603972026051
19.4 1.17173411446
19.5 1.70999009536
19.6 2.20478168376
19.7 2.64463986316
19.8 3.02103488385
19.9 3.3286624141
20.0 3.56517110058
20.1 3.72998180642
20.2 3.82243986789
20.3 3.8402260281
20.4 3.7791053935
20.5 3.63446776767
20.6 3.40407346998
20.7 3.09067782684
20.8 2.70326785684
20.9 2.25642228619
21.0 1.76822795805
21.1 1.2576614485
21.2 0.742207700826
21.3 0.236051793916
21.4 -0.25109992311
21.5 -0.714457709539
21.6 -1.15356537238
21.7 -1.57050495049
21.8 -1.96717297544
21.9 -2.3424993306
22.0 -2.69071237129
22.1 -3.00137585382
22.2 -3.26112739608
22.3 -3.45634040345
22.4 -3.57573242649
22.5 -3.61226847324
22.6 -3.5641942395
22.7 -3.43527780053
22.8 -3.23424686941
22.9 -2.9732592089
23.0 -2.66539850869
23.1 -2.32172164022
23.2 -1.94895336826
23.3 -1.54901498542
23.4 -1.12092077501
23.5 -0.664433557819
23.6 -0.183883187832
23.7 0.309668567117
23.8 0.799020467566
23.9 1.26402010016
24.0 1.68603831852
24.1 2.0519358963
24.2 2.35605701763
24.3 2.5996780067
24.4 2.78836218112
24.5 2.9284253161
24.6 3.02396256973
24.7 3.07556673203
24.8 3.08109252104
24.9 3.03788062276
25.0 2.94516325887
25.1 2.80530888611
25.2 2.62323276449
25.3 2.40438921934
25.4 2.15264707299
25.5 1.86946031878
25.6 1.5549586034
25.7 1.21035793155
25.8 0.840211871776
25.9 0.453072808584
26.0 0.0600943273783
26.1 -0.327640114035
26.2 -0.701535302958
26.3 -1.05634240624
26.4 -1.38914540033
26.5 -1.69727196101
26.6 -1.97647281439
26.7 -2.22044163775
26.8 -2.42191331012
26.9 -2.57471776729
27.0 -2.67573106935
27.1 -2.7257924944
27.2 -2.72918634049
27.3 -2.69193089215
27.4 -2.61961619926
27.5 -2.51571970078
27.6 -2.38113018495
27.7 -2.21506652703
27.8 -2.01688822516
27.9 -1.78780138276
28.0 -1.53149227742
28.1 -1.25334222769
28.2 -0.958773386672
28.3 -0.651871256337
28.4 -0.335273125375
28.5 -0.0114358786846
28.6 0.315627357206
28.7 0.639478995255
28.8 0.952053047924
28.9 1.24572862962
29.0 1.51531031204
29.1 1.75851534236
29.2 1.97458168704
29.3 2.16197766919
29.4 2.31691693897
29.5 2.43388947861
29.6 2.50800822278
29.7 2.53762401358
29.8 2.52534962979
29.9 2.4766142837
30.0 2.39649554309
30.1 2.28660638994
30.2 2.14434976776
30.3 1.96480515927
30.4 1.74401457845
30.5 1.48220913436
30.6 1.18517386754
30.7 0.863270026549
30.8 0.52891362735
30.9 0.193937230608
31.0 -0.132014707945
31.1 -0.441755239825
31.2 -0.729994457494
31.3 -0.992750272035
31.4 -1.22724663647
31.5 -1.43224475448
31.6 -1.60831172996
31.7 -1.75749271132
31.8 -1.88221631459
31.9 -1.98379166336
32.0 -2.06122393286
32.1 -2.11104646968
32.2 -2.12841794722
32.3 -2.10907923626
32.4 -2.05126628484
32.5 -1.95664191086
32.6 -1.82980460756
32.7 -1.67670047118
32.8 -1.50285564053
32.9 -1.31239229406
33.0 -1.10825486452
33.1 -0.893295971865
33.2 -0.671356895978
33.3 -0.447550086279
33.4 -0.227534146013
33.5 -0.0162468110832
33.6 0.18312615056
33.7 0.369388808221
33.8 0.542763506024
33.9 0.703948960395
34.0 0.853333098087
34.1 0.990632852834
34.2 1.11491158316
34.3 1.22478827359
34.4 1.31872979745
34.5 1.3954262953
34.6 1.45420792379
34.7 1.49528794842
34.8 1.5195296657
34.9 1.5276330934
35.0 1.51907282836
35.1 1.49147201541
35.2 1.44102096833
35.3 1.36398077927
35.4 1.25858956275
35.5 1.12633203316
35.6 0.971846944072
35.7 0.801558049517
35.8 0.621870299805
35.9 0.437947363438
36.0 0.253577805771
36.1 0.0718454358065
36.2 -0.104165484326
36.3 -0.27125149749
36.4 -0.426574169622
36.5 -0.568217750367
36.6 -0.695237511106
36.7 -0.807069857413
36.8 -0.90274156439
36.9 -0.980525014746
37.0 -1.03837259647
37.1 -1.0748803786
37.2 -1.09013364425
37.3 -1.08586736966
37.4 -1.06485076669
37.5 -1.02990972163
37.6 -0.983180754014
37.7 -0.925960979103
37.8 -0.859092066645
37.9 -0.783505736828
38.0 -0.700542661414
38.1 -0.611882996548
38.2 -0.519198436229
38.3 -0.423779696962
38.4 -0.326365794121
38.5 -0.227270085704
38.6 -0.126754718656
38.7 -0.0255017957715
38.8 0.0750192577226
38.9 0.172471662799
39.0 0.263943622917
39.1 0.346531684599
39.2 0.417972274372
39.3 0.47702753741
39.4 0.52345062123
39.5 0.557592277507
39.6 0.579917087117
39.7 0.590731184581
39.8 0.590257546883
39.9 0.578946679209
40.0 0.557756079432
40.1 0.52817460397
40.2 0.491963395338
40.3 0.450781619415
40.4 0.405923980939
40.5 0.358293649121
40.6 0.308565038364
40.7 0.257385860093
40.8 0.205488676358
40.9 0.153686140234
41.0 0.102814260894
41.1 0.0536983436395
41.2 0.00715864901316
41.3 -0.0359864783067
41.4 -0.07496743419
41.5 -0.109159486143
41.6 -0.138175395223
41.7 -0.161894197676
41.8 -0.180408831619
41.9 -0.193930913921
42.0 -0.202713830878
42.1 -0.207031029227
42.2 -0.207199643866
42.3 -0.203609091257
42.4 -0.196719981122
42.5 -0.187029306988
42.6 -0.175025203633
42.7 -0.161158780472
42.8 -0.145843721474
42.9 -0.129473867404
43.0 -0.112440489264
43.1 -0.0951368537911
43.2 -0.0779492097148
43.3 -0.0612407642432
43.4 -0.0453356302817
43.5 -0.0305065101595
43.6 -0.0169672308426
43.7 -0.00487018431017
43.8 0.00569205576218
43.9 0.0146827539394
44.0 0.0221166532623
44.1 0.0280554142073
44.2 0.0326004752076
44.3 0.0358805305397
44.4 0.0380340229096
44.5 0.0391918381918
44.6 0.0394674977216
44.7 0.0389589390268
44.8 0.0377592328678
44.9 0.035968306887
45.0 0.0336979521217
45.1 0.0310677008958
45.2 0.0281952871041
45.3 0.0251878833145
45.4 0.022138087703
45.5 0.0191243447321
45.6 0.0162127367259
45.7 0.0134574555496
45.8 0.010899561084
45.9 0.00856554824085
46.0 0.00646746046484
46.1 0.00460518240447
46.2 0.00297031679541
46.3 0.00155049530725
46.4 0.000333056753614
46.5 -0.000692654703904
46.6 -0.00153475743169
46.7 -0.00219996889641
46.8 -0.0026957123112
46.9 -0.00303208434074
47.0 -0.00322272925945
47.1 -0.00328438797724
47.2 -0.00323569643358
47.3 -0.0030961007193
47.4 -0.0028853564708
47.5 -0.00262338606888
47.6 -0.00232989194944
47.7 -0.00202335646084
47.8 -0.00171964544752
47.9 -0.00143085049289
48.0 -0.00116492709931
48.1 -0.000926221722
48.2 -0.000716516132444
48.3 -0.000536065694323
48.4 -0.000384287865472
48.5 -0.000260055458647
48.6 -0.000161744235521
48.7 -8.72086401703e-05
48.8 -3.37884239093e-05
48.9 1.61768539883e-06
49.0 2.24032408916e-05
49.1 3.20372511165e-05
49.2 3.38125974977e-05
49.3 3.06192542337e-05
49.4 2.48002700396e-05
49.5 1.81129595642e-05
49.6 1.17734250261e-05
49.7 6.54042645078e-06
49.8 2.80334168728e-06
49.9 6.61822964335e-07
50.0 0.0
50.1 0.0
50.2 0.0
50.3 0.0
50.4 0.0
50.5 0.0
50.6 0.0
50.7 0.0
50.8 0.0
50.9 0.0
51.0 0.0
51.1 0.0
51.2 0.0
51.3 0.0
51.4 0.0
51.5 0.0
51.6 0.0
51.7 0.0
51.8 0.0
51.9 0.0
52.0 0.0
52.1 0.0
52.2 0.0
52.3 0.0
52.4 0.0
52.5 0.0
52.6 0.0
52.7 0.0
52.8 0.0
52.9 0.0
53.0 0.0
53.1 0.0
53.2 0.0
53.3 0.0
53.4 0.0
53.5 0.0
53.6 0.0
53.7 0.0
53.8 0.0
53.9 0.0
54.0 0.0
54.1 0.0
54.2 0.0
54.3 0.0
54.4 0.0
54.5 0.0
54.6 0.0
54.7 0.0
54.8 0.0
54.9 0.0
55.0 0.0
55.1 0.0
55.2 0.0
55.3 0.0
55.4 0.0
55.5 0.0
55.6 0.0
55.7 0.0
55.8 0.0
55.9 0.0
56.0 0.0
56.1 0.0
56.2 0.0
56.3 0.0
56.4 0.0
56.5 0.0
56.6 0.0
56.7 0.0
56.8 0.0
56.9 0.0
57.0 0.0
57.1 0.0
57.2 0.0
57.3 0.0
57.4 0.0
57.5 0.0
57.6 0.0
57.7 0.0
57.8 0.0
57.9 0.0
58.0 0.0
58.1 0.0
58.2 0.0
58.3 0.0
58.4 0.0
58.5 0.0
58.6 0.0
58.7 0.0
58.8 0.0
58.9 0.0
59.0 0.0
59.1 0.0
59.2 0.0
59.3 0.0
59.4 0.0
59.5 0.0
59.6 0.0
59.7 0.0
59.8 0.0
59.9 0.0
60.0 0.0
60.1 0.0
60.2 0.0
60.3 0.0
60.4 0.0
60.5 0.0
60.6 0.0
60.7 0.0
60.8 0.0
60.9 0.0
61.0 0.0
61.1 0.0
61.2 0.0
61.3 0.0
61.4 0.0
61.5 0.0
61.6 0.0
61.7 0.0
61.8 0.0
61.9 0.0
62.0 0.0
62.1 0.0
62.2 0.0
62.3 0.0
62.4 0.0
62.5 0.0
62.6 0.0
62.7 0.0
62.8 0.0
62.9 0.0
63.0 0.0
63.1 0.0
63.2 0.0
63.3 0.0
63.4 0.0
63.5 0.0
63.6 0.0
63.7 0.0
63.8 0.0
63.9 0.0
64.0 0.0
64.1 0.0
64.2 0.0
64.3 0.0
64.4 0.0
64.5 0.0
64.6 0.0
64.7 0.0
64.8 0.0
64.9 0.0
65.0 0.0
65.1 0.0
65.2 0.0
65.3 0.0
65.4 0.0
65.5 0.0
65.6 0.0
65.7 0.0
65.8 0.0
65.9 0.0
66.0 0.0
66.1 0.0
66.2 0.0
66.3 0.0
66.4 0.0
66.5 0.0
66.6 0.0
66.7 0.0
66.8 0.0
66.9 0.0
67.0 0.0
67.1 0.0
67.2 0.0
67.3 0.0
67.4 0.0
67.5 0.0
67.6 0.0
67.7 0.0
67.8 0.0
67.9 0.0
68.0 0.0
68.1 0.0
68.2 0.0
68.3 0.0
68.4 0.0
68.5 0.0
68.6 0.0
68.7 0.0
68.8 0.0
68.9 0.0
69.0 0.0
69.1 0.0
69.2 0.0
69.3 0.0
69.4 0.0
69.5 0.0
69.6 0.0
69.7 0.0
69.8 0.0
69.9 0.0
70.0 0.0
70.1 0.0
70.2 0.0
70.3 0.0
70.4 0.0
70.5 0.0
70.6 0.0
70.7 0.0
70.8 0.0
70.9 0.0
71.0 0.0
71.1 0.0
71.2 0.0
71.3 0.0
71.4 0.0
71.5 0.0
71.6 0.0
71.7 0.0
71.8 0.0
71.9 0.0
72.0 0.0
72.1 0.0
72.2 0.0
72.3 0.0
72.4 0.0
72.5 0.0
72.6 0.0
72.7 0.0
72.8 0.0
72.9 0.0
73.0 0.0
73.1 0.0
73.2 0.0
73.3 0.0
73.4 0.0
73.5 0.0
73.6 0.0
73.7 0.0
73.8 0.0
73.9 0.0
74.0 0.0
74.1 0.0
74.2 0.0
74.3 0.0
74.4 0.0
74.5 0.0
74.6 0.0
74.7 0.0
74.8 0.0
74.9 0.0
75.0 0.0
75.1 0.0
75.2 0.0
75.3 0.0
75.4 0.0
75.5 0.0
75.6 0.0
75.7 0.0
75.8 0.0
75.9 0.0
76.0 0.0
76.1 0.0
76.2 0.0
76.3 0.0
76.4 0.0
76.5 0.0
76.6 0.0
76.7 0.0
76.8 0.0
76.9 0.0
77.0 0.0
77.1 0.0
77.2 0.0
77.3 0.0
77.4 0.0
77.5 0.0
77.6 0.0
77.7 0.0
77.8 0.0
77.9 0.0
78.0 0.0
78.1 0.0
78.2 0.0
78.3 0.0
78.4 0.0
78.5 0.0
78.6 0.0
78.7 0.0
78.8 0.0
78.9 0.0
79.0 0.0
79.1 0.0
79.2 0.0
79.3 0.0
79.4 0.0
79.5 0.0
79.6 0.0
79.7 0.0
79.8 0.0
79.9 0.0
80.0 0.0
80.1 0.0
80.2 0.0
80.3 0.0
80.4 0.0
80.5 0.0
80.6 0.0
80.7 0.0
80.8 0.0
80.9 0.0
81.0 0.0
81.1 0.0
81.2 0.0
81.3 0.0
81.4 0.0
81.5 0.0
81.6 0.0
81.7 0.0
81.8 0.0
81.9 0.0
82.0 0.0
82.1 0.0
82.2 0.0
82.3 0.0
82.4 0.0
82.5 0.0
82.6 0.0
82.7 0.0
82.8 0.0
82.9 0.0
83.0 0.0
83.1 0.0
83.2 0.0
83.3 0.0
83.4 0.0
83.5 0.0
83.6 0.0
83.7 0.0
83.8 0.0
83.9 0.0
84.0 0.0
84.1 0.0
84.2 0.0
84.3 0.0
84.4 0.0
84.5 0.0
84.6 0.0
84.7 0.0
84.8 0.0
84.9 0.0
85.0 0.0
85.1 0.0
85.2 0.0
85.3 0.0
85.4 0.0
85.5 0.0
85.6 0.0
85.7 0.0
85.8 0.0
85.9 0.0
86.0 0.0
86.1 0.0
86.2 0.0
86.3 0.0
86.4 0.0
86.5 0.0
86.6 0.0
86.7 0.0
86.8 0.0
86.9 0.0
87.0 0.0
87.1 0.0
87.2 0.0
87.3 0.0
87.4 0.0
87.5 0.0
87.6 0.0
87.7 0.0
87.8 0.0
87.9 0.0
88.0 0.0
88.1 0.0
88.2 0.0
88.3 0.0
88.4 0.0
88.5 0.0
88.6 0.0
88.7 0.0
88.8 0.0
88.9 0.0
89.0 0.0
89.1 0.0
89.2 0.0
89.3 0.0
89.4 0.0
89.5 0.0
89.6 0.0
89.7 0.0
89.8 0.0
89.9 0.0
90.0 0.0
90.1 0.0
90.2 0.0
90.3 0.0
90.4 0.0
90.5 0.0
90.6 0.0
90.7 0.0
90.8 0.0
90.9 0.0
91.0 0.0
91.1 0.0
91.2 0.0
91.3 0.0
91.4 0.0
91.5 0.0
91.6 0.0
91.7 0.0
91.8 0.0
91.9 0.0
92.0 0.0
92.1 0.0
92.2 0.0
92.3 0.0
92.4 0.0
92.5 0.0
92.6 0.0
92.7 0.0
92.8 0.0
92.9 0.0
93.0 0.0
93.1 0.0
93.2 0.0
93.3 0.0
93.4 0.0
93.5 0.0
93.6 0.0
93.7 0.0
93.8 0.0
93.9 0.0
94.0 0.0
94.1 0.0
94.2 0.0
94.3 0.0
94.4 0.0
94.5 0.0
94.6 0.0
94.7 0.0
94.8 0.0
94.9 0.0
95.0 0.0
95.1 0.0
95.2 0.0
95.3 0.0
95.4 0.0
95.5 0.0
95.6 0.0
95.7 0.0
95.8 0.0
95.9 0.0
96.0 0.0
96.1 0.0
96.2 0.0
96.3 0.0
96.4 0.0
96.5 0.0
96.6 0.0
96.7 0.0
96.8 0.0
96.9 0.0
97.0 0.0
97.1 0.0
97.2 0.0
97.3 0.0
97.4 0.0
97.5 0.0
97.6 0.0
97.7 0.0
97.8 0.0
97.9 0.0
98.0 0.0
98.1 0.0
98.2 0.0
98.3 0.0
98.4 0.0
98.5 0.0
98.6 0.0
98.7 0.0
98.8 0.0
98.9 0.0
99.0 0.0
99.1 0.0
99.2 0.0
99.3 0.0
99.4 0.0
99.5 0.0
99.6 0.0
99.7 0.0
99.8 0.0
99.9 0.0
100.0 0.0
100.1 0.0
100.2 0.0
100.3 0.0
100.4 0.0
100.5 0.0
100.6 0.0
100.7 0.0
100.8 0.0
100.9 0.0
101.0 0.0
101.1 0.0
101.2 0.0
101.3 0.0
101.4 0.0
101.5 0.0
101.6 0.0
101.7 0.0
101.8 0.0
101.9 0.0
102.0 0.0
102.1 0.0
102.2 0.0
102.3 0.0
