0.0 0.0523065249396
0.0954 0.436316142683
0.1908 0.80099056276
0.2862 1.08342437562
0.3816 1.23803738006
0.477 1.25263416912
0.5724 1.15012280344
0.6678 0.975933655403
0.7632 0.77720324306
0.8586 0.582654681607
0.954 0.392533951896
1.0494 0.183587773086
1.1448 -0.0733844222993
1.2402 -0.390877474443
1.3356 -0.746845575295
1.431 -1.08139243947
1.5264 -1.31203035122
1.6218 -1.3617520977
1.7172 -1.18461086646
1.8126 -0.776091046438
1.908 -0.170883156141
2.0034 0.561726987771
2.0988 1.3212339971
2.1942 1.98073142725
2.2896 2.39482148051
2.385 2.41377331471
2.4804 1.91151627998
2.5758 0.828635525905
2.6712 -0.783741159799
2.7666 -2.74003999429
2.862 -4.72800060205
2.9574 -6.34756567562
3.0528 -7.17616478639
3.1482 -6.85576433776
3.2436 -5.19446942078
3.339 -2.26133027567
3.4344 1.56649965459
3.5298 5.64359176942
3.6252 9.18914584812
3.7206 11.4764874572
3.816 12.0188669378
3.9114 10.6937702299
4.0068 7.76927607626
4.1022 3.82632701478
4.1976 -0.398698953755
4.293 -4.2030405291
4.3884 -7.08021307234
4.4838 -8.8076753443
4.5792 -9.43835117431
4.6746 -9.21107399339
4.77 -8.42335598369
4.8654 -7.31793104252
4.9608 -6.02253770429
5.0562 -4.55624284637
5.1516 -2.88528783974
5.247 -0.992285599404
5.3424 1.0757039592
5.4378 3.19706837247
5.5332 5.20016249404
5.6286 6.90616081563
5.724 8.17044692701
5.8194 8.90714330669
5.9148 9.09042312352
6.0102 8.73670319403
6.1056 7.88046414889
6.201 6.55879878465
6.2964 4.81408789018
6.3918 2.71319896251
6.4872 0.371126621053
6.5826 -2.03733867423
6.678 -4.29040397143
6.7734 -6.15786557038
6.8688 -7.45364536033
6.9642 -8.08254379187
7.0596 -8.06289181466
7.155 -7.51634914479
7.2504 -6.6286779264
7.3458 -5.5953120519
7.4412 -4.57001664507
7.5366 -3.63287932024
7.632 -2.78649081146
7.7274 -1.97906237511
7.8228 -1.14340072011
7.9182 -0.235307066212
8.0136 0.743527659372
8.109 1.74555579246
8.2044 2.69742456955
8.2998 3.52896039776
8.3952 4.19773666586
8.4906 4.6995907806
8.586 5.06232288104
8.6814 5.32662277692
8.7768 5.52273042205
8.8722 5.65204675721
8.9676 5.68026017575
9.063 5.54418829361
9.1584 5.16992696085
9.2538 4.49625292019
9.3492 3.4956852475
9.4446 2.1869911776
9.54 0.636442692677
9.6354 -1.05115943801
9.7308 -2.74808621331
9.8262 -4.32163931244
9.9216 -5.65131892206
10.017 -6.64340268993
10.1124 -7.24155160467
10.2078 -7.43182889484
10.3032 -7.24070146978
10.3986 -6.72588958997
10.494 -5.96195041677
10.5894 -5.02422969695
10.6848 -3.97563195933
10.7802 -2.86007787215
10.8756 -1.7043499072
10.971 -0.52687293357
11.0664 0.650818753865
11.1618 1.7952101609
11.2572 2.85860081142
11.3526 3.78479756014
11.448 4.5206178335
11.5434 5.02858923139
11.6388 5.29570910727
11.7342 5.3350367408
11.8296 5.18017775249
11.925 4.87554468674
12.0204 4.46631505361
12.1158 3.99113135808
12.2112 3.47863175874
12.3066 2.94700312
12.402 2.4048653327
12.4974 1.85224005665
12.5928 1.28162593402
12.6882 0.680282669174
12.7836 0.0348386655781
12.879 -0.661846595564
12.9744 -1.40336073387
13.0698 -2.16497025724
13.1652 -2.90421752585
13.2606 -3.56786666149
13.356 -4.10346285285
13.4514 -4.47151933896
13.5468 -4.65379678914
13.6422 -4.65469287427
13.7376 -4.49573250348
13.833 -4.20609480448
13.9284 -3.81358850366
14.0238 -3.33980507649
14.1192 -2.80074733728
14.2146 -2.21133845662
14.31 -1.59034829286
14.4054 -0.962353304322
14.5008 -0.35524247653
14.5962 0.205606776414
14.6916 0.703463766472
14.787 1.13349207404
14.8824 1.50148203016
14.9778 1.81884481527
15.0732 2.09653844221
15.1686 2.34095810443
15.264 2.55350925065
15.3594 2.73338056017
15.4548 2.88121001163
15.5502 3.0009161884
15.6456 3.09816728643
15.741 3.17608192456
15.8364 3.2305813641
15.9318 3.2482915194
16.0272 3.20872632484
16.1226 3.09028800862
16.218 2.8775831841
16.3134 2.56678248263
16.4088 2.16666631271
16.5042 1.69511332663
16.5996 1.17298098386
16.695 0.618457680151
16.7904 0.0444814807906
16.8858 -0.539961899596
16.9812 -1.12594081846
17.0766 -1.70064885858
17.172 -2.24587037845
17.2674 -2.73984309226
17.3628 -3.16164806587
17.4582 -3.49595396581
17.5536 -3.73585894
17.649 -3.88266528043
17.7444 -3.94301721753
17.8398 -3.92504114191
17.9352 -3.83534670563
18.0306 -3.67797179963
18.126 -3.45513399656
18.2214 -3.16873324218
18.3168 -2.82143250836
18.4122 -2.41679548477
18.5076 -1.95887757839
18.603 -1.45220097662
18.6984 -0.902817676804
18.7938 -0.320305260844
18.8892 0.280390202294
18.9846 0.878703024276
19.08 1.45067518565
19.1754 1.97330800343
19.2708 2.42942141167
19.3662 2.81086473331
19.4616 3.11849595196
19.557 3.35881640308
19.6524 3.53878196833
19.7478 3.66124593816
19.8432 3.72319948846
19.9386 3.71757905742
20.034 3.63761430479
20.1294 3.48142584685
20.2248 3.25450413213
20.3202 2.96883954837
20.4156 2.63921865313
20.511 2.27863078908
20.6064 1.89510426106
20.7018 1.49144503899
20.7972 1.06776666691
20.8926 0.625238825718
20.988 0.168915080788
21.0834 -0.291899295739
21.1788 -0.745867588926
21.2742 -1.18311456472
21.3696 -1.5979734211
21.465 -1.98936413711
21.5604 -2.358445235
21.6558 -2.7046365821
21.7512 -3.02200309937
21.8466 -3.29787960589
21.942 -3.51459066693
22.0374 -3.65371111792
22.1328 -3.7012093819
22.2282 -3.65150357053
22.3236 -3.50900779936
22.419 -3.28681594286
22.5144 -3.00323362663
22.6098 -2.67748733905
22.7052 -2.32595538863
22.8006 -1.95982212962
22.896 -1.58445766186
22.9914 -1.20033993342
23.0868 -0.805072904811
23.1822 -0.395959471559
23.2776 0.0274500570729
23.373 0.461442226483
23.4684 0.897424449245
23.5638 1.32275170033
23.6592 1.72298887468
23.7546 2.0849410191
23.85 2.39936769505
23.9454 2.66229159803
24.0408 2.87431747842
24.1362 3.03823144591
24.2316 3.1559669368
24.327 3.22637960125
24.4224 3.24494270595
24.5178 3.20557336776
24.6132 3.10375370937
24.7086 2.9394473864
24.804 2.7183829428
24.8994 2.45106193676
24.9948 2.14995926093
25.0902 1.82624945027
25.1856 1.48757388146
25.281 1.13777657492
25.3764 0.778500860286
25.4718 0.411606235251
25.5672 0.0410201386894
25.6626 -0.326954591334
25.758 -0.684941665155
25.8534 -1.02655493714
25.9488 -1.3479604948
26.0442 -1.64797123143
26.1396 -1.9265412821
26.235 -2.1824339028
26.3304 -2.41132241192
26.4258 -2.60539432731
26.5212 -2.75477697637
26.6166 -2.85019753947
26.712 -2.88570611086
26.8074 -2.86031037918
26.9028 -2.77794607374
26.9982 -2.64600326643
27.0936 -2.47322261315
27.189 -2.26789197268
27.2844 -2.03692023896
27.3798 -1.78580158349
27.4752 -1.51905108195
27.5706 -1.24061134953
27.666 -0.95398061511
27.7614 -0.662172994894
27.8568 -0.367820989207
27.9522 -0.0736272307931
28.0476 0.216955594089
28.143 0.499248255917
28.2384 0.767548444732
28.3338 1.0161841196
28.4292 1.24107440678
28.5246 1.44104049555
28.62 1.61807208838
28.7154 1.7760691595
28.8108 1.91868326426
28.9062 2.04707649264
29.0016 2.15843318669
29.097 2.24627031856
29.1924 2.30239702953
29.2878 2.31967552389
29.3832 2.29435933025
29.4786 2.22701804789
29.574 2.12177605396
29.6694 1.98441546397
29.7648 1.82039005019
29.8602 1.6337198731
29.9556 1.42715446287
30.051 1.20324567205
30.1464 0.965478828179
30.2418 0.71863712572
30.3372 0.468086264596
30.4326 0.218358777849
30.528 -0.0281108983025
30.6234 -0.271269514158
30.7188 -0.512418319124
30.8142 -0.752257476574
30.9096 -0.988909009239
31.005 -1.21688700842
31.1004 -1.42755278419
31.1958 -1.61090358936
31.2912 -1.75795553421
31.3866 -1.86278023883
31.482 -1.92350629168
31.5774 -1.94212740774
31.6728 -1.92346945249
31.7682 -1.87390484416
31.8636 -1.80029196523
31.959 -1.70928801932
32.0544 -1.60687322223
32.1498 -1.49782838377
32.2452 -1.38506766874
32.3406 -1.26901424769
32.436 -1.14740715151
32.5314 -1.01588383146
32.6268 -0.869387268261
32.7222 -0.704049130383
32.8176 -0.518920677723
32.913 -0.316920921054
33.0084 -0.104656577136
33.1038 0.108802268976
33.1992 0.313743218663
33.2946 0.501642071665
33.39 0.666525125756
33.4854 0.80563895516
33.5808 0.919442833859
33.6762 1.01105650099
33.7716 1.08529266244
33.867 1.147371241
33.9624 1.20145233168
34.0578 1.24926126223
34.1532 1.28922723058
34.2486 1.31657161494
34.344 1.32455992767
34.4394 1.30670104755
34.5348 1.25921480547
34.6302 1.18283883136
34.7256 1.08318579299
34.821 0.969388998625
34.9164 0.851478361983
35.0118 0.737485136197
35.1072 0.631405175097
35.2026 0.532775924047
35.298 0.437910054365
35.3934 0.342118060565
35.4888 0.241883037345
35.5842 0.13608881855
35.6796 0.0259544340471
35.775 -0.0860067973514
35.8704 -0.197252217029
35.9658 -0.305954804016
36.0612 -0.410895014387
36.1566 -0.510726876134
36.252 -0.603230729628
36.3474 -0.685159881157
36.4428 -0.752906949531
36.5382 -0.803688225917
36.6336 -0.836584716411
36.729 -0.852804505965
36.8244 -0.854939839767
36.9198 -0.84556011562
37.0152 -0.825888205915
37.1106 -0.795313772513
37.206 -0.752081878273
37.3014 -0.694869126838
37.3968 -0.624454544116
37.4922 -0.544583227046
37.5876 -0.461477604363
37.683 -0.382101149519
37.7784 -0.311896775814
37.8738 -0.252997321249
37.9692 -0.203703212599
38.0646 -0.159446855839
38.16 -0.114799663676
38.2554 -0.0656436351058
38.3508 -0.0106168710458
38.4462 0.0486703932117
38.5416 0.108577025298
38.637 0.164977061013
38.7324 0.214684988529
38.8278 0.256210918845
38.9232 0.289691386295
39.0186 0.316235478447
39.114 0.337130112227
39.2094 0.353296514592
39.3048 0.365156606175
39.4002 0.372809656294
39.4956 0.376280463392
39.591 0.375635448647
39.6864 0.370919610296
39.7818 0.36202824837
39.8772 0.34868695858
39.9726 0.330638772822
40.068 0.307982595633
40.1634 0.281475345097
40.2588 0.252589107996
40.3542 0.223224153424
40.4496 0.195160382639
40.545 0.169481676513
40.6404 0.146242668803
40.7358 0.124542585077
40.8312 0.1029788064
40.9266 0.0802729407894
41.022 0.0557861487379
41.1174 0.0297044580589
41.2128 0.00284239322027
41.3082 -0.0238030563474
41.4036 -0.0495078441011
41.499 -0.0740614286156
41.5944 -0.0976925813208
41.6898 -0.120744211075
41.7852 -0.143280501569
41.8806 -0.164829768462
41.976 -0.184385567027
42.0714 -0.200655178791
42.1668 -0.212428677881
42.2622 -0.218898104224
42.3576 -0.21979870714
42.453 -0.215342940074
42.5484 -0.206018627861
42.6438 -0.192376136666
42.7392 -0.174914707537
42.8346 -0.154110224877
42.93 -0.130544838391
43.0254 -0.105044941182
43.1208 -0.0787320642262
43.2162 -0.0529378597745
43.3116 -0.0290031505534
43.407 -0.00803746989448
43.5024 0.00926620073723
43.5978 0.0226926625316
43.6932 0.0324281397345
43.7886 0.038890496957
43.884 0.04254440534
43.9794 0.0437770682414
44.0748 0.0428744596849
44.1702 0.0400878832735
44.2656 0.0357395081373
44.361 0.0303011355569
44.4564 0.0243973457947
44.5518 0.0187226254764
44.6472 0.0139033687337
44.7426 0.0103610417576
44.838 0.00823188471609
44.9334 0.00737328742294
45.0288 0.00745009144648
45.1242 0.00806252218552
45.2196 0.00886463740287
45.315 0.00963215473979
45.4104 0.0102648666165
45.5058 0.0107383615869
45.6012 0.0110390155636
45.6966 0.0111177255472
45.792 0.0108830614905
45.8874 0.0102322354801
45.9828 0.00909985279014
46.0782 0.00749797082239
46.1736 0.00552797087826
46.269 0.00335995403447
46.3644 0.00119039271713
46.4598 -0.000803450583484
46.5552 -0.00249569787326
46.6506 -0.00382282407972
46.746 -0.00477587470504
46.8414 -0.00538296058053
46.9368 -0.00569179322855
47.0322 -0.00575817004729
47.1276 -0.00564108583332
47.223 -0.00540154286655
47.3184 -0.00510141617674
47.4138 -0.00480023517704
47.5092 -0.00454983541118
47.6046 -0.00438817850239
47.7 -0.00433389833348
47.7954 -0.00433389833348
47.8908 -0.00433389833348
47.9862 -0.00433389833348
48.0816 -0.00433389833348
48.177 -0.00433389833348
48.2724 -0.00433389833348
48.3678 -0.00433389833348
48.4632 -0.00433389833348
48.5586 -0.00433389833348
48.654 -0.00433389833348
48.7494 -0.00433389833348
48.8448 -0.00433389833348
48.9402 -0.00433389833348
49.0356 -0.00433389833348
49.131 -0.00433389833348
49.2264 -0.00433389833348
49.3218 -0.00433389833348
49.4172 -0.00433389833348
49.5126 -0.00433389833348
49.608 -0.00433389833348
49.7034 -0.00433389833348
49.7988 -0.00433389833348
49.8942 -0.00433389833348
49.9896 -0.00433389833348
50.085 -0.00433389833348
50.1804 -0.00433389833348
50.2758 -0.00433389833348
50.3712 -0.00433389833348
50.4666 -0.00433389833348
50.562 -0.00433389833348
50.6574 -0.00433389833348
50.7528 -0.00433389833348
50.8482 -0.00433389833348
50.9436 -0.00433389833348
51.039 -0.00433389833348
51.1344 -0.00433389833348
51.2298 -0.00433389833348
51.3252 -0.00433389833348
51.4206 -0.00433389833348
51.516 -0.00433389833348
51.6114 -0.00433389833348
51.7068 -0.00433389833348
51.8022 -0.00433389833348
51.8976 -0.00433389833348
51.993 -0.00433389833348
52.0884 -0.00433389833348
52.1838 -0.00433389833348
52.2792 -0.00433389833348
52.3746 -0.00433389833348
52.47 -0.00433389833348
52.5654 -0.00433389833348
52.6608 -0.00433389833348
52.7562 -0.00433389833348
52.8516 -0.00433389833348
52.947 -0.00433389833348
53.0424 -0.00433389833348
53.1378 -0.00433389833348
53.2332 -0.00433389833348
53.3286 -0.00433389833348
53.424 -0.00433389833348
53.5194 -0.00433389833348
53.6148 -0.00433389833348
53.7102 -0.00433389833348
53.8056 -0.00433389833348
53.901 -0.00433389833348
53.9964 -0.00433389833348
54.0918 -0.00433389833348
54.1872 -0.00433389833348
54.2826 -0.00433389833348
54.378 -0.00433389833348
54.4734 -0.00433389833348
54.5688 -0.00433389833348
54.6642 -0.00433389833348
54.7596 -0.00433389833348
54.855 -0.00433389833348
54.9504 -0.00433389833348
55.0458 -0.00433389833348
55.1412 -0.00433389833348
55.2366 -0.00433389833348
55.332 -0.00433389833348
55.4274 -0.00433389833348
55.5228 -0.00433389833348
55.6182 -0.00433389833348
55.7136 -0.00433389833348
55.809 -0.00433389833348
55.9044 -0.00433389833348
55.9998 -0.00433389833348
56.0952 -0.00433389833348
56.1906 -0.00433389833348
56.286 -0.00433389833348
56.3814 -0.00433389833348
56.4768 -0.00433389833348
56.5722 -0.00433389833348
56.6676 -0.00433389833348
56.763 -0.00433389833348
56.8584 -0.00433389833348
56.9538 -0.00433389833348
57.0492 -0.00433389833348
57.1446 -0.00433389833348
57.24 -0.00433389833348
57.3354 -0.00433389833348
57.4308 -0.00433389833348
57.5262 -0.00433389833348
57.6216 -0.00433389833348
57.717 -0.00433389833348
57.8124 -0.00433389833348
57.9078 -0.00433389833348
58.0032 -0.00433389833348
58.0986 -0.00433389833348
58.194 -0.00433389833348
58.2894 -0.00433389833348
58.3848 -0.00433389833348
58.4802 -0.00433389833348
58.5756 -0.00433389833348
58.671 -0.00433389833348
58.7664 -0.00433389833348
58.8618 -0.00433389833348
58.9572 -0.00433389833348
59.0526 -0.00433389833348
59.148 -0.00433389833348
59.2434 -0.00433389833348
59.3388 -0.00433389833348
59.4342 -0.00433389833348
59.5296 -0.00433389833348
59.625 -0.00433389833348
59.7204 -0.00433389833348
59.8158 -0.00433389833348
59.9112 -0.00433389833348
60.0066 -0.00433389833348
60.102 -0.00433389833348
60.1974 -0.00433389833348
60.2928 -0.00433389833348
60.3882 -0.00433389833348
60.4836 -0.00433389833348
60.579 -0.00433389833348
60.6744 -0.00433389833348
60.7698 -0.00433389833348
60.8652 -0.00433389833348
60.9606 -0.00433389833348
61.056 -0.00433389833348
61.1514 -0.00433389833348
61.2468 -0.00433389833348
61.3422 -0.00433389833348
61.4376 -0.00433389833348
61.533 -0.00433389833348
61.6284 -0.00433389833348
61.7238 -0.00433389833348
61.8192 -0.00433389833348
61.9146 -0.00433389833348
62.01 -0.00433389833348
62.1054 -0.00433389833348
62.2008 -0.00433389833348
62.2962 -0.00433389833348
62.3916 -0.00433389833348
62.487 -0.00433389833348
62.5824 -0.00433389833348
62.6778 -0.00433389833348
62.7732 -0.00433389833348
62.8686 -0.00433389833348
62.964 -0.00433389833348
63.0594 -0.00433389833348
63.1548 -0.00433389833348
63.2502 -0.00433389833348
63.3456 -0.00433389833348
63.441 -0.00433389833348
63.5364 -0.00433389833348
63.6318 -0.00433389833348
63.7272 -0.00433389833348
63.8226 -0.00433389833348
63.918 -0.00433389833348
64.0134 -0.00433389833348
64.1088 -0.00433389833348
64.2042 -0.00433389833348
64.2996 -0.00433389833348
64.395 -0.00433389833348
64.4904 -0.00433389833348
64.5858 -0.00433389833348
64.6812 -0.00433389833348
64.7766 -0.00433389833348
64.872 -0.00433389833348
64.9674 -0.00433389833348
65.0628 -0.00433389833348
65.1582 -0.00433389833348
65.2536 -0.00433389833348
65.349 -0.00433389833348
65.4444 -0.00433389833348
65.5398 -0.00433389833348
65.6352 -0.00433389833348
65.7306 -0.00433389833348
65.826 -0.00433389833348
65.9214 -0.00433389833348
66.0168 -0.00433389833348
66.1122 -0.00433389833348
66.2076 -0.00433389833348
66.303 -0.00433389833348
66.3984 -0.00433389833348
66.4938 -0.00433389833348
66.5892 -0.00433389833348
66.6846 -0.00433389833348
66.78 -0.00433389833348
66.8754 -0.00433389833348
66.9708 -0.00433389833348
67.0662 -0.00433389833348
67.1616 -0.00433389833348
67.257 -0.00433389833348
67.3524 -0.00433389833348
67.4478 -0.00433389833348
67.5432 -0.00433389833348
67.6386 -0.00433389833348
67.734 -0.00433389833348
67.8294 -0.00433389833348
67.9248 -0.00433389833348
68.0202 -0.00433389833348
68.1156 -0.00433389833348
68.211 -0.00433389833348
68.3064 -0.00433389833348
68.4018 -0.00433389833348
68.4972 -0.00433389833348
68.5926 -0.00433389833348
68.688 -0.00433389833348
68.7834 -0.00433389833348
68.8788 -0.00433389833348
68.9742 -0.00433389833348
69.0696 -0.00433389833348
69.165 -0.00433389833348
69.2604 -0.00433389833348
69.3558 -0.00433389833348
69.4512 -0.00433389833348
69.5466 -0.00433389833348
69.642 -0.00433389833348
69.7374 -0.00433389833348
69.8328 -0.00433389833348
69.9282 -0.00433389833348
70.0236 -0.00433389833348
70.119 -0.00433389833348
70.2144 -0.00433389833348
70.3098 -0.00433389833348
70.4052 -0.00433389833348
70.5006 -0.00433389833348
70.596 -0.00433389833348
70.6914 -0.00433389833348
70.7868 -0.00433389833348
70.8822 -0.00433389833348
70.9776 -0.00433389833348
71.073 -0.00433389833348
71.1684 -0.00433389833348
71.2638 -0.00433389833348
71.3592 -0.00433389833348
71.4546 -0.00433389833348
71.55 -0.00433389833348
71.6454 -0.00433389833348
71.7408 -0.00433389833348
71.8362 -0.00433389833348
71.9316 -0.00433389833348
72.027 -0.00433389833348
72.1224 -0.00433389833348
72.2178 -0.00433389833348
72.3132 -0.00433389833348
72.4086 -0.00433389833348
72.504 -0.00433389833348
72.5994 -0.00433389833348
72.6948 -0.00433389833348
72.7902 -0.00433389833348
72.8856 -0.00433389833348
72.981 -0.00433389833348
73.0764 -0.00433389833348
73.1718 -0.00433389833348
73.2672 -0.00433389833348
73.3626 -0.00433389833348
73.458 -0.00433389833348
73.5534 -0.00433389833348
73.6488 -0.00433389833348
73.7442 -0.00433389833348
73.8396 -0.00433389833348
73.935 -0.00433389833348
74.0304 -0.00433389833348
74.1258 -0.00433389833348
74.2212 -0.00433389833348
74.3166 -0.00433389833348
74.412 -0.00433389833348
74.5074 -0.00433389833348
74.6028 -0.00433389833348
74.6982 -0.00433389833348
74.7936 -0.00433389833348
74.889 -0.00433389833348
74.9844 -0.00433389833348
75.0798 -0.00433389833348
75.1752 -0.00433389833348
75.2706 -0.00433389833348
75.366 -0.00433389833348
75.4614 -0.00433389833348
75.5568 -0.00433389833348
75.6522 -0.00433389833348
75.7476 -0.00433389833348
75.843 -0.00433389833348
75.9384 -0.00433389833348
76.0338 -0.00433389833348
76.1292 -0.00433389833348
76.2246 -0.00433389833348
76.32 -0.00433389833348
76.4154 -0.00433389833348
76.5108 -0.00433389833348
76.6062 -0.00433389833348
76.7016 -0.00433389833348
76.797 -0.00433389833348
76.8924 -0.00433389833348
76.9878 -0.00433389833348
77.0832 -0.00433389833348
77.1786 -0.00433389833348
77.274 -0.00433389833348
77.3694 -0.00433389833348
77.4648 -0.00433389833348
77.5602 -0.00433389833348
77.6556 -0.00433389833348
77.751 -0.00433389833348
77.8464 -0.00433389833348
77.9418 -0.00433389833348
78.0372 -0.00433389833348
78.1326 -0.00433389833348
78.228 -0.00433389833348
78.3234 -0.00433389833348
78.4188 -0.00433389833348
78.5142 -0.00433389833348
78.6096 -0.00433389833348
78.705 -0.00433389833348
78.8004 -0.00433389833348
78.8958 -0.00433389833348
78.9912 -0.00433389833348
79.0866 -0.00433389833348
79.182 -0.00433389833348
79.2774 -0.00433389833348
79.3728 -0.00433389833348
79.4682 -0.00433389833348
79.5636 -0.00433389833348
79.659 -0.00433389833348
79.7544 -0.00433389833348
79.8498 -0.00433389833348
79.9452 -0.00433389833348
80.0406 -0.00433389833348
80.136 -0.00433389833348
80.2314 -0.00433389833348
80.3268 -0.00433389833348
80.4222 -0.00433389833348
80.5176 -0.00433389833348
80.613 -0.00433389833348
80.7084 -0.00433389833348
80.8038 -0.00433389833348
80.8992 -0.00433389833348
80.9946 -0.00433389833348
81.09 -0.00433389833348
81.1854 -0.00433389833348
81.2808 -0.00433389833348
81.3762 -0.00433389833348
81.4716 -0.00433389833348
81.567 -0.00433389833348
81.6624 -0.00433389833348
81.7578 -0.00433389833348
81.8532 -0.00433389833348
81.9486 -0.00433389833348
82.044 -0.00433389833348
82.1394 -0.00433389833348
82.2348 -0.00433389833348
82.3302 -0.00433389833348
82.4256 -0.00433389833348
82.521 -0.00433389833348
82.6164 -0.00433389833348
82.7118 -0.00433389833348
82.8072 -0.00433389833348
82.9026 -0.00433389833348
82.998 -0.00433389833348
83.0934 -0.00433389833348
83.1888 -0.00433389833348
83.2842 -0.00433389833348
83.3796 -0.00433389833348
83.475 -0.00433389833348
83.5704 -0.00433389833348
83.6658 -0.00433389833348
83.7612 -0.00433389833348
83.8566 -0.00433389833348
83.952 -0.00433389833348
84.0474 -0.00433389833348
84.1428 -0.00433389833348
84.2382 -0.00433389833348
84.3336 -0.00433389833348
84.429 -0.00433389833348
84.5244 -0.00433389833348
84.6198 -0.00433389833348
84.7152 -0.00433389833348
84.8106 -0.00433389833348
84.906 -0.00433389833348
85.0014 -0.00433389833348
85.0968 -0.00433389833348
85.1922 -0.00433389833348
85.2876 -0.00433389833348
85.383 -0.00433389833348
85.4784 -0.00433389833348
85.5738 -0.00433389833348
85.6692 -0.00433389833348
85.7646 -0.00433389833348
85.86 -0.00433389833348
85.9554 -0.00433389833348
86.0508 -0.00433389833348
86.1462 -0.00433389833348
86.2416 -0.00433389833348
86.337 -0.00433389833348
86.4324 -0.00433389833348
86.5278 -0.00433389833348
86.6232 -0.00433389833348
86.7186 -0.00433389833348
86.814 -0.00433389833348
86.9094 -0.00433389833348
87.0048 -0.00433389833348
87.1002 -0.00433389833348
87.1956 -0.00433389833348
87.291 -0.00433389833348
87.3864 -0.00433389833348
87.4818 -0.00433389833348
87.5772 -0.00433389833348
87.6726 -0.00433389833348
87.768 -0.00433389833348
87.8634 -0.00433389833348
87.9588 -0.00433389833348
88.0542 -0.00433389833348
88.1496 -0.00433389833348
88.245 -0.00433389833348
88.3404 -0.00433389833348
88.4358 -0.00433389833348
88.5312 -0.00433389833348
88.6266 -0.00433389833348
88.722 -0.00433389833348
88.8174 -0.00433389833348
88.9128 -0.00433389833348
89.0082 -0.00433389833348
89.1036 -0.00433389833348
89.199 -0.00433389833348
89.2944 -0.00433389833348
89.3898 -0.00433389833348
89.4852 -0.00433389833348
89.5806 -0.00433389833348
89.676 -0.00433389833348
89.7714 -0.00433389833348
89.8668 -0.00433389833348
89.9622 -0.00433389833348
90.0576 -0.00433389833348
90.153 -0.00433389833348
90.2484 -0.00433389833348
90.3438 -0.00433389833348
90.4392 -0.00433389833348
90.5346 -0.00433389833348
90.63 -0.00433389833348
90.7254 -0.00433389833348
90.8208 -0.00433389833348
90.9162 -0.00433389833348
91.0116 -0.00433389833348
91.107 -0.00433389833348
91.2024 -0.00433389833348
91.2978 -0.00433389833348
91.3932 -0.00433389833348
91.4886 -0.00433389833348
91.584 -0.00433389833348
91.6794 -0.00433389833348
91.7748 -0.00433389833348
91.8702 -0.00433389833348
91.9656 -0.00433389833348
92.061 -0.00433389833348
92.1564 -0.00433389833348
92.2518 -0.00433389833348
92.3472 -0.00433389833348
92.4426 -0.00433389833348
92.538 -0.00433389833348
92.6334 -0.00433389833348
92.7288 -0.00433389833348
92.8242 -0.00433389833348
92.9196 -0.00433389833348
93.015 -0.00433389833348
93.1104 -0.00433389833348
93.2058 -0.00433389833348
93.3012 -0.00433389833348
93.3966 -0.00433389833348
93.492 -0.00433389833348
93.5874 -0.00433389833348
93.6828 -0.00433389833348
93.7782 -0.00433389833348
93.8736 -0.00433389833348
93.969 -0.00433389833348
94.0644 -0.00433389833348
94.1598 -0.00433389833348
94.2552 -0.00433389833348
94.3506 -0.00433389833348
94.446 -0.00433389833348
94.5414 -0.00433389833348
94.6368 -0.00433389833348
94.7322 -0.00433389833348
94.8276 -0.00433389833348
94.923 -0.00433389833348
95.0184 -0.00433389833348
95.1138 -0.00433389833348
95.2092 -0.00433389833348
95.3046 -0.00433389833348
95.4 -0.00433389833348
95.4954 -0.00433389833348
95.5908 -0.00433389833348
95.6862 -0.00433389833348
95.7816 -0.00433389833348
95.877 -0.00433389833348
95.9724 -0.00433389833348
96.0678 -0.00433389833348
96.1632 -0.00433389833348
96.2586 -0.00433389833348
96.354 -0.00433389833348
96.4494 -0.00433389833348
96.5448 -0.00433389833348
96.6402 -0.00433389833348
96.7356 -0.00433389833348
96.831 -0.00433389833348
96.9264 -0.00433389833348
97.0218 -0.00433389833348
97.1172 -0.00433389833348
97.2126 -0.00433389833348
97.308 -0.00433389833348
97.4034 -0.00433389833348
97.4988 -0.00433389833348
97.5942 -0.00433389833348
