0 -0.00580325
0.0995343 -0.0533607
0.199069 -0.0949113
0.298603 -0.110935
0.398137 -0.089435
0.497671 -0.0293528
0.597206 0.0606109
0.69674 0.165612
0.796274 0.267733
0.895808 0.346997
0.995343 0.381393
1.09488 0.348742
1.19441 0.232529
1.29395 0.0309945
1.39348 -0.234564
1.49301 -0.517652
1.59255 -0.754033
1.69208 -0.877615
1.79162 -0.839006
1.89115 -0.61924
1.99069 -0.233747
2.09022 0.272849
2.18975 0.835379
2.28929 1.37339
2.38882 1.79044
2.48836 1.9722
2.58789 1.79412
2.68742 1.14835
2.78696 -0.00877186
2.88649 -1.60209
2.98603 -3.40056
3.08556 -5.02513
3.1851 -6.01672
3.28463 -5.95683
3.38416 -4.60764
3.4837 -2.02286
3.58323 1.41712
3.68277 5.06961
3.7823 8.18274
3.88184 10.0926
3.98137 10.4012
4.0809 9.07752
4.18044 6.44854
4.27997 3.08826
4.37951 -0.354912
4.47904 -3.33216
4.57858 -5.51439
4.67811 -6.82667
4.77764 -7.39812
4.87718 -7.45753
4.97671 -7.2198
5.07625 -6.80494
5.17578 -6.21393
5.27532 -5.36106
5.37485 -4.14181
5.47438 -2.50471
5.57392 -0.498245
5.67345 1.72308
5.77299 3.93205
5.87252 5.88538
5.97206 7.38053
6.07159 8.29273
6.17112 8.58246
6.27066 8.27731
6.37019 7.44192
6.46973 6.15291
6.56926 4.49029
6.6688 2.54603
6.76833 0.440067
6.86786 -1.67127
6.9674 -3.60627
7.06693 -5.18967
7.16647 -6.29489
7.266 -6.87792
7.36553 -6.9859
7.46507 -6.73319
7.5646 -6.25324
7.66414 -5.64613
7.76367 -4.94538
7.86321 -4.1191
7.96274 -3.1048
8.06227 -1.86139
8.16181 -0.413208
8.26134 1.1353
8.36088 2.62193
8.46041 3.8765
8.55995 4.77586
8.65948 5.2803
8.75901 5.43688
8.85855 5.35051
8.95808 5.13769
9.05762 4.88351
9.15715 4.6183
9.25669 4.31958
9.35622 3.93305
9.45575 3.40019
9.55529 2.68027
9.65482 1.76153
9.75436 0.66264
9.85389 -0.570043
9.95343 -1.86557
10.053 -3.13183
10.1525 -4.26307
10.252 -5.15472
10.3516 -5.72484
10.4511 -5.93559
10.5506 -5.80519
10.6502 -5.40304
10.7497 -4.82746
10.8492 -4.17397
10.9488 -3.50692
11.0483 -2.84637
11.1478 -2.17471
11.2474 -1.45835
11.3469 -0.673195
11.4464 0.178347
11.546 1.06543
11.6455 1.9402
11.745 2.75447
11.8446 3.47213
11.9441 4.07184
12.0436 4.54114
12.1432 4.86824
12.2427 5.03853
12.3422 5.0385
12.4418 4.86453
12.5413 4.52998
12.6409 4.06465
12.7404 3.50538
12.8399 2.88246
12.9395 2.20944
13.039 1.4828
13.1385 0.692434
13.2381 -0.162549
13.3376 -1.06134
13.4371 -1.95955
13.5367 -2.7993
13.6362 -3.52633
13.7357 -4.10517
13.8353 -4.52478
13.9348 -4.79277
14.0343 -4.92228
14.1339 -4.91982
14.2334 -4.7811
14.3329 -4.49674
14.4325 -4.06406
14.532 -3.49734
14.6315 -2.83005
14.7311 -2.10753
14.8306 -1.37401
14.9301 -0.66099
15.0297 0.0167258
15.1292 0.656145
15.2287 1.25595
15.3283 1.80786
15.4278 2.29488
15.5273 2.6975
15.6269 3.00399
15.7264 3.21819
15.8259 3.3597
15.9255 3.45576
16.025 3.52864
16.1245 3.58518
16.2241 3.61385
16.3236 3.59047
16.4232 3.48929
16.5227 3.2937
16.6222 3.00132
16.7218 2.62211
16.8213 2.17187
16.9208 1.66557
17.0204 1.11452
17.1199 0.528301
17.2194 -0.0807542
17.319 -0.694186
17.4185 -1.288
17.518 -1.8373
17.6176 -2.32252
17.7171 -2.73363
17.8166 -3.07012
17.9162 -3.33687
18.0157 -3.53869
18.1152 -3.6766
18.2148 -3.74775
18.3143 -3.74864
18.4138 -3.67896
18.5134 -3.54327
18.6129 -3.34928
18.7124 -3.10368
18.812 -2.80814
18.9115 -2.45839
19.011 -2.04721
19.1106 -1.57011
19.2101 -1.03079
19.3096 -0.443531
19.4092 0.168802
19.5087 0.779817
19.6082 1.36535
19.7078 1.90715
19.8073 2.3934
19.9069 2.81666
20.0064 3.1713
20.1059 3.45209
20.2055 3.65478
20.305 3.77763
20.4045 3.8225
20.5041 3.79419
20.6036 3.69822
20.7031 3.53834
20.8027 3.31543
20.9022 3.02867
21.0017 2.67864
21.1013 2.27044
21.2008 1.81516
21.3003 1.32856
21.3999 0.827602
21.4994 0.326551
21.5989 -0.165314
21.6985 -0.643379
21.798 -1.10512
21.8975 -1.54688
21.9971 -1.96175
22.0966 -2.33975
22.1961 -2.66986
22.2957 -2.94292
22.3952 -3.1536
22.4947 -3.30093
22.5943 -3.38719
22.6938 -3.41612
22.7933 -3.39143
22.8929 -3.31602
22.9924 -3.19178
23.0919 -3.01965
23.1915 -2.79951
23.291 -2.53025
23.3905 -2.21045
23.4901 -1.83999
23.5896 -1.42238
23.6892 -0.966695
23.7887 -0.487984
23.8882 -0.00527148
23.9878 0.462393
24.0873 0.900465
24.1868 1.302
24.2864 1.66781
24.3859 2.00355
24.4854 2.31482
24.585 2.60257
24.6845 2.86081
24.784 3.07742
24.8836 3.2376
24.9831 3.32839
25.0826 3.34216
25.1822 3.27821
25.2817 3.14194
25.3812 2.94273
25.4808 2.69156
25.5803 2.39921
25.6798 2.07543
25.7794 1.72875
25.8789 1.3665
25.9784 0.994813
26.078 0.618662
26.1775 0.24208
26.277 -0.131279
26.3766 -0.497444
26.4761 -0.851653
26.5756 -1.1884
26.6752 -1.50207
26.7747 -1.78776
26.8742 -2.04196
26.9738 -2.26259
27.0733 -2.44842
27.1729 -2.59834
27.2724 -2.7107
27.3719 -2.78318
27.4715 -2.81309
27.571 -2.79787
27.6705 -2.73546
27.7701 -2.62465
27.8696 -2.46539
27.9691 -2.25943
28.0687 -2.01111
28.1682 -1.72803
28.2677 -1.42077
28.3673 -1.10152
28.4668 -0.781521
28.5663 -0.468321
28.6659 -0.164074
28.7654 0.134182
28.8649 0.432056
28.9645 0.734047
29.064 1.04008
29.1635 1.34384
29.2631 1.6337
29.3626 1.89572
29.4621 2.11736
29.5617 2.29031
29.6612 2.41144
29.7607 2.48182
29.8603 2.5047
29.9598 2.48376
30.0593 2.42233
30.1589 2.32373
30.2584 2.19202
30.3579 2.03245
30.4575 1.85105
30.557 1.65365
30.6566 1.44477
30.7561 1.22719
30.8556 1.00221
30.9552 0.77048
31.0547 0.532683
31.1542 0.2898
31.2538 0.0429012
31.3533 -0.207047
31.4528 -0.458908
31.5524 -0.710553
31.6519 -0.957915
31.7514 -1.19467
31.851 -1.41307
31.9505 -1.60569
32.05 -1.76749
32.1496 -1.89674
32.2491 -1.99445
32.3486 -2.06239
32.4482 -2.1008
32.5477 -2.10731
32.6472 -2.07795
32.7468 -2.00982
32.8463 -1.90403
32.9458 -1.76709
33.0454 -1.60965
33.1449 -1.44272
33.2444 -1.27325
33.344 -1.10123
33.4435 -0.920019
33.543 -0.719903
33.6426 -0.493403
33.7421 -0.239735
33.8416 0.033554
33.9412 0.312437
34.0407 0.580656
34.1402 0.82425
34.2398 1.03436
34.3393 1.2075
34.4389 1.34381
34.5384 1.44496
34.6379 1.5129
34.7375 1.55015
34.837 1.56078
34.9365 1.55092
35.0361 1.52783
35.1356 1.49761
35.2351 1.46257
35.3347 1.42
35.4342 1.36303
35.5337 1.28356
35.6333 1.17594
35.7328 1.0395
35.8323 0.878967
35.9319 0.702586
36.0314 0.51927
36.1309 0.33619
36.2305 0.157979
36.33 -0.0124791
36.4295 -0.172609
36.5291 -0.31928
36.6286 -0.449229
36.7281 -0.560473
36.8277 -0.653672
36.9272 -0.732287
37.0267 -0.801126
37.1263 -0.863853
37.2258 -0.920794
37.3253 -0.968333
37.4249 -1.00033
37.5244 -1.01092
37.6239 -0.997287
37.7235 -0.960928
37.823 -0.906959
37.9226 -0.841846
38.0221 -0.770904
38.1216 -0.696824
38.2212 -0.619817
38.3207 -0.538988
38.4202 -0.453941
38.5198 -0.365612
38.6193 -0.275984
38.7188 -0.187062
38.8184 -0.0999835
38.9179 -0.0149231
39.0174 0.0681266
39.117 0.148282
39.2165 0.223215
39.316 0.28962
39.4156 0.344508
39.5151 0.386584
39.6146 0.416824
39.7142 0.437864
39.8137 0.452506
39.9132 0.462229
40.0128 0.466576
40.1123 0.463784
40.2118 0.452238
40.3114 0.431843
40.4109 0.40447
40.5104 0.373193
40.61 0.340807
40.7095 0.308547
40.809 0.275787
40.9086 0.240894
41.0081 0.202675
41.1076 0.161506
41.2072 0.119435
41.3067 0.0792075
41.4062 0.0428485
41.5058 0.0106975
41.6053 -0.0184848
41.7049 -0.0464125
41.8044 -0.0738777
41.9039 -0.0999572
42.0035 -0.122345
42.103 -0.138623
42.2025 -0.147693
42.3021 -0.150479
42.4016 -0.149463
42.5011 -0.147329
42.6007 -0.14554
42.7002 -0.143718
42.7997 -0.140169
42.8993 -0.133215
42.9988 -0.122461
43.0983 -0.109225
43.1979 -0.0958366
43.2974 -0.0842928
43.3969 -0.0751024
43.4965 -0.0670739
43.596 -0.0581809
43.6955 -0.0469663
43.7951 -0.0335984
43.8946 -0.0199072
43.9941 -0.00836523
44.0937 -0.000638789
44.1932 0.00339182
44.2927 0.0055316
44.3923 0.00814933
44.4918 0.0127276
44.5913 0.01898
44.6909 0.0250755
44.7904 0.0288223
44.8899 0.0290665
44.9895 0.0264345
45.089 0.0229592
45.1886 0.0208322
45.2881 0.0210665
45.3876 0.0229074
45.4872 0.0243582
45.5867 0.0234872
45.6862 0.0196936
45.7858 0.0141374
45.8853 0.00906075
45.9848 0.00642579
46.0844 0.00671774
46.1839 0.00866278
46.2834 0.0100364
46.383 0.00905808
46.4825 0.00550342
46.582 0.000840725
46.6816 -0.0026891
46.7811 -0.00347322
46.8806 -0.00153259
46.9802 0.00149365
47.0797 0.00337276
47.1792 0.00266963
47.2788 -0.000364805
47.3783 -0.00396141
47.4778 -0.0059495
47.5774 -0.00512235
47.6769 -0.00199783
47.7764 0.00150017
47.876 0.0032386
47.9755 0.00220143
48.075 -0.000883482
48.1746 -0.00400687
48.2741 -0.00513913
48.3736 -0.00350073
48.4732 -4.87052e-05
48.5727 0.00312315
48.6723 0.00409349
48.7718 0.00231288
48.8713 -0.00105573
48.9709 -0.00386661
49.0704 -0.00433327
49.1699 -0.0021436
49.2695 0.00134836
49.369 0.00397195
49.4685 0.0040984
49.5681 0.00165851
49.6676 -0.00181576
49.7671 -0.00415017
49.8667 -0.00388717
49.9662 -0.00119497
50.0657 0.00224034
50.1653 0.00427078
50.2648 0.00362943
50.3643 0.00072084
50.4639 -0.00263421
50.5634 -0.00433847
50.6629 -0.00332913
50.7625 -0.00024061
50.862 0.00299423
50.9615 0.00435362
51.0611 0.00299042
51.1606 -0.000239998
51.2601 -0.00331644
51.3597 -0.00431643
51.4592 -0.0026175
51.5587 0.000715359
51.6583 0.00359727
51.7578 0.00422759
51.8573 0.0022149
51.9569 -0.00117994
52.0564 -0.00383365
52.1559 -0.0040884
52.2555 -0.00178748
52.355 0.00162836
52.4546 0.004023
52.5541 0.00390069
52.6536 0.00134032
52.7532 -0.00205545
52.8527 -0.0041633
52.9522 -0.00366686
53.0518 -0.000878734
53.1513 0.0024563
53.2508 0.00425311
53.3504 0.0033898
53.4499 0.000408172
53.5494 -0.0028263
53.649 -0.00429153
53.7485 -0.00307291
53.848 6.58339e-05
53.9476 0.00316123
54.0471 0.00427829
54.1466 0.00272001
54.2462 -0.000537728
54.3457 -0.00345728
54.4452 -0.00421367
54.5448 -0.00233532
54.6443 0.00100199
54.7438 0.00371106
54.8434 0.00409857
54.9429 0.00192343
55.0424 -0.00145322
55.142 -0.00391972
55.2415 -0.00393443
55.341 -0.00148921
55.4406 0.00188614
55.5401 0.00408089
55.6396 0.00372328
55.7392 0.00103779
55.8387 -0.00229572
55.9383 -0.00419277
56.0378 -0.00346765
56.1373 -0.000574476
56.2369 0.00267719
56.3364 0.0042541
56.4359 0.0031706
56.5355 0.000104714
56.635 -0.00302613
56.7345 -0.00426421
56.8341 -0.00283563
56.9336 0.00036599
57.0331 0.00333845
57.1327 0.00422304
57.2322 0.00246671
57.3317 -0.000832119
57.4313 -0.00361053
57.5308 -0.00413106
57.6303 -0.00206816
57.7299 0.00128821
57.8294 0.00383917
57.9289 0.00398937
58.0285 0.00164465
58.128 -0.00172892
58.2275 -0.00402169
58.3271 -0.00379961
58.4266 -0.00120115
58.5261 0.00214907
58.6257 0.00415592
58.7252 0.00356399
58.8247 0.000742828
58.9243 -0.00254372
59.0238 -0.00424026
59.1233 -0.00328522
59.2229 -0.000275057
59.3224 0.00290821
59.422 0.00427365
59.5215 0.00296652
59.621 -0.000196691
59.7206 -0.00323824
59.8201 -0.00425563
59.9196 -0.00261156
60.0192 0.00066689
60.1187 0.00352987
60.2182 0.00418633
60.3178 0.00222446
60.4173 -0.00113002
60.5168 -0.0037796
60.6164 -0.00406645
60.7159 -0.00180968
60.8154 0.00158063
60.915 0.00398441
61.0145 0.00389728
61.114 0.00137202
61.2136 -0.0020134
61.3131 -0.00414177
61.4126 -0.00368067
61.5122 -0.000916549
61.6117 0.00242321
61.7112 0.00424971
61.8108 0.00341903
61.9103 0.000448566
62.0098 -0.00280516
62.1094 -0.0043068
62.2089 -0.00311526
62.3084 2.64829e-05
62.408 0.00315469
62.5075 0.00431218
62.607 0.0027728
62.7066 -0.000503047
62.8061 -0.00346756
62.9056 -0.00426559
63.0052 -0.0023955
63.1047 0.000975538
63.2043 0.00373995
63.3038 0.00416737
63.4033 0.00198765
63.5029 -0.00143839
63.6024 -0.00396849
63.7019 -0.00401842
63.8015 -0.00155388
63.901 0.00188613
64.0005 0.00415028
64.1001 0.00382027
64.1996 0.00109918
64.2991 -0.00231342
64.3987 -0.00428296
64.4982 -0.00357497
64.5977 -0.000628766
64.6973 0.00271513
64.7968 0.00436469
64.8963 0.00328516
64.9959 0.000148075
65.0954 -0.00308641
65.1949 -0.00439424
65.2945 -0.00295397
65.394 0.00033731
65.4935 0.00342272
65.5931 0.00437093
65.6926 0.00258504
65.7921 -0.000821717
65.8917 -0.00371988
65.9912 -0.0042947
66.0907 -0.00218246
66.1903 0.00129945
66.2898 0.00397414
66.3893 0.0041661
66.4889 0.00175073
66.5884 -0.00176487
66.688 -0.00418224
66.7875 -0.00398626
66.887 -0.00129471
66.9866 0.0022124
67.0861 0.00434137
67.1856 0.00375691
67.2852 0.000819562
67.3847 -0.00263666
67.4842 -0.00444931
67.5838 -0.00348038
67.6833 -0.000330725
67.7828 0.0030325
67.8824 0.00450437
67.9819 0.00315951
68.0814 -0.000166176
68.181 -0.00339502
68.2805 -0.00450547
68.38 -0.00279772
68.4796 0.000665378
68.5791 0.00371969
68.6786 0.00445213
68.7782 0.00239887
68.8777 -0.00116104
68.9772 -0.00400235
69.0768 -0.00434449
69.1763 -0.00196733
69.2758 0.00164732
69.3754 0.00423931
69.4749 0.00418329
69.5744 0.00150783
69.674 -0.00211841
69.7735 -0.00442733
69.873 -0.00396991
69.9726 -0.00102551
70.0721 0.00256864
70.1716 0.00456373
70.2712 0.00370632
70.3707 0.000525776
70.4703 -0.00299252
70.5698 -0.00464636
70.6693 -0.0033951
70.7689 -1.43183e-05
70.8684 0.00338478
70.9679 0.00467369
71.0675 0.00303937
71.167 -0.000502995
71.2665 -0.00374048
71.3661 -0.00464477
71.4656 -0.0026428
71.5651 0.00102017
71.6647 0.00405504
71.7642 0.00455931
71.8637 0.00220959
71.9633 -0.00153113
72.0628 -0.00432428
72.1623 -0.00441762
72.2619 -0.00174435
72.3614 0.00202981
72.4609 0.00454449
72.5605 0.00422068
72.66 0.00125216
72.7595 -0.00251023
72.8591 -0.00471249
72.9586 -0.00397011
73.0581 -0.000738438
73.1577 0.00296652
73.2572 0.00482561
73.3567 0.00366813
73.4563 0.000208913
73.5558 -0.00339301
73.6553 -0.00488182
73.7549 -0.0033176
73.8544 0.000330425
73.954 0.00378429
74.0535 0.00487966
74.153 0.00292193
74.2526 -0.000873398
74.3521 -0.00413531
74.4516 -0.00481834
74.5512 -0.00248514
74.6507 0.0014137
74.7502 0.00444136
74.8498 0.00469771
74.9493 0.0020117
75.0488 -0.00194498
75.1484 -0.0046982
75.2479 -0.0045183
75.3474 -0.00150663
75.447 0.00246088
75.5465 0.00490206
75.646 0.00428129
75.7456 0.000975317
75.8451 -0.00295512
75.9446 -0.00504973
76.0442 -0.00398853
76.1437 -0.000423564
76.2432 0.00342159
76.3428 0.00513858
76.4423 0.00364255
76.5418 -0.00014252
76.6414 -0.00385438
76.7409 -0.00516658
76.8404 -0.00324649
76.94 0.000716568
77.0395 0.00424785
77.139 0.00513237
77.2386 0.00280411
77.3381 -0.00129202
77.4377 -0.00459673
77.5372 -0.00503525
77.6367 -0.00231975
77.7363 0.00186218
77.8358 0.00489615
77.9353 0.00487523
78.0349 0.0017983
78.1344 -0.00242031
78.2339 -0.00514172
78.3335 -0.00465299
78.433 -0.00124515
78.5325 0.00295967
78.6321 0.00532954
78.7316 0.00436994
78.8311 0.000666117
78.9307 -0.00347363
79.0302 -0.00545631
79.1297 -0.0040282
79.2293 -6.74486e-05
79.3288 0.0039557
79.4283 0.00551934
79.5279 0.00363055
79.6274 -0.000544292
79.7269 -0.00439962
79.8265 -0.00551659
79.926 -0.00318048
80.0255 0.00116226
80.1251 0.00479944
80.2246 0.00544671
80.3241 0.00268211
80.4237 -0.00177942
80.5232 -0.00514957
80.6227 -0.00530908
80.7223 -0.00214016
80.8218 0.00238858
80.9213 0.00544486
81.0209 0.00510379
81.1204 0.00155997
81.22 -0.0029825
81.3195 -0.00568065
81.419 -0.00483168
81.5186 -0.000947378
81.6181 0.00355395
81.7176 0.00585283
81.8172 0.00449436
81.9167 0.000308724
82.0162 -0.00409579
82.1158 -0.0059579
82.2153 -0.00409416
82.3148 0.000349232
82.4144 0.00460103
82.5139 0.00599303
82.6134 0.00363419
82.713 -0.00101936
82.8125 -0.00506294
82.912 -0.00595605
83.0116 -0.00311824
83.1111 0.00169424
83.2106 0.00547508
83.3102 0.00584555
83.4097 0.00255083
83.5092 -0.00236622
83.6088 -0.0058314
83.7083 -0.00566087
83.8078 -0.00193713
83.9074 0.00302747
84.0069 0.00612632
84.1064 0.00540215
84.206 0.00128294
84.3055 -0.00367011
84.405 -0.00635475
84.5046 -0.00507029
84.6041 -0.00059465
84.7037 0.00428625
84.8032 0.00651221
84.9027 0.00466705
85.0023 -0.000120825
85.1018 -0.00486805
85.2013 -0.00659483
85.3009 -0.00419496
85.4004 0.000856093
85.4999 0.00540785
85.5995 0.00659946
85.699 0.00365735
85.7985 -0.00160335
85.8981 -0.00589822
85.9976 -0.00652367
86.0971 -0.00305836
86.1967 0.00235444
86.2962 0.00633203
86.3957 0.0063658
86.4953 0.00240287
86.5948 -0.00310094
86.6943 -0.00670255
86.7939 -0.00612501
86.8934 -0.00169651
86.9929 0.00383422
87.0925 0.00700349
87.192 0.00580131
87.2915 0.000945578
87.3911 -0.00454555
87.4906 -0.00722912
87.5901 -0.00539554
87.6897 -0.000157056
87.7892 0.00522613
87.8887 0.00737428
87.9883 0.00490943
88.0878 -0.000661488
88.1873 -0.00586721
88.2869 -0.00743447
88.3864 -0.00434557
88.486 0.00150193
88.5855 0.00646015
88.685 0.00740593
88.7846 0.00370742
88.8841 -0.00235568
88.9836 -0.00699653
89.0832 -0.00728564
89.1827 -0.0029993
89.2822 0.0032137
89.3818 0.0074682
89.4813 0.00707139
89.5808 0.00222638
89.6804 -0.00406662
89.7799 -0.00786736
89.8794 -0.00676183
89.979 -0.00139463
90.0785 0.0049048
90.178 0.00818665
90.2776 0.00635648
90.3771 0.000510793
90.4766 -0.00571837
90.5762 -0.00841922
90.6757 -0.00585575
90.7752 0.000417627
90.8748 0.00649738
90.9743 0.00855878
91.0738 0.00526099
91.1734 -0.00138245
91.2729 -0.0072318
91.3724 -0.00859968
91.472 -0.00457444
91.5715 0.00237484
91.671 0.00791164
91.7706 0.00853696
91.8701 0.00379928
91.9697 -0.00338538
92.0692 -0.00852703
92.1687 -0.0083664
92.2683 -0.00293961
92.3678 0.00440414
92.4673 0.00906829
92.5669 0.00808454
92.6664 0.00200041
92.7659 -0.00542072
92.8655 -0.00952598
92.965 -0.00768877
93.0645 -0.000987519
93.1641 0.00642432
93.2636 0.00989098
93.3631 0.00717728
93.4627 -9.23726e-05
93.5622 -0.00740383
93.6617 -0.0101546
93.7613 -0.00654911
93.8608 0.00123179
93.9603 0.00834789
94.0599 0.0103084
94.1594 0.00580417
94.2589 -0.00242252
94.3585 -0.00924493
94.458 -0.0103448
94.5575 -0.00494318
94.6571 0.00365566
94.7566 0.0100833
94.8561 0.0102562
94.9557 0.00396766
95.0552 -0.00492169
95.1547 -0.0108512
95.2543 -0.010036
95.3538 -0.00287991
95.4534 0.00621059
95.5529 0.011537
95.6524 0.00967774
95.752 0.00168288
95.8515 -0.00751185
95.951 -0.0121288
96.0506 -0.00917562
96.1501 -0.000380115
96.2496 0.00881465
96.3492 0.0126152
96.4487 0.00852419
96.5482 -0.00102441
96.6478 -0.010108
96.7473 -0.0129846
96.8468 -0.00771825
96.9464 0.00252649
97.0459 0.0113807
97.1454 0.0132255
97.245 0.00675269
97.3445 -0.00412201
97.444 -0.0126219
97.5436 -0.0133266
97.6431 -0.00562218
97.7426 0.00580734
97.8422 0.0138213
97.9417 0.0132766
98.0412 0.00432067
98.1408 -0.00758008
98.2403 -0.0149693
98.3398 -0.013064
98.4394 -0.00284066
98.5389 0.00944013
98.6384 0.0160585
98.738 0.0126773
98.8375 0.00117184
98.937 -0.0113917
99.0366 -0.0170843
99.1361 -0.0121043
99.2357 0.000701268
99.3352 0.0134469
99.4347 0.0180484
99.5343 0.0113323
99.6338 -0.00280389
99.7333 -0.015633
99.8329 -0.0189643
99.9324 -0.0103465
100.032 0.00518078
100.131 0.018008
100.231 0.0198697
100.331 0.00912892
100.43 -0.00791929
100.53 -0.0206993
100.629 -0.0208583
100.729 -0.00765271
100.828 0.0112114
100.928 0.0240082
101.027 0.0221685
101.127 0.0058627
101.226 -0.0155503
101.326 -0.028751
101.425 -0.0244689
101.525 -0.00358247
101.624 0.0224211
101.724 0.0371539
101.824 0.0281826
