0.0 -0.13190992307
0.09503 0.246756722322
0.19006 0.609466727332
0.28509 0.90132396766
0.38012 1.0816583459
0.47515 1.13637119657
0.57018 1.0793092914
0.66521 0.943318790051
0.76024 0.765596172059
0.85527 0.573299532839
0.9503 0.375596689002
1.04533 0.165456216739
1.14036 -0.0703819601472
1.23539 -0.337545136863
1.33042 -0.622055156524
1.42545 -0.886697564137
1.52048 -1.07909786666
1.61551 -1.14820331004
1.71054 -1.05853344937
1.80557 -0.794004081769
1.9006 -0.356093223903
1.99563 0.233852509972
2.09066 0.926553242007
2.18569 1.63650139532
2.28072 2.23811238512
2.37575 2.57167122109
2.47078 2.46774399191
2.56581 1.79222191164
2.66084 0.499425913866
2.75587 -1.32657386229
2.8509 -3.45543009995
2.94593 -5.52280754142
3.04096 -7.07397741446
3.13599 -7.64229120992
3.23102 -6.86179717621
3.32605 -4.59468356668
3.42108 -1.02822942204
3.51611 3.30992173396
3.61114 7.64142382989
3.70617 11.1119534565
3.8012 12.9994675283
3.89623 12.8944895122
3.99126 10.8001909946
4.08629 7.12357064746
4.18132 2.56074714408
4.27635 -2.08815154958
4.37138 -6.11599614883
4.46641 -9.05591478401
4.56144 -10.7372112286
4.65647 -11.2448877928
4.7515 -10.8136593952
4.84653 -9.70683890839
4.94156 -8.12872622229
5.03659 -6.19803783125
5.13162 -3.97815723077
5.22665 -1.53423712961
5.32168 1.01932699254
5.41671 3.50549324312
5.51174 5.70979296385
5.60677 7.43119952739
5.7018 8.535696571
5.79683 8.98934447302
5.89186 8.85644529813
5.98689 8.26329089653
6.08192 7.34363651661
6.17695 6.19072739039
6.27198 4.83759670584
6.36701 3.27373664887
6.46204 1.48878511446
6.55707 -0.479004594988
6.6521 -2.51435882492
6.74713 -4.4321975609
6.84216 -6.01925940488
6.93719 -7.09347206118
7.03222 -7.55729120936
7.12725 -7.42470172858
7.22228 -6.81272612027
7.31731 -5.90171638071
7.41234 -4.87971446655
7.50737 -3.89098397643
7.6024 -3.00606868094
7.69743 -2.22164129208
7.79246 -1.48616840675
7.88749 -0.737594344909
7.98252 0.0638416809403
8.07755 0.920078708468
8.17258 1.79981250453
8.26761 2.65645986847
8.36264 3.44807985175
8.45767 4.14923608158
8.5527 4.75034196944
8.64773 5.24664013249
8.74276 5.6238436319
8.83779 5.84859030317
8.93282 5.86921644841
9.02785 5.62765038766
9.12288 5.07841039243
9.21791 4.20749974713
9.31294 3.04374045722
9.40797 1.65822807101
9.503 0.152613366608
9.59803 -1.35888938983
9.69306 -2.76725361058
9.78809 -3.98119867102
9.88312 -4.9333464398
9.97815 -5.58207945507
10.07318 -5.91204152762
10.16821 -5.93462847215
10.26324 -5.6874206614
10.35827 -5.23018784585
10.4533 -4.63569899448
10.54833 -3.9757648463
10.64336 -3.3057977538
10.73839 -2.65318368036
10.83342 -2.01444014038
10.92845 -1.36314850189
11.02348 -0.666237141374
11.11851 0.0974662669591
11.21354 0.923623385257
11.30857 1.77899144857
11.4036 2.60926506368
11.49863 3.35436572803
11.59366 3.96438249246
11.68869 4.40976221285
11.78372 4.68274854691
11.87875 4.79143008406
11.97378 4.75080761053
12.06881 4.57574519013
12.16384 4.27865406674
12.25887 3.87153916651
12.3539 3.36944520021
12.44893 2.79180529018
12.54396 2.15993737094
12.63899 1.4918253007
12.73402 0.797556066466
12.82905 0.0789751257392
12.92408 -0.664966858034
13.01911 -1.42901322299
13.11414 -2.19305786443
13.20917 -2.91917326942
13.3042 -3.55682281897
13.39923 -4.05494851379
13.49426 -4.37610657402
13.58929 -4.50658223272
13.68432 -4.45816478111
13.77935 -4.26115083121
13.87438 -3.95220263951
13.96941 -3.56286966437
14.06444 -3.11381137842
14.15947 -2.61650172702
14.2545 -2.08019616725
14.34953 -1.51931494128
14.44456 -0.956485966896
14.53959 -0.419160463982
14.63462 0.068532999263
14.72965 0.494245796917
14.82468 0.861408160424
14.91971 1.18629714104
15.01474 1.48935847107
15.10977 1.78501165908
15.2048 2.0749733022
15.29983 2.34828552594
15.39486 2.58773565817
15.48989 2.77906382738
15.58492 2.91800172212
15.67995 3.01144322316
15.77498 3.07220642682
15.87001 3.1102181636
15.96504 3.12478164149
16.06007 3.1019760156
16.1551 3.01858165594
16.25013 2.85066568794
16.34516 2.58278474402
16.44019 2.21370816366
16.53522 1.75652416479
16.63025 1.233823099
16.72528 0.670846160842
16.82031 0.0899843883038
16.91534 -0.491270467214
17.01037 -1.0590158854
17.1054 -1.60018641043
17.20043 -2.10076555071
17.29546 -2.54638025814
17.39049 -2.92493641015
17.48552 -3.22952050987
17.58055 -3.45953223591
17.67558 -3.61904327629
17.77061 -3.71305291345
17.86564 -3.74361789541
17.96067 -3.70799394808
18.0557 -3.59984080291
18.15073 -3.41284139481
18.24576 -3.14475262753
18.34079 -2.79970564814
18.43582 -2.38761573521
18.53085 -1.92123740247
18.62588 -1.41273802519
18.72091 -0.87188860557
18.81594 -0.306949968362
18.91097 0.272347675728
19.006 0.851702265149
19.10103 1.41123561034
19.19606 1.92776104636
19.29109 2.37970462726
19.38612 2.75250757845
19.48115 3.04189110752
19.57618 3.25329978407
19.67121 3.39768422505
19.76624 3.4855755876
19.86127 3.52221174854
19.9563 3.50589357644
20.05133 3.43010652273
20.14636 3.28810560524
20.24139 3.07756634848
20.33642 2.80306192474
20.43145 2.47537769616
20.52648 2.10830650605
20.62151 1.71472261533
20.71654 1.30386401291
20.81157 0.880895694292
20.9066 0.448531002819
21.00163 0.00948532312823
21.09666 -0.43167291706
21.19169 -0.868109184056
21.28672 -1.29161088583
21.38175 -1.69390042453
21.47678 -2.0674034091
21.57181 -2.40504745485
21.66684 -2.69945597938
21.76187 -2.94240823382
21.8569 -3.12533043734
21.95193 -3.24092531748
22.04696 -3.28525055601
22.14199 -3.25912850304
22.23702 -3.16800318702
22.33205 -3.02015254227
22.42708 -2.82406815089
22.52211 -2.58630257926
22.61714 -2.3108544868
22.71217 -2.00032251646
22.8072 -1.65807372687
22.90223 -1.29009818982
22.99726 -0.905391818604
23.09229 -0.514541147488
23.18732 -0.127218442712
23.28235 0.250045832199
23.37738 0.614540078293
23.47241 0.966034058057
23.56744 1.30405372535
23.66247 1.62517641575
23.7575 1.92179902581
23.85253 2.18311010939
23.94756 2.39788945715
24.04259 2.55784745092
24.13762 2.65996958418
24.23265 2.70685701637
24.32768 2.70505289689
24.42271 2.66228380338
24.51774 2.58495217964
24.61277 2.47692281813
24.7078 2.33986658439
24.80283 2.1746112119
24.89786 1.98253540583
24.99289 1.76620687737
25.08792 1.52905083322
25.18295 1.27446398837
25.27798 1.00508986346
25.37301 0.72279422418
25.46804 0.429369402047
25.56307 0.12749000083
25.6581 -0.178739947073
25.75313 -0.48405605968
25.84816 -0.782999700227
25.94319 -1.07099045637
26.03822 -1.34479800772
26.13325 -1.60203313009
26.22828 -1.83986885253
26.32331 -2.05371522177
26.41834 -2.23669555868
26.51337 -2.38041416849
26.6084 -2.47684422843
26.70343 -2.52055546845
26.79846 -2.51027883681
26.89349 -2.44909706257
26.98852 -2.34320547911
27.08355 -2.1998616718
27.17858 -2.02548550509
27.27361 -1.82471743764
27.36864 -1.60069642646
27.46367 -1.35618696975
27.5587 -1.09480482117
27.65373 -0.821643473977
27.74876 -0.543021839195
27.84379 -0.265593451218
27.93882 0.00462305037892
28.03385 0.262778926561
28.12888 0.505134657844
28.22391 0.728659272367
28.31894 0.930756474654
28.41397 1.10945468933
28.509 1.26401074516
28.60403 1.39539751786
28.69906 1.50633399569
28.79409 1.60044312538
28.88912 1.68051094286
28.98415 1.74681373248
29.07918 1.79633826785
29.17421 1.82348533452
29.26924 1.82217229762
29.36427 1.78853067169
29.4593 1.72300574609
29.55433 1.63083515111
29.64936 1.5205642998
29.74439 1.40114018728
29.83942 1.27879078773
29.93445 1.15502200852
30.02948 1.0265824529
30.12451 0.887382453071
30.21954 0.731510602544
30.31457 0.556052773555
30.4096 0.362569330561
30.50463 0.15673032573
30.59966 -0.0535711452357
30.69469 -0.260688585424
30.78972 -0.459178732619
30.88475 -0.646484145597
30.97978 -0.822214544815
31.07481 -0.986524325222
31.16984 -1.13842728288
31.26487 -1.27483475498
31.3599 -1.39072025947
31.45493 -1.48030444536
31.54996 -1.53874606427
31.64499 -1.56366915624
31.74002 -1.55597821845
31.83505 -1.51972207797
31.93008 -1.46111765221
32.02511 -1.38710339265
32.12014 -1.30388602002
32.21517 -1.21587349453
32.3102 -1.12520800851
32.40523 -1.03190435159
32.50026 -0.934432567089
32.59529 -0.830502538641
32.69032 -0.717819926233
32.78535 -0.594664211086
32.88038 -0.460247156483
32.97541 -0.314896800241
33.07044 -0.160144876215
33.16547 0.00123228649183
33.2605 0.165234615641
33.35553 0.326795742002
33.45056 0.4801633584
33.54559 0.619532869149
33.64062 0.739858478966
33.73565 0.837658307826
33.83068 0.911579524069
33.92571 0.962532997862
34.02074 0.993337772579
34.11577 1.0079815132
34.2108 1.01072961556
34.30583 1.00534387679
34.40086 0.994590340331
34.49589 0.980070029529
34.59092 0.962274239493
34.68595 0.9407170634
34.78098 0.914051929443
34.87601 0.880193650764
34.97104 0.836560815237
35.06607 0.780551953444
35.1611 0.710254904805
35.25613 0.62521667058
35.35116 0.52697255931
35.44619 0.419041571586
35.54122 0.306267332317
35.63625 0.193658214529
35.73128 0.0851286734086
35.82631 -0.0173645709266
35.92134 -0.113927086351
36.01637 -0.206015927502
36.1114 -0.295210946976
36.20643 -0.382000192574
36.30146 -0.46511194659
36.39649 -0.541685149204
36.49152 -0.608194346322
36.58655 -0.6617067967
36.68158 -0.700904132541
36.77661 -0.726415420526
36.87164 -0.740327981592
36.96667 -0.745117488499
37.0617 -0.742496429545
37.15673 -0.732704243821
37.25176 -0.714547895972
37.34679 -0.686153221045
37.44182 -0.646068339178
37.53685 -0.59421499169
37.63188 -0.532270906736
37.72691 -0.463336623992
37.82194 -0.391062966181
37.91697 -0.318642678008
38.012 -0.248104729992
38.10703 -0.180187308537
38.20206 -0.114789072925
38.29709 -0.0517371643304
38.39212 0.00852029366738
38.48715 0.0646386587192
38.58218 0.114658040718
38.67721 0.15672308932
38.77224 0.18992211955
38.86727 0.214866856276
38.9623 0.233736818679
39.05733 0.249729859926
39.15236 0.266099733068
39.24739 0.285124834345
39.34242 0.307376697329
39.43745 0.331538499726
39.53248 0.3548162593
39.62751 0.373774344833
39.72254 0.385293722653
39.81757 0.387340154653
39.9126 0.379332400992
40.00763 0.362065189064
40.10266 0.337297603789
40.19769 0.307206434308
40.29272 0.27390264863
40.38775 0.239134394913
40.48278 0.204196011936
40.57781 0.169978336902
40.67284 0.137062786426
40.76787 0.105783447259
40.8629 0.0762354669493
40.95793 0.0482607832029
41.05296 0.0214662411451
41.14799 -0.00468454780027
41.24302 -0.030704259985
41.33805 -0.0568813168432
41.43308 -0.0831105931161
41.52811 -0.10881405801
41.62314 -0.132979998293
41.71817 -0.154311755203
41.8132 -0.171448196414
41.90823 -0.1832069059
42.00326 -0.188804960494
42.09829 -0.188022339303
42.19332 -0.181281845464
42.28835 -0.169626034036
42.38338 -0.154581594636
42.47841 -0.137921098366
42.57344 -0.121360702084
42.66847 -0.106260597307
42.7635 -0.0934074070727
42.85853 -0.0829424131315
42.95356 -0.074456423036
43.04859 -0.0672158622843
43.14362 -0.0604388739653
43.23865 -0.0535259353439
43.33368 -0.0461742593771
43.42871 -0.03835830155
43.52374 -0.0302157307173
43.61877 -0.0219131258263
43.7138 -0.013563314161
43.80883 -0.00522985136187
43.90386 0.00299679356793
43.99889 0.0109063792474
44.09392 0.0181234185738
44.18895 0.0241483206015
44.28398 0.0284793747948
44.37901 0.0307678321439
44.47404 0.0309401746944
44.56907 0.0292354425851
44.6641 0.0261432650362
44.75913 0.0222708080989
44.85416 0.0181938945607
44.94919 0.0143477217899
45.04422 0.0109883808244
45.13925 0.0082216455828
45.23428 0.00606764853109
45.32931 0.00452113642085
45.42434 0.00357845792568
45.51937 0.00322574203484
45.6144 0.00340484263733
45.70943 0.00398397769875
45.80446 0.00475525635039
45.89949 0.0054659151984
45.99452 0.00587295566381
46.08955 0.00580033277437
46.18458 0.00517782091025
46.27961 0.00404958646646
46.37464 0.00255295808889
46.46967 0.000877953083212
46.5647 -0.000777864512718
46.65973 -0.0022468192008
46.75476 -0.00341429392111
46.84979 -0.00422704573153
46.94482 -0.00468977119191
47.03985 -0.00485395002559
47.13488 -0.00480225269822
47.22991 -0.00463093228895
47.32494 -0.00443250184475
47.41997 -0.00428139060714
47.515 -0.00422525440969
47.61003 -0.00422525440969
47.70506 -0.00422525440969
47.80009 -0.00422525440969
47.89512 -0.00422525440969
47.99015 -0.00422525440969
48.08518 -0.00422525440969
48.18021 -0.00422525440969
48.27524 -0.00422525440969
48.37027 -0.00422525440969
48.4653 -0.00422525440969
48.56033 -0.00422525440969
48.65536 -0.00422525440969
48.75039 -0.00422525440969
48.84542 -0.00422525440969
48.94045 -0.00422525440969
49.03548 -0.00422525440969
49.13051 -0.00422525440969
49.22554 -0.00422525440969
49.32057 -0.00422525440969
49.4156 -0.00422525440969
49.51063 -0.00422525440969
49.60566 -0.00422525440969
49.70069 -0.00422525440969
49.79572 -0.00422525440969
49.89075 -0.00422525440969
49.98578 -0.00422525440969
50.08081 -0.00422525440969
50.17584 -0.00422525440969
50.27087 -0.00422525440969
50.3659 -0.00422525440969
50.46093 -0.00422525440969
50.55596 -0.00422525440969
50.65099 -0.00422525440969
50.74602 -0.00422525440969
50.84105 -0.00422525440969
50.93608 -0.00422525440969
51.03111 -0.00422525440969
51.12614 -0.00422525440969
51.22117 -0.00422525440969
51.3162 -0.00422525440969
51.41123 -0.00422525440969
51.50626 -0.00422525440969
51.60129 -0.00422525440969
51.69632 -0.00422525440969
51.79135 -0.00422525440969
51.88638 -0.00422525440969
51.98141 -0.00422525440969
52.07644 -0.00422525440969
52.17147 -0.00422525440969
52.2665 -0.00422525440969
52.36153 -0.00422525440969
52.45656 -0.00422525440969
52.55159 -0.00422525440969
52.64662 -0.00422525440969
52.74165 -0.00422525440969
52.83668 -0.00422525440969
52.93171 -0.00422525440969
53.02674 -0.00422525440969
53.12177 -0.00422525440969
53.2168 -0.00422525440969
53.31183 -0.00422525440969
53.40686 -0.00422525440969
53.50189 -0.00422525440969
53.59692 -0.00422525440969
53.69195 -0.00422525440969
53.78698 -0.00422525440969
53.88201 -0.00422525440969
53.97704 -0.00422525440969
54.07207 -0.00422525440969
54.1671 -0.00422525440969
54.26213 -0.00422525440969
54.35716 -0.00422525440969
54.45219 -0.00422525440969
54.54722 -0.00422525440969
54.64225 -0.00422525440969
54.73728 -0.00422525440969
54.83231 -0.00422525440969
54.92734 -0.00422525440969
55.02237 -0.00422525440969
55.1174 -0.00422525440969
55.21243 -0.00422525440969
55.30746 -0.00422525440969
55.40249 -0.00422525440969
55.49752 -0.00422525440969
55.59255 -0.00422525440969
55.68758 -0.00422525440969
55.78261 -0.00422525440969
55.87764 -0.00422525440969
55.97267 -0.00422525440969
56.0677 -0.00422525440969
56.16273 -0.00422525440969
56.25776 -0.00422525440969
56.35279 -0.00422525440969
56.44782 -0.00422525440969
56.54285 -0.00422525440969
56.63788 -0.00422525440969
56.73291 -0.00422525440969
56.82794 -0.00422525440969
56.92297 -0.00422525440969
57.018 -0.00422525440969
57.11303 -0.00422525440969
57.20806 -0.00422525440969
57.30309 -0.00422525440969
57.39812 -0.00422525440969
57.49315 -0.00422525440969
57.58818 -0.00422525440969
57.68321 -0.00422525440969
57.77824 -0.00422525440969
57.87327 -0.00422525440969
57.9683 -0.00422525440969
58.06333 -0.00422525440969
58.15836 -0.00422525440969
58.25339 -0.00422525440969
58.34842 -0.00422525440969
58.44345 -0.00422525440969
58.53848 -0.00422525440969
58.63351 -0.00422525440969
58.72854 -0.00422525440969
58.82357 -0.00422525440969
58.9186 -0.00422525440969
59.01363 -0.00422525440969
59.10866 -0.00422525440969
59.20369 -0.00422525440969
59.29872 -0.00422525440969
59.39375 -0.00422525440969
59.48878 -0.00422525440969
59.58381 -0.00422525440969
59.67884 -0.00422525440969
59.77387 -0.00422525440969
59.8689 -0.00422525440969
59.96393 -0.00422525440969
60.05896 -0.00422525440969
60.15399 -0.00422525440969
60.24902 -0.00422525440969
60.34405 -0.00422525440969
60.43908 -0.00422525440969
60.53411 -0.00422525440969
60.62914 -0.00422525440969
60.72417 -0.00422525440969
60.8192 -0.00422525440969
60.91423 -0.00422525440969
61.00926 -0.00422525440969
61.10429 -0.00422525440969
61.19932 -0.00422525440969
61.29435 -0.00422525440969
61.38938 -0.00422525440969
61.48441 -0.00422525440969
61.57944 -0.00422525440969
61.67447 -0.00422525440969
61.7695 -0.00422525440969
61.86453 -0.00422525440969
61.95956 -0.00422525440969
62.05459 -0.00422525440969
62.14962 -0.00422525440969
62.24465 -0.00422525440969
62.33968 -0.00422525440969
62.43471 -0.00422525440969
62.52974 -0.00422525440969
62.62477 -0.00422525440969
62.7198 -0.00422525440969
62.81483 -0.00422525440969
62.90986 -0.00422525440969
63.00489 -0.00422525440969
63.09992 -0.00422525440969
63.19495 -0.00422525440969
63.28998 -0.00422525440969
63.38501 -0.00422525440969
63.48004 -0.00422525440969
63.57507 -0.00422525440969
63.6701 -0.00422525440969
63.76513 -0.00422525440969
63.86016 -0.00422525440969
63.95519 -0.00422525440969
64.05022 -0.00422525440969
64.14525 -0.00422525440969
64.24028 -0.00422525440969
64.33531 -0.00422525440969
64.43034 -0.00422525440969
64.52537 -0.00422525440969
64.6204 -0.00422525440969
64.71543 -0.00422525440969
64.81046 -0.00422525440969
64.90549 -0.00422525440969
65.00052 -0.00422525440969
65.09555 -0.00422525440969
65.19058 -0.00422525440969
65.28561 -0.00422525440969
65.38064 -0.00422525440969
65.47567 -0.00422525440969
65.5707 -0.00422525440969
65.66573 -0.00422525440969
65.76076 -0.00422525440969
65.85579 -0.00422525440969
65.95082 -0.00422525440969
66.04585 -0.00422525440969
66.14088 -0.00422525440969
66.23591 -0.00422525440969
66.33094 -0.00422525440969
66.42597 -0.00422525440969
66.521 -0.00422525440969
66.61603 -0.00422525440969
66.71106 -0.00422525440969
66.80609 -0.00422525440969
66.90112 -0.00422525440969
66.99615 -0.00422525440969
67.09118 -0.00422525440969
67.18621 -0.00422525440969
67.28124 -0.00422525440969
67.37627 -0.00422525440969
67.4713 -0.00422525440969
67.56633 -0.00422525440969
67.66136 -0.00422525440969
67.75639 -0.00422525440969
67.85142 -0.00422525440969
67.94645 -0.00422525440969
68.04148 -0.00422525440969
68.13651 -0.00422525440969
68.23154 -0.00422525440969
68.32657 -0.00422525440969
68.4216 -0.00422525440969
68.51663 -0.00422525440969
68.61166 -0.00422525440969
68.70669 -0.00422525440969
68.80172 -0.00422525440969
68.89675 -0.00422525440969
68.99178 -0.00422525440969
69.08681 -0.00422525440969
69.18184 -0.00422525440969
69.27687 -0.00422525440969
69.3719 -0.00422525440969
69.46693 -0.00422525440969
69.56196 -0.00422525440969
69.65699 -0.00422525440969
69.75202 -0.00422525440969
69.84705 -0.00422525440969
69.94208 -0.00422525440969
70.03711 -0.00422525440969
70.13214 -0.00422525440969
70.22717 -0.00422525440969
70.3222 -0.00422525440969
70.41723 -0.00422525440969
70.51226 -0.00422525440969
70.60729 -0.00422525440969
70.70232 -0.00422525440969
70.79735 -0.00422525440969
70.89238 -0.00422525440969
70.98741 -0.00422525440969
71.08244 -0.00422525440969
71.17747 -0.00422525440969
71.2725 -0.00422525440969
71.36753 -0.00422525440969
71.46256 -0.00422525440969
71.55759 -0.00422525440969
71.65262 -0.00422525440969
71.74765 -0.00422525440969
71.84268 -0.00422525440969
71.93771 -0.00422525440969
72.03274 -0.00422525440969
72.12777 -0.00422525440969
72.2228 -0.00422525440969
72.31783 -0.00422525440969
72.41286 -0.00422525440969
72.50789 -0.00422525440969
72.60292 -0.00422525440969
72.69795 -0.00422525440969
72.79298 -0.00422525440969
72.88801 -0.00422525440969
72.98304 -0.00422525440969
73.07807 -0.00422525440969
73.1731 -0.00422525440969
73.26813 -0.00422525440969
73.36316 -0.00422525440969
73.45819 -0.00422525440969
73.55322 -0.00422525440969
73.64825 -0.00422525440969
73.74328 -0.00422525440969
73.83831 -0.00422525440969
73.93334 -0.00422525440969
74.02837 -0.00422525440969
74.1234 -0.00422525440969
74.21843 -0.00422525440969
74.31346 -0.00422525440969
74.40849 -0.00422525440969
74.50352 -0.00422525440969
74.59855 -0.00422525440969
74.69358 -0.00422525440969
74.78861 -0.00422525440969
74.88364 -0.00422525440969
74.97867 -0.00422525440969
75.0737 -0.00422525440969
75.16873 -0.00422525440969
75.26376 -0.00422525440969
75.35879 -0.00422525440969
75.45382 -0.00422525440969
75.54885 -0.00422525440969
75.64388 -0.00422525440969
75.73891 -0.00422525440969
75.83394 -0.00422525440969
75.92897 -0.00422525440969
76.024 -0.00422525440969
76.11903 -0.00422525440969
76.21406 -0.00422525440969
76.30909 -0.00422525440969
76.40412 -0.00422525440969
76.49915 -0.00422525440969
76.59418 -0.00422525440969
76.68921 -0.00422525440969
76.78424 -0.00422525440969
76.87927 -0.00422525440969
76.9743 -0.00422525440969
77.06933 -0.00422525440969
77.16436 -0.00422525440969
77.25939 -0.00422525440969
77.35442 -0.00422525440969
77.44945 -0.00422525440969
77.54448 -0.00422525440969
77.63951 -0.00422525440969
77.73454 -0.00422525440969
77.82957 -0.00422525440969
77.9246 -0.00422525440969
78.01963 -0.00422525440969
78.11466 -0.00422525440969
78.20969 -0.00422525440969
78.30472 -0.00422525440969
78.39975 -0.00422525440969
78.49478 -0.00422525440969
78.58981 -0.00422525440969
78.68484 -0.00422525440969
78.77987 -0.00422525440969
78.8749 -0.00422525440969
78.96993 -0.00422525440969
79.06496 -0.00422525440969
79.15999 -0.00422525440969
79.25502 -0.00422525440969
79.35005 -0.00422525440969
79.44508 -0.00422525440969
79.54011 -0.00422525440969
79.63514 -0.00422525440969
79.73017 -0.00422525440969
79.8252 -0.00422525440969
79.92023 -0.00422525440969
80.01526 -0.00422525440969
80.11029 -0.00422525440969
80.20532 -0.00422525440969
80.30035 -0.00422525440969
80.39538 -0.00422525440969
80.49041 -0.00422525440969
80.58544 -0.00422525440969
80.68047 -0.00422525440969
80.7755 -0.00422525440969
80.87053 -0.00422525440969
80.96556 -0.00422525440969
81.06059 -0.00422525440969
81.15562 -0.00422525440969
81.25065 -0.00422525440969
81.34568 -0.00422525440969
81.44071 -0.00422525440969
81.53574 -0.00422525440969
81.63077 -0.00422525440969
81.7258 -0.00422525440969
81.82083 -0.00422525440969
81.91586 -0.00422525440969
82.01089 -0.00422525440969
82.10592 -0.00422525440969
82.20095 -0.00422525440969
82.29598 -0.00422525440969
82.39101 -0.00422525440969
82.48604 -0.00422525440969
82.58107 -0.00422525440969
82.6761 -0.00422525440969
82.77113 -0.00422525440969
82.86616 -0.00422525440969
82.96119 -0.00422525440969
83.05622 -0.00422525440969
83.15125 -0.00422525440969
83.24628 -0.00422525440969
83.34131 -0.00422525440969
83.43634 -0.00422525440969
83.53137 -0.00422525440969
83.6264 -0.00422525440969
83.72143 -0.00422525440969
83.81646 -0.00422525440969
83.91149 -0.00422525440969
84.00652 -0.00422525440969
84.10155 -0.00422525440969
84.19658 -0.00422525440969
84.29161 -0.00422525440969
84.38664 -0.00422525440969
84.48167 -0.00422525440969
84.5767 -0.00422525440969
84.67173 -0.00422525440969
84.76676 -0.00422525440969
84.86179 -0.00422525440969
84.95682 -0.00422525440969
85.05185 -0.00422525440969
85.14688 -0.00422525440969
85.24191 -0.00422525440969
85.33694 -0.00422525440969
85.43197 -0.00422525440969
85.527 -0.00422525440969
85.62203 -0.00422525440969
85.71706 -0.00422525440969
85.81209 -0.00422525440969
85.90712 -0.00422525440969
86.00215 -0.00422525440969
86.09718 -0.00422525440969
86.19221 -0.00422525440969
86.28724 -0.00422525440969
86.38227 -0.00422525440969
86.4773 -0.00422525440969
86.57233 -0.00422525440969
86.66736 -0.00422525440969
86.76239 -0.00422525440969
86.85742 -0.00422525440969
86.95245 -0.00422525440969
87.04748 -0.00422525440969
87.14251 -0.00422525440969
87.23754 -0.00422525440969
87.33257 -0.00422525440969
87.4276 -0.00422525440969
87.52263 -0.00422525440969
87.61766 -0.00422525440969
87.71269 -0.00422525440969
87.80772 -0.00422525440969
87.90275 -0.00422525440969
87.99778 -0.00422525440969
88.09281 -0.00422525440969
88.18784 -0.00422525440969
88.28287 -0.00422525440969
88.3779 -0.00422525440969
88.47293 -0.00422525440969
88.56796 -0.00422525440969
88.66299 -0.00422525440969
88.75802 -0.00422525440969
88.85305 -0.00422525440969
88.94808 -0.00422525440969
89.04311 -0.00422525440969
89.13814 -0.00422525440969
89.23317 -0.00422525440969
89.3282 -0.00422525440969
89.42323 -0.00422525440969
89.51826 -0.00422525440969
89.61329 -0.00422525440969
89.70832 -0.00422525440969
89.80335 -0.00422525440969
89.89838 -0.00422525440969
89.99341 -0.00422525440969
90.08844 -0.00422525440969
90.18347 -0.00422525440969
90.2785 -0.00422525440969
90.37353 -0.00422525440969
90.46856 -0.00422525440969
90.56359 -0.00422525440969
90.65862 -0.00422525440969
90.75365 -0.00422525440969
90.84868 -0.00422525440969
90.94371 -0.00422525440969
91.03874 -0.00422525440969
91.13377 -0.00422525440969
91.2288 -0.00422525440969
91.32383 -0.00422525440969
91.41886 -0.00422525440969
91.51389 -0.00422525440969
91.60892 -0.00422525440969
91.70395 -0.00422525440969
91.79898 -0.00422525440969
91.89401 -0.00422525440969
91.98904 -0.00422525440969
92.08407 -0.00422525440969
92.1791 -0.00422525440969
92.27413 -0.00422525440969
92.36916 -0.00422525440969
92.46419 -0.00422525440969
92.55922 -0.00422525440969
92.65425 -0.00422525440969
92.74928 -0.00422525440969
92.84431 -0.00422525440969
92.93934 -0.00422525440969
93.03437 -0.00422525440969
93.1294 -0.00422525440969
93.22443 -0.00422525440969
93.31946 -0.00422525440969
93.41449 -0.00422525440969
93.50952 -0.00422525440969
93.60455 -0.00422525440969
93.69958 -0.00422525440969
93.79461 -0.00422525440969
93.88964 -0.00422525440969
93.98467 -0.00422525440969
94.0797 -0.00422525440969
94.17473 -0.00422525440969
94.26976 -0.00422525440969
94.36479 -0.00422525440969
94.45982 -0.00422525440969
94.55485 -0.00422525440969
94.64988 -0.00422525440969
94.74491 -0.00422525440969
94.83994 -0.00422525440969
94.93497 -0.00422525440969
95.03 -0.00422525440969
95.12503 -0.00422525440969
95.22006 -0.00422525440969
95.31509 -0.00422525440969
95.41012 -0.00422525440969
95.50515 -0.00422525440969
95.60018 -0.00422525440969
95.69521 -0.00422525440969
95.79024 -0.00422525440969
95.88527 -0.00422525440969
95.9803 -0.00422525440969
96.07533 -0.00422525440969
96.17036 -0.00422525440969
96.26539 -0.00422525440969
96.36042 -0.00422525440969
96.45545 -0.00422525440969
96.55048 -0.00422525440969
96.64551 -0.00422525440969
96.74054 -0.00422525440969
96.83557 -0.00422525440969
96.9306 -0.00422525440969
97.02563 -0.00422525440969
97.12066 -0.00422525440969
97.21569 -0.00422525440969
