0.0 0.00303855283426
0.1 -0.00184971154216
0.2 -0.0152474141927
0.3 -0.038962129308
0.4 -0.0685515883498
0.5 -0.0912170037282
0.6 -0.0882145217069
0.7 -0.0422706976957
0.8 0.0526669625849
0.9 0.184247695266
1.0 0.32164752587
1.1 0.423960530896
1.2 0.453919844822
1.3 0.390717363779
1.4 0.236139301058
1.5 0.0121908392595
1.6 -0.246678829689
1.7 -0.501072907603
1.8 -0.70981568283
1.9 -0.829519426231
2.0 -0.81579919174
2.1 -0.631970046588
2.2 -0.266351513294
2.3 0.248047854055
2.4 0.822376006242
2.5 1.31849789891
2.6 1.57529697287
2.7 1.44866166937
2.8 0.854371008888
2.9 -0.19684730751
3.0 -1.57961432119
3.1 -3.05405104281
3.2 -4.28968773917
3.3 -4.9174836621
3.4 -4.61104370509
3.5 -3.18725869552
3.6 -0.700217528057
3.7 2.51032486225
3.8 5.85159163794
3.9 8.6030242596
4.0 10.1073307053
4.1 9.96596264244
4.2 8.16583161576
4.3 5.08457851414
4.4 1.36829060654
4.5 -2.27205706165
4.6 -5.26586155032
4.7 -7.31266991028
4.8 -8.39628890938
4.9 -8.69586895623
5.0 -8.44886262052
5.1 -7.8329029828
5.2 -6.91322945887
5.3 -5.66381595667
5.4 -4.03541106931
5.5 -2.02830810524
5.6 0.265124178445
5.7 2.66208596352
5.8 4.92752607963
5.9 6.82875411946
6.0 8.18514928932
6.1 8.89795238511
6.2 8.95413949649
6.3 8.40717931308
6.4 7.34489460776
6.5 5.85922905662
6.6 4.03200621157
6.7 1.94315822408
6.8 -0.304607164442
6.9 -2.56199985452
7.0 -4.63028489607
7.1 -6.29034852411
7.2 -7.35732564229
7.3 -7.73824342427
7.4 -7.46494235332
7.5 -6.68429356217
7.6 -5.60771910947
7.7 -4.44145325837
7.8 -3.32742608
7.9 -2.31806844339
8.0 -1.39101071622
8.1 -0.491149529715
8.2 0.422934013004
8.3 1.34967965062
8.4 2.24270670302
8.5 3.03263739697
8.6 3.65860606752
8.7 4.09313457959
8.8 4.34934598048
8.9 4.46897314634
9.0 4.49862577154
9.1 4.46643857304
9.2 4.36989017688
9.3 4.1793238228
9.4 3.85377324636
9.5 3.36010694982
9.6 2.68606724475
9.7 1.84252028356
9.8 0.857170682748
9.9 -0.233223379438
10.0 -1.38550598565
10.1 -2.54626940769
10.2 -3.64651261768
10.3 -4.60272030737
10.4 -5.32920000971
10.5 -5.75914981045
10.6 -5.86508904336
10.7 -5.66774222885
10.8 -5.22766361193
10.9 -4.62285736355
11.0 -3.92292428165
11.1 -3.17150057302
11.2 -2.38351022158
11.3 -1.55558824278
11.4 -0.681937310475
11.5 0.233014186291
11.6 1.16992772671
11.7 2.09722168481
11.8 2.97702884094
11.9 3.7704375606
12.0 4.4405383501
12.1 4.95440817889
12.2 5.28594951424
12.3 5.42021296295
12.4 5.35772799872
12.5 5.11609625998
12.6 4.7266052788
12.7 4.22570796777
12.8 3.6438550249
12.9 2.99607562925
13.0 2.27885327268
13.1 1.47585308903
13.2 0.571420723564
13.3 -0.433108383721
13.4 -1.50746958848
13.5 -2.59110733024
13.6 -3.60430801536
13.7 -4.46789156835
13.8 -5.12311890189
13.9 -5.54313600395
14.0 -5.73153402644
14.1 -5.71028446728
14.2 -5.5046422919
14.3 -5.13349516221
14.4 -4.60961425551
14.5 -3.94786438735
14.6 -3.17460446291
14.7 -2.33111642479
14.8 -1.46795520524
14.9 -0.632887687678
15.0 0.141031428955
15.1 0.840921378757
15.2 1.47062751087
15.3 2.04087090693
15.4 2.55859709622
15.5 3.02084941865
15.6 3.415441868
15.7 3.72692218065
15.8 3.94390155139
15.9 4.06379091019
16.0 4.09292267306
16.1 4.04264118672
16.2 3.92384003142
16.3 3.74283181095
16.4 3.50039794384
16.5 3.19407086782
16.6 2.82209439026
16.7 2.38685843262
16.8 1.89616313806
16.9 1.36204686568
17.0 0.798281030099
17.1 0.218183084644
17.2 -0.366154874923
17.3 -0.943330270531
17.4 -1.5018572171
17.5 -2.03023521542
17.6 -2.51800946172
17.7 -2.95687331343
17.8 -3.34054411799
17.9 -3.6629866397
18.0 -3.91601256955
18.1 -4.0882162041
18.2 -4.16674554346
18.3 -4.14166516754
18.4 -4.01075084215
18.5 -3.78183237643
18.6 -3.47091391687
18.7 -3.09666529448
18.8 -2.67403670674
18.9 -2.21034004272
19.0 -1.70579605908
19.1 -1.15810492011
19.2 -0.568513597473
19.3 0.0537383595786
19.4 0.690643622543
19.5 1.31840772721
19.6 1.91253562489
19.7 2.45266838472
19.8 2.92527349238
19.9 3.32349040996
20.0 3.64473485294
20.1 3.88754216783
20.2 4.04930120018
20.3 4.12597410433
20.4 4.11384192014
20.5 4.01221160361
20.6 3.82542169187
20.7 3.56278519657
20.8 3.23625362548
20.9 2.85698354898
21.0 2.43278440597
21.1 1.96804111626
21.2 1.46626650324
21.3 0.933788310286
21.4 0.38226522071
21.5 -0.171680201251
21.6 -0.709754743827
21.7 -1.21654116856
21.8 -1.68291783237
21.9 -2.1066636038
22.0 -2.49015393242
22.1 -2.8365336742
22.2 -3.14628072934
22.3 -3.41550596939
22.4 -3.63621578397
22.5 -3.79787107301
22.6 -3.88936663566
22.7 -3.90091576368
22.8 -3.82576896516
22.9 -3.66179487839
23.0 -3.41266582654
23.1 -3.08806182417
23.2 -2.70235432601
23.3 -2.27180007861
23.4 -1.81109906976
23.5 -1.33073055999
23.6 -0.83634751814
23.7 -0.330631577853
23.8 0.183218958049
23.9 0.698132929658
24.0 1.20180062786
24.1 1.67826055621
24.2 2.11189113087
24.3 2.49189295772
24.4 2.81488839765
24.5 3.08406680431
24.6 3.30505457192
24.7 3.48050614209
24.8 3.60628140164
24.9 3.67142715045
25.0 3.66226806174
25.1 3.56873006912
25.2 3.38976748644
25.3 3.13515882038
25.4 2.82277317182
25.5 2.47268122526
25.6 2.10096774187
25.7 1.71605914784
25.8 1.31894613704
25.9 0.90671946385
26.0 0.477388245197
26.1 0.0336515197266
26.2 -0.415893168
26.3 -0.858267606409
26.4 -1.27933697481
26.5 -1.66718024394
26.6 -2.014239212
26.7 -2.3175779264
26.8 -2.57743300487
26.9 -2.79489818169
27.0 -2.96983942906
27.1 -3.099913664
27.2 -3.18097946433
27.3 -3.20851762059
27.4 -3.17925263762
27.5 -3.09219682905
27.6 -2.9487840372
27.7 -2.7523287647
27.8 -2.50737692179
27.9 -2.219417584
28.0 -1.89501575867
28.1 -1.54203365057
28.2 -1.16952657916
28.3 -0.787166600276
28.4 -0.404422366886
28.5 -0.0298915634552
28.6 0.328990421806
28.7 0.665995255524
28.8 0.976243959086
28.9 1.25665627707
29.0 1.5065184746
29.1 1.72764745652
29.2 1.9236750133
29.3 2.09844259051
29.4 2.25409596929
29.5 2.38978000839
29.6 2.50160799528
29.7 2.58392777767
29.8 2.63122578418
29.9 2.63971775739
30.0 2.60793423906
30.1 2.53607849805
30.2 2.42518559252
30.3 2.27647619351
30.4 2.09109981836
30.5 1.8707240189
30.6 1.61829158918
30.7 1.33829880082
30.8 1.03624653571
30.9 0.717476912459
31.0 0.386099283297
31.1 0.0448109577159
31.2 -0.303996623256
31.3 -0.656215907501
31.4 -1.00414519328
31.5 -1.33598469678
31.6 -1.63738439992
31.7 -1.89466663007
31.8 -2.09836456488
31.9 -2.24541826465
32.0 -2.33900059154
32.1 -2.38618824705
32.2 -2.39481842182
32.3 -2.37118753489
32.4 -2.31956022349
32.5 -2.24321435922
32.6 -2.14576406621
32.7 -2.03141661549
32.8 -1.90367096567
32.9 -1.76317573087
33.0 -1.60622686312
33.1 -1.4252022851
33.2 -1.2112194762
33.3 -0.958085360146
33.4 -0.665890056286
33.5 -0.342731759374
33.6 -0.00389368834455
33.7 0.331168274413
33.8 0.642923235719
33.9 0.915632939718
34.0 1.13994318995
34.1 1.31368442726
34.2 1.44093755599
34.3 1.52987679673
34.4 1.59014903631
34.5 1.63053946073
34.6 1.65742287166
34.7 1.67412462132
34.8 1.68100210982
34.9 1.67595878949
35.0 1.6552170288
35.1 1.61433841351
35.2 1.54948869129
35.3 1.4587431249
35.4 1.34298025652
35.5 1.20588568459
35.6 1.05292182224
35.7 0.889668875418
35.8 0.720343477829
35.9 0.547239023574
36.0 0.371297246822
36.1 0.193350494469
36.2 0.0152172310881
36.3 -0.159981305516
36.4 -0.328348715556
36.5 -0.486124326316
36.6 -0.630385290978
36.7 -0.759238790707
36.8 -0.87162454925
36.9 -0.967051481327
37.0 -1.04546143642
37.1 -1.10713578282
37.2 -1.15243842183
37.3 -1.18135573728
37.4 -1.19309424305
37.5 -1.18612581726
37.6 -1.15885369343
37.7 -1.11063582355
37.8 -1.04258407964
37.9 -0.957631776194
38.0 -0.859804966895
38.1 -0.75313219762
38.2 -0.64082298373
38.3 -0.525108602347
38.4 -0.407663462602
38.5 -0.290165437381
38.6 -0.174548682042
38.7 -0.0628103515219
38.8 0.0434099766873
38.9 0.143115815358
39.0 0.235881457302
39.1 0.32147517694
39.2 0.399425238625
39.3 0.46877174236
39.4 0.5280961962
39.5 0.575764935576
39.6 0.610264086603
39.7 0.630535399429
39.8 0.636265868173
39.9 0.628082860694
40.0 0.607578788084
40.1 0.57709926299
40.2 0.539311111686
40.3 0.496682481888
40.4 0.451071796367
40.5 0.40357835491
40.6 0.35467684891
40.7 0.304525728601
40.8 0.253285946216
40.9 0.201329473993
41.0 0.149306484735
41.1 0.0981078837121
41.2 0.0487735544742
41.3 0.00237499164471
41.4 -0.0401158696927
41.5 -0.0779519110236
41.6 -0.110693067171
41.7 -0.13821091456
41.8 -0.160613772588
41.9 -0.178132790519
42.0 -0.191027962849
42.1 -0.19955229703
42.2 -0.203968919608
42.3 -0.204583426488
42.4 -0.201754540643
42.5 -0.195874045959
42.6 -0.187335619069
42.7 -0.176518711809
42.8 -0.163796664019
42.9 -0.1495557549
43.0 -0.134203592582
43.1 -0.118155985402
43.2 -0.101809662588
43.3 -0.0855180592529
43.4 -0.069582418738
43.5 -0.0542573018626
43.6 -0.0397601274245
43.7 -0.0262751369949
43.8 -0.013950150476
43.9 -0.00289154580377
44.0 0.00683643246115
44.1 0.0152066436664
44.2 0.0222218152971
44.3 0.0279095588678
44.4 0.0323210985001
44.5 0.0355314427539
44.6 0.0376373609826
44.7 0.03875115174
44.8 0.0389911727359
44.9 0.0384723118175
45.0 0.0372998840643
45.1 0.0355689542534
45.2 0.0333686471646
45.3 0.0307887117389
45.4 0.0279245222586
45.5 0.0248775019941
45.6 0.0217503884533
45.7 0.0186395097425
45.8 0.0156276340111
45.9 0.0127801512509
46.0 0.0101450444911
46.1 0.00775502441512
46.2 0.00562972398106
46.3 0.00377698532596
46.4 0.00219379249471
46.5 0.00086798709617
46.6 -0.000218779828328
46.7 -0.00108756865918
46.8 -0.00175941588386
46.9 -0.00225415971548
47.0 -0.00259066365058
47.1 -0.00278760065942
47.2 -0.00286401080212
47.3 -0.00283936488798
47.4 -0.00273329868253
47.5 -0.00256521998269
47.6 -0.00235378739576
47.7 -0.00211616597865
47.8 -0.00186713331053
47.9 -0.00161836134442
48.0 -0.00137824285123
48.1 -0.00115237055828
48.2 -0.000944404205233
48.3 -0.00075686929886
48.4 -0.000591554632126
48.5 -0.000449491207205
48.6 -0.000330755012111
48.7 -0.000234377051294
48.8 -0.000158492390924
48.9 -0.000100668260024
49.0 -5.82559815712e-05
49.1 -2.8642015749e-05
49.2 -9.36626033973e-06
49.3 1.84918324053e-06
49.4 7.09728937965e-06
49.5 8.26832227356e-06
49.6 7.00964505857e-06
49.7 4.67863266731e-06
49.8 2.31019889544e-06
49.9 6.1356170678e-07
50.0 0.0
50.1 0.0
50.2 0.0
50.3 0.0
50.4 0.0
50.5 0.0
50.6 0.0
50.7 0.0
50.8 0.0
50.9 0.0
51.0 0.0
51.1 0.0
51.2 0.0
51.3 0.0
51.4 0.0
51.5 0.0
51.6 0.0
51.7 0.0
51.8 0.0
51.9 0.0
52.0 0.0
52.1 0.0
52.2 0.0
52.3 0.0
52.4 0.0
52.5 0.0
52.6 0.0
52.7 0.0
52.8 0.0
52.9 0.0
53.0 0.0
53.1 0.0
53.2 0.0
53.3 0.0
53.4 0.0
53.5 0.0
53.6 0.0
53.7 0.0
53.8 0.0
53.9 0.0
54.0 0.0
54.1 0.0
54.2 0.0
54.3 0.0
54.4 0.0
54.5 0.0
54.6 0.0
54.7 0.0
54.8 0.0
54.9 0.0
55.0 0.0
55.1 0.0
55.2 0.0
55.3 0.0
55.4 0.0
55.5 0.0
55.6 0.0
55.7 0.0
55.8 0.0
55.9 0.0
56.0 0.0
56.1 0.0
56.2 0.0
56.3 0.0
56.4 0.0
56.5 0.0
56.6 0.0
56.7 0.0
56.8 0.0
56.9 0.0
57.0 0.0
57.1 0.0
57.2 0.0
57.3 0.0
57.4 0.0
57.5 0.0
57.6 0.0
57.7 0.0
57.8 0.0
57.9 0.0
58.0 0.0
58.1 0.0
58.2 0.0
58.3 0.0
58.4 0.0
58.5 0.0
58.6 0.0
58.7 0.0
58.8 0.0
58.9 0.0
59.0 0.0
59.1 0.0
59.2 0.0
59.3 0.0
59.4 0.0
59.5 0.0
59.6 0.0
59.7 0.0
59.8 0.0
59.9 0.0
60.0 0.0
60.1 0.0
60.2 0.0
60.3 0.0
60.4 0.0
60.5 0.0
60.6 0.0
60.7 0.0
60.8 0.0
60.9 0.0
61.0 0.0
61.1 0.0
61.2 0.0
61.3 0.0
61.4 0.0
61.5 0.0
61.6 0.0
61.7 0.0
61.8 0.0
61.9 0.0
62.0 0.0
62.1 0.0
62.2 0.0
62.3 0.0
62.4 0.0
62.5 0.0
62.6 0.0
62.7 0.0
62.8 0.0
62.9 0.0
63.0 0.0
63.1 0.0
63.2 0.0
63.3 0.0
63.4 0.0
63.5 0.0
63.6 0.0
63.7 0.0
63.8 0.0
63.9 0.0
64.0 0.0
64.1 0.0
64.2 0.0
64.3 0.0
64.4 0.0
64.5 0.0
64.6 0.0
64.7 0.0
64.8 0.0
64.9 0.0
65.0 0.0
65.1 0.0
65.2 0.0
65.3 0.0
65.4 0.0
65.5 0.0
65.6 0.0
65.7 0.0
65.8 0.0
65.9 0.0
66.0 0.0
66.1 0.0
66.2 0.0
66.3 0.0
66.4 0.0
66.5 0.0
66.6 0.0
66.7 0.0
66.8 0.0
66.9 0.0
67.0 0.0
67.1 0.0
67.2 0.0
67.3 0.0
67.4 0.0
67.5 0.0
67.6 0.0
67.7 0.0
67.8 0.0
67.9 0.0
68.0 0.0
68.1 0.0
68.2 0.0
68.3 0.0
68.4 0.0
68.5 0.0
68.6 0.0
68.7 0.0
68.8 0.0
68.9 0.0
69.0 0.0
69.1 0.0
69.2 0.0
69.3 0.0
69.4 0.0
69.5 0.0
69.6 0.0
69.7 0.0
69.8 0.0
69.9 0.0
70.0 0.0
70.1 0.0
70.2 0.0
70.3 0.0
70.4 0.0
70.5 0.0
70.6 0.0
70.7 0.0
70.8 0.0
70.9 0.0
71.0 0.0
71.1 0.0
71.2 0.0
71.3 0.0
71.4 0.0
71.5 0.0
71.6 0.0
71.7 0.0
71.8 0.0
71.9 0.0
72.0 0.0
72.1 0.0
72.2 0.0
72.3 0.0
72.4 0.0
72.5 0.0
72.6 0.0
72.7 0.0
72.8 0.0
72.9 0.0
73.0 0.0
73.1 0.0
73.2 0.0
73.3 0.0
73.4 0.0
73.5 0.0
73.6 0.0
73.7 0.0
73.8 0.0
73.9 0.0
74.0 0.0
74.1 0.0
74.2 0.0
74.3 0.0
74.4 0.0
74.5 0.0
74.6 0.0
74.7 0.0
74.8 0.0
74.9 0.0
75.0 0.0
75.1 0.0
75.2 0.0
75.3 0.0
75.4 0.0
75.5 0.0
75.6 0.0
75.7 0.0
75.8 0.0
75.9 0.0
76.0 0.0
76.1 0.0
76.2 0.0
76.3 0.0
76.4 0.0
76.5 0.0
76.6 0.0
76.7 0.0
76.8 0.0
76.9 0.0
77.0 0.0
77.1 0.0
77.2 0.0
77.3 0.0
77.4 0.0
77.5 0.0
77.6 0.0
77.7 0.0
77.8 0.0
77.9 0.0
78.0 0.0
78.1 0.0
78.2 0.0
78.3 0.0
78.4 0.0
78.5 0.0
78.6 0.0
78.7 0.0
78.8 0.0
78.9 0.0
79.0 0.0
79.1 0.0
79.2 0.0
79.3 0.0
79.4 0.0
79.5 0.0
79.6 0.0
79.7 0.0
79.8 0.0
79.9 0.0
80.0 0.0
80.1 0.0
80.2 0.0
80.3 0.0
80.4 0.0
80.5 0.0
80.6 0.0
80.7 0.0
80.8 0.0
80.9 0.0
81.0 0.0
81.1 0.0
81.2 0.0
81.3 0.0
81.4 0.0
81.5 0.0
81.6 0.0
81.7 0.0
81.8 0.0
81.9 0.0
82.0 0.0
82.1 0.0
82.2 0.0
82.3 0.0
82.4 0.0
82.5 0.0
82.6 0.0
82.7 0.0
82.8 0.0
82.9 0.0
83.0 0.0
83.1 0.0
83.2 0.0
83.3 0.0
83.4 0.0
83.5 0.0
83.6 0.0
83.7 0.0
83.8 0.0
83.9 0.0
84.0 0.0
84.1 0.0
84.2 0.0
84.3 0.0
84.4 0.0
84.5 0.0
84.6 0.0
84.7 0.0
84.8 0.0
84.9 0.0
85.0 0.0
85.1 0.0
85.2 0.0
85.3 0.0
85.4 0.0
85.5 0.0
85.6 0.0
85.7 0.0
85.8 0.0
85.9 0.0
86.0 0.0
86.1 0.0
86.2 0.0
86.3 0.0
86.4 0.0
86.5 0.0
86.6 0.0
86.7 0.0
86.8 0.0
86.9 0.0
87.0 0.0
87.1 0.0
87.2 0.0
87.3 0.0
87.4 0.0
87.5 0.0
87.6 0.0
87.7 0.0
87.8 0.0
87.9 0.0
88.0 0.0
88.1 0.0
88.2 0.0
88.3 0.0
88.4 0.0
88.5 0.0
88.6 0.0
88.7 0.0
88.8 0.0
88.9 0.0
89.0 0.0
89.1 0.0
89.2 0.0
89.3 0.0
89.4 0.0
89.5 0.0
89.6 0.0
89.7 0.0
89.8 0.0
89.9 0.0
90.0 0.0
90.1 0.0
90.2 0.0
90.3 0.0
90.4 0.0
90.5 0.0
90.6 0.0
90.7 0.0
90.8 0.0
90.9 0.0
91.0 0.0
91.1 0.0
91.2 0.0
91.3 0.0
91.4 0.0
91.5 0.0
91.6 0.0
91.7 0.0
91.8 0.0
91.9 0.0
92.0 0.0
92.1 0.0
92.2 0.0
92.3 0.0
92.4 0.0
92.5 0.0
92.6 0.0
92.7 0.0
92.8 0.0
92.9 0.0
93.0 0.0
93.1 0.0
93.2 0.0
93.3 0.0
93.4 0.0
93.5 0.0
93.6 0.0
93.7 0.0
93.8 0.0
93.9 0.0
94.0 0.0
94.1 0.0
94.2 0.0
94.3 0.0
94.4 0.0
94.5 0.0
94.6 0.0
94.7 0.0
94.8 0.0
94.9 0.0
95.0 0.0
95.1 0.0
95.2 0.0
95.3 0.0
95.4 0.0
95.5 0.0
95.6 0.0
95.7 0.0
95.8 0.0
95.9 0.0
96.0 0.0
96.1 0.0
96.2 0.0
96.3 0.0
96.4 0.0
96.5 0.0
96.6 0.0
96.7 0.0
96.8 0.0
96.9 0.0
97.0 0.0
97.1 0.0
97.2 0.0
97.3 0.0
97.4 0.0
97.5 0.0
97.6 0.0
97.7 0.0
97.8 0.0
97.9 0.0
98.0 0.0
98.1 0.0
98.2 0.0
98.3 0.0
98.4 0.0
98.5 0.0
98.6 0.0
98.7 0.0
98.8 0.0
98.9 0.0
99.0 0.0
99.1 0.0
99.2 0.0
99.3 0.0
99.4 0.0
99.5 0.0
99.6 0.0
99.7 0.0
99.8 0.0
99.9 0.0
100.0 0.0
100.1 0.0
100.2 0.0
100.3 0.0
100.4 0.0
100.5 0.0
100.6 0.0
100.7 0.0
100.8 0.0
100.9 0.0
101.0 0.0
101.1 0.0
101.2 0.0
101.3 0.0
101.4 0.0
101.5 0.0
101.6 0.0
101.7 0.0
101.8 0.0
101.9 0.0
102.0 0.0
102.1 0.0
102.2 0.0
102.3 0.0
