0.0 -0.0831612240027
0.09503 0.242422171879
0.19006 0.560188483201
0.28509 0.817948490307
0.38012 0.977356770528
0.47515 1.02586375338
0.57018 0.977627577403
0.66521 0.86410299667
0.76024 0.719120058386
0.85527 0.56468668228
0.9503 0.40379180236
1.04533 0.22337796811
1.14036 0.00558475201656
1.23539 -0.25752256627
1.33042 -0.551893550021
1.42545 -0.838510910265
1.52048 -1.06244657612
1.61551 -1.17017190964
1.71054 -1.12424894052
1.80557 -0.907055591537
1.9006 -0.518054325277
1.99563 0.0253712818342
2.09066 0.680846076149
2.18569 1.3721518022
2.28072 1.9831150276
2.37575 2.36027222492
2.47078 2.33401606693
2.56581 1.76172691304
2.66084 0.581636486738
2.75587 -1.14209397906
2.8509 -3.19740732601
2.94593 -5.23180087155
3.04096 -6.79351809822
3.13599 -7.41057709883
3.23102 -6.70608663115
3.32605 -4.52928577727
3.42108 -1.05616774227
3.51611 3.19218617862
3.61114 7.43799962064
3.70617 10.8232677508
3.8012 12.6228419197
3.89623 12.4310009982
3.99126 10.2664667567
4.08629 6.56430552197
4.18132 2.05601970294
4.27635 -2.42641628514
4.37138 -6.16152376932
4.46641 -8.6981881897
4.56144 -9.91762662665
4.65647 -9.98823837839
4.7515 -9.24314028059
4.84653 -8.03401337391
4.94156 -6.61698365559
5.03659 -5.10687459937
5.13162 -3.50304842629
5.22665 -1.75984168212
5.32168 0.138122101889
5.41671 2.12886122346
5.51174 4.06969466075
5.60677 5.77369861875
5.7018 7.06685265378
5.79683 7.84009391987
5.89186 8.07413819791
5.98689 7.82779893626
6.08192 7.19792578056
6.17695 6.27241681065
6.27198 5.10018682976
6.36701 3.69242261256
6.46204 2.05297854351
6.55707 0.220660522168
6.6521 -1.70054039516
6.74713 -3.54175619019
6.84216 -5.1036266714
6.93719 -6.21189395563
7.03222 -6.77133819523
7.12725 -6.79562576652
7.22228 -6.40040616531
7.31731 -5.76145478452
7.41234 -5.05345163031
7.50737 -4.39271884859
7.6024 -3.80580023653
7.69743 -3.23544882511
7.79246 -2.58000098831
7.88749 -1.74830883791
7.98252 -0.706655334629
8.07755 0.501315820612
8.17258 1.76785566252
8.26761 2.95921637565
8.36264 3.9608240642
8.45767 4.71077445131
8.5527 5.20956390657
8.64773 5.50468877401
8.74276 5.658986241
8.83779 5.71713911901
8.93282 5.68393011223
9.02785 5.52184373937
9.12288 5.16728474172
9.21791 4.55739161965
9.31294 3.65609318753
9.40797 2.47002394739
9.503 1.0506464618
9.59803 -0.515028769468
9.69306 -2.11915281798
9.78809 -3.64741161036
9.88312 -4.99050063714
9.97815 -6.05349472612
10.07318 -6.76494434049
10.16821 -7.08597220523
10.26324 -7.01711233451
10.35827 -6.59927007366
10.4533 -5.90613074718
10.54833 -5.02832501663
10.64336 -4.05344684382
10.73839 -3.04865907818
10.83342 -2.0523107863
10.92845 -1.07740546389
11.02348 -0.12449136452
11.11851 0.802708782841
11.21354 1.68668628702
11.30857 2.49567348623
11.4036 3.19325570956
11.49863 3.75272735693
11.59366 4.16825138513
11.68869 4.45656053016
11.78372 4.64798546902
11.87875 4.77116955898
11.97378 4.83897096526
12.06881 4.84228057371
12.16384 4.75437383525
12.25887 4.5431418883
12.3539 4.18485240235
12.44893 3.67286231696
12.54396 3.01794448037
12.63899 2.24170723003
12.73402 1.36826001611
12.82905 0.419818010384
12.92408 -0.580896965421
13.01911 -1.60319786962
13.11414 -2.6013649137
13.20917 -3.51402067813
13.3042 -4.27298153857
13.39923 -4.81951246769
13.49426 -5.12146149511
13.58929 -5.18342565523
13.68432 -5.04476047473
13.77935 -4.76564912462
13.87438 -4.40690918927
13.96941 -4.01200175746
14.06444 -3.59844572495
14.15947 -3.16121844049
14.2545 -2.68510775727
14.34953 -2.15917813555
14.44456 -1.58630251897
14.53959 -0.983949654481
14.63462 -0.377219708647
14.72965 0.211082975905
14.82468 0.767636922007
14.91971 1.28954223848
15.01474 1.77936267851
15.10977 2.23790733063
15.2048 2.65932622658
15.29983 3.03132907584
15.39486 3.34004980258
15.48989 3.57625539526
15.58492 3.73886773537
15.67995 3.83349701528
15.77498 3.86680317004
15.87001 3.84014598481
15.96504 3.74658633195
16.06007 3.57348172527
16.1551 3.30970101585
16.25013 2.95370198356
16.34516 2.51797861487
16.44019 2.0271580596
16.53522 1.51036800644
16.63025 0.991574443363
16.72528 0.482709534414
16.82031 -0.0170532599432
16.91534 -0.515767419517
17.01037 -1.02007442704
17.1054 -1.52810926038
17.20043 -2.02756029229
17.29546 -2.49952820764
17.39049 -2.92561091122
17.48552 -3.29395905985
17.58055 -3.60081103127
17.67558 -3.84676326824
17.77061 -4.03019227485
17.86564 -4.14202329795
17.96067 -4.16541858987
18.0557 -4.08125633665
18.15073 -3.87697213327
18.24576 -3.55426276917
18.34079 -3.13147129842
18.43582 -2.639051906
18.53085 -2.11000135367
18.62588 -1.5697030429
18.72091 -1.0299229368
18.81594 -0.489590912622
18.91097 0.0583832787943
19.006 0.617916764916
19.10103 1.18281162811
19.19606 1.73531984354
19.29109 2.25056369439
19.38612 2.70427476382
19.48115 3.07990628525
19.57618 3.37184819091
19.67121 3.58372317319
19.76624 3.72328107546
19.86127 3.79690573209
19.9563 3.80652959594
20.05133 3.7501093099
20.14636 3.62477299236
20.24139 3.43044752747
20.33642 3.17183609526
20.43145 2.85785117751
20.52648 2.49918652507
20.62151 2.1056889663
20.71654 1.68506031043
20.81157 1.24337172804
20.9066 0.786633740099
21.00163 0.32202688372
21.09666 -0.142262913304
21.19169 -0.598597085331
21.28672 -1.04173739956
21.38175 -1.46952801
21.47678 -1.88153117239
21.57181 -2.27598833178
21.66684 -2.64663307446
21.76187 -2.98122755645
21.8569 -3.26296830242
21.95193 -3.47446970388
22.04696 -3.60266621628
22.14199 -3.6424387225
22.23702 -3.59737378234
22.33205 -3.47748341007
22.42708 -3.29517680506
22.52211 -3.06150029277
22.61714 -2.78428908522
22.71217 -2.46866396772
22.8072 -2.11897557054
22.90223 -1.74060674746
22.99726 -1.34035393945
23.09229 -0.925189896728
23.18732 -0.500381407295
23.28235 -0.0684711979086
23.37738 0.369807788039
23.47241 0.812788735134
23.56744 1.25461169478
23.66247 1.68328182392
23.7575 2.0813647588
23.85253 2.42934555882
23.94756 2.71031193627
24.04259 2.91394128965
24.13762 3.03814759013
24.23265 3.08795604033
24.32768 3.07253442048
24.42271 3.0020674925
24.51774 2.88592724524
24.61277 2.73256100153
24.7078 2.55034392303
24.80283 2.34804474145
24.89786 2.13389842025
24.99289 1.91335588115
25.08792 1.68672122772
25.18295 1.44835664066
25.27798 1.18857056509
25.37301 0.89794489459
25.46804 0.572431227829
25.56307 0.21687530058
25.6581 -0.154843299997
25.75313 -0.523343618875
25.84816 -0.869474959044
25.94319 -1.17970031812
26.03822 -1.44877568864
26.13325 -1.67874015569
26.22828 -1.87506704359
26.32331 -2.0421640048
26.41834 -2.18056053054
26.51337 -2.28704019953
26.6084 -2.35728069485
26.70343 -2.38919447621
26.79846 -2.38485650307
26.89349 -2.34980239506
26.98852 -2.29005440678
27.08355 -2.20859211685
27.17858 -2.10337088959
27.27361 -1.96819347857
27.36864 -1.79620283278
27.46367 -1.5843307462
27.5587 -1.33648172015
27.65373 -1.06384005595
27.74876 -0.782116300259
27.84379 -0.507027042554
27.93882 -0.250063530579
28.03385 -0.0162978295555
28.12888 0.195167611375
28.22391 0.388819370341
28.31894 0.569920062099
28.41397 0.742651108506
28.509 0.909751291262
28.60403 1.07310133966
28.69906 1.23435495185
28.79409 1.39471572433
28.88912 1.55359690055
28.98415 1.70714851048
29.07918 1.84777518816
29.17421 1.96540118741
29.26924 2.05025843397
29.36427 2.09600010295
29.4593 2.10157938389
29.55433 2.07084997639
29.64936 2.01000261754
29.74439 1.92412363412
29.83942 1.81468200867
29.93445 1.67929908258
30.02948 1.51394566881
30.12451 1.31639085079
30.21954 1.08901861982
30.31457 0.839433010836
30.4096 0.578440999175
30.50463 0.316413649971
30.59966 0.0599208968878
30.69469 -0.189572221001
30.78972 -0.434221760903
30.88475 -0.676268032907
30.97978 -0.914275082195
31.07481 -1.14113562077
31.16984 -1.34497608442
31.26487 -1.51267098998
31.3599 -1.63440387726
31.45493 -1.70722066594
31.54996 -1.73602372865
31.64499 -1.73166143946
31.74002 -1.70705738149
31.83505 -1.6730763151
31.93008 -1.63573393856
32.02511 -1.59556017703
32.12014 -1.54889050095
32.21517 -1.49011674082
32.3102 -1.41378936394
32.40523 -1.31588312971
32.50026 -1.19418595703
32.59529 -1.0482451603
32.69032 -0.879367199085
32.78535 -0.690857315389
32.88038 -0.488268036829
32.97541 -0.279207013912
33.07044 -0.0723926210974
33.16547 0.123939782131
33.2605 0.303745439348
33.35553 0.464279244254
33.45056 0.606096745379
33.54559 0.731923844603
33.64062 0.844884323006
33.73565 0.946844321068
33.83068 1.03752985751
33.92571 1.11466976451
34.02074 1.17493678072
34.11577 1.21515003844
34.2108 1.23319662517
34.30583 1.22838784329
34.40086 1.20131131458
34.49589 1.15347243157
34.59092 1.08702738677
34.68595 1.00472886836
34.78098 0.909978380186
34.87601 0.806763371325
34.97104 0.699325263832
35.06607 0.591602314495
35.1611 0.486678566448
35.25613 0.386512941209
35.35116 0.292081384425
35.44619 0.203822764494
35.54122 0.122090518621
35.63625 0.0473053397714
35.73128 -0.0203024125556
35.82631 -0.0811881652059
35.92134 -0.136855261596
36.01637 -0.189733737751
36.1114 -0.242475647383
36.20643 -0.296915304432
36.30146 -0.353190254184
36.39649 -0.409509882457
36.49152 -0.462774369864
36.58655 -0.509822044849
36.68158 -0.548738491746
36.77661 -0.579585013112
36.87164 -0.60415260183
36.96667 -0.62480957577
37.0617 -0.642963152411
37.15673 -0.65787332808
37.25176 -0.666428225101
37.34679 -0.664067163904
37.44182 -0.646515236431
37.53685 -0.611612239009
37.63188 -0.560453815719
37.72691 -0.497341810915
37.82194 -0.428537301015
37.91697 -0.360304013677
38.012 -0.297010866783
38.10703 -0.240019633562
38.20206 -0.187748952929
38.29709 -0.136830063347
38.39212 -0.083851299935
38.48715 -0.0269888131808
38.58218 0.0330967384007
38.67721 0.0934037414055
38.77224 0.149667238969
38.86727 0.197913206139
38.9623 0.235868587602
39.05733 0.263682360787
39.15236 0.283692880976
39.24739 0.299352477671
39.34242 0.313749543688
39.43745 0.328324948373
39.53248 0.342300196726
39.62751 0.353046494798
39.72254 0.357239199108
39.81757 0.352317976315
39.9126 0.337647010365
40.00763 0.314898969408
40.10266 0.287518336201
40.19769 0.259510266669
40.29272 0.234078121799
40.38775 0.212674325033
40.48278 0.1948211593
40.57781 0.178701574123
40.67284 0.162183309713
40.76787 0.143777619903
40.8629 0.123114185876
40.95793 0.100785719318
41.05296 0.0777375737614
41.14799 0.0545887044801
41.24302 0.0312710511468
41.33805 0.00717481463018
41.43308 -0.0183013467085
41.52811 -0.04511989401
41.62314 -0.072261844985
41.71817 -0.0978847185461
41.8132 -0.119925600785
41.90823 -0.136857054083
42.00326 -0.148222389251
42.09829 -0.154691430177
42.19332 -0.157624620348
42.28835 -0.158380571736
42.38338 -0.15772150274
42.47841 -0.155604613313
42.57344 -0.151436163714
42.66847 -0.144623517126
42.7635 -0.135114362546
42.85853 -0.123632580999
42.95356 -0.111488581644
43.04859 -0.100065167848
43.14362 -0.0902418610359
43.23865 -0.0820427580147
43.33368 -0.074672506323
43.42871 -0.0669107922199
43.52374 -0.0576687013849
43.61877 -0.0464500509862
43.7138 -0.0335274918655
43.80883 -0.0197926050972
43.90386 -0.00639066055504
43.99889 0.0056691903047
44.09392 0.0157587907254
44.18895 0.0236603177458
44.28398 0.0294263440978
44.37901 0.0331905880906
44.47404 0.0350486639137
44.56907 0.0350643666446
44.6641 0.033372797842
44.75913 0.0302948992789
44.85416 0.0263760277958
44.94919 0.022308837511
45.04422 0.0187669162593
45.13925 0.0162231604947
45.23428 0.0148328140862
45.32931 0.0144269312494
45.42434 0.0146096053283
45.51937 0.0149096503544
45.6144 0.0149234150955
45.70943 0.0144016756703
45.80446 0.0132666412973
45.89949 0.0115760738105
45.99452 0.00946654920069
46.08955 0.00710416545296
46.18458 0.00465567060101
46.27961 0.00227714356984
46.37464 0.000109317520045
46.46967 -0.00172978042359
46.5647 -0.00315696331385
46.65973 -0.00413607563308
46.75476 -0.00468335319436
46.84979 -0.00486190934875
46.94482 -0.00476645894796
47.03985 -0.00450341505179
47.13488 -0.00417243305995
47.22991 -0.00385362169744
47.32494 -0.00360171363509
47.41997 -0.00344618264799
47.515 -0.00339527516353
47.61003 -0.00339527516353
47.70506 -0.00339527516353
47.80009 -0.00339527516353
47.89512 -0.00339527516353
47.99015 -0.00339527516353
48.08518 -0.00339527516353
48.18021 -0.00339527516353
48.27524 -0.00339527516353
48.37027 -0.00339527516353
48.4653 -0.00339527516353
48.56033 -0.00339527516353
48.65536 -0.00339527516353
48.75039 -0.00339527516353
48.84542 -0.00339527516353
48.94045 -0.00339527516353
49.03548 -0.00339527516353
49.13051 -0.00339527516353
49.22554 -0.00339527516353
49.32057 -0.00339527516353
49.4156 -0.00339527516353
49.51063 -0.00339527516353
49.60566 -0.00339527516353
49.70069 -0.00339527516353
49.79572 -0.00339527516353
49.89075 -0.00339527516353
49.98578 -0.00339527516353
50.08081 -0.00339527516353
50.17584 -0.00339527516353
50.27087 -0.00339527516353
50.3659 -0.00339527516353
50.46093 -0.00339527516353
50.55596 -0.00339527516353
50.65099 -0.00339527516353
50.74602 -0.00339527516353
50.84105 -0.00339527516353
50.93608 -0.00339527516353
51.03111 -0.00339527516353
51.12614 -0.00339527516353
51.22117 -0.00339527516353
51.3162 -0.00339527516353
51.41123 -0.00339527516353
51.50626 -0.00339527516353
51.60129 -0.00339527516353
51.69632 -0.00339527516353
51.79135 -0.00339527516353
51.88638 -0.00339527516353
51.98141 -0.00339527516353
52.07644 -0.00339527516353
52.17147 -0.00339527516353
52.2665 -0.00339527516353
52.36153 -0.00339527516353
52.45656 -0.00339527516353
52.55159 -0.00339527516353
52.64662 -0.00339527516353
52.74165 -0.00339527516353
52.83668 -0.00339527516353
52.93171 -0.00339527516353
53.02674 -0.00339527516353
53.12177 -0.00339527516353
53.2168 -0.00339527516353
53.31183 -0.00339527516353
53.40686 -0.00339527516353
53.50189 -0.00339527516353
53.59692 -0.00339527516353
53.69195 -0.00339527516353
53.78698 -0.00339527516353
53.88201 -0.00339527516353
53.97704 -0.00339527516353
54.07207 -0.00339527516353
54.1671 -0.00339527516353
54.26213 -0.00339527516353
54.35716 -0.00339527516353
54.45219 -0.00339527516353
54.54722 -0.00339527516353
54.64225 -0.00339527516353
54.73728 -0.00339527516353
54.83231 -0.00339527516353
54.92734 -0.00339527516353
55.02237 -0.00339527516353
55.1174 -0.00339527516353
55.21243 -0.00339527516353
55.30746 -0.00339527516353
55.40249 -0.00339527516353
55.49752 -0.00339527516353
55.59255 -0.00339527516353
55.68758 -0.00339527516353
55.78261 -0.00339527516353
55.87764 -0.00339527516353
55.97267 -0.00339527516353
56.0677 -0.00339527516353
56.16273 -0.00339527516353
56.25776 -0.00339527516353
56.35279 -0.00339527516353
56.44782 -0.00339527516353
56.54285 -0.00339527516353
56.63788 -0.00339527516353
56.73291 -0.00339527516353
56.82794 -0.00339527516353
56.92297 -0.00339527516353
57.018 -0.00339527516353
57.11303 -0.00339527516353
57.20806 -0.00339527516353
57.30309 -0.00339527516353
57.39812 -0.00339527516353
57.49315 -0.00339527516353
57.58818 -0.00339527516353
57.68321 -0.00339527516353
57.77824 -0.00339527516353
57.87327 -0.00339527516353
57.9683 -0.00339527516353
58.06333 -0.00339527516353
58.15836 -0.00339527516353
58.25339 -0.00339527516353
58.34842 -0.00339527516353
58.44345 -0.00339527516353
58.53848 -0.00339527516353
58.63351 -0.00339527516353
58.72854 -0.00339527516353
58.82357 -0.00339527516353
58.9186 -0.00339527516353
59.01363 -0.00339527516353
59.10866 -0.00339527516353
59.20369 -0.00339527516353
59.29872 -0.00339527516353
59.39375 -0.00339527516353
59.48878 -0.00339527516353
59.58381 -0.00339527516353
59.67884 -0.00339527516353
59.77387 -0.00339527516353
59.8689 -0.00339527516353
59.96393 -0.00339527516353
60.05896 -0.00339527516353
60.15399 -0.00339527516353
60.24902 -0.00339527516353
60.34405 -0.00339527516353
60.43908 -0.00339527516353
60.53411 -0.00339527516353
60.62914 -0.00339527516353
60.72417 -0.00339527516353
60.8192 -0.00339527516353
60.91423 -0.00339527516353
61.00926 -0.00339527516353
61.10429 -0.00339527516353
61.19932 -0.00339527516353
61.29435 -0.00339527516353
61.38938 -0.00339527516353
61.48441 -0.00339527516353
61.57944 -0.00339527516353
61.67447 -0.00339527516353
61.7695 -0.00339527516353
61.86453 -0.00339527516353
61.95956 -0.00339527516353
62.05459 -0.00339527516353
62.14962 -0.00339527516353
62.24465 -0.00339527516353
62.33968 -0.00339527516353
62.43471 -0.00339527516353
62.52974 -0.00339527516353
62.62477 -0.00339527516353
62.7198 -0.00339527516353
62.81483 -0.00339527516353
62.90986 -0.00339527516353
63.00489 -0.00339527516353
63.09992 -0.00339527516353
63.19495 -0.00339527516353
63.28998 -0.00339527516353
63.38501 -0.00339527516353
63.48004 -0.00339527516353
63.57507 -0.00339527516353
63.6701 -0.00339527516353
63.76513 -0.00339527516353
63.86016 -0.00339527516353
63.95519 -0.00339527516353
64.05022 -0.00339527516353
64.14525 -0.00339527516353
64.24028 -0.00339527516353
64.33531 -0.00339527516353
64.43034 -0.00339527516353
64.52537 -0.00339527516353
64.6204 -0.00339527516353
64.71543 -0.00339527516353
64.81046 -0.00339527516353
64.90549 -0.00339527516353
65.00052 -0.00339527516353
65.09555 -0.00339527516353
65.19058 -0.00339527516353
65.28561 -0.00339527516353
65.38064 -0.00339527516353
65.47567 -0.00339527516353
65.5707 -0.00339527516353
65.66573 -0.00339527516353
65.76076 -0.00339527516353
65.85579 -0.00339527516353
65.95082 -0.00339527516353
66.04585 -0.00339527516353
66.14088 -0.00339527516353
66.23591 -0.00339527516353
66.33094 -0.00339527516353
66.42597 -0.00339527516353
66.521 -0.00339527516353
66.61603 -0.00339527516353
66.71106 -0.00339527516353
66.80609 -0.00339527516353
66.90112 -0.00339527516353
66.99615 -0.00339527516353
67.09118 -0.00339527516353
67.18621 -0.00339527516353
67.28124 -0.00339527516353
67.37627 -0.00339527516353
67.4713 -0.00339527516353
67.56633 -0.00339527516353
67.66136 -0.00339527516353
67.75639 -0.00339527516353
67.85142 -0.00339527516353
67.94645 -0.00339527516353
68.04148 -0.00339527516353
68.13651 -0.00339527516353
68.23154 -0.00339527516353
68.32657 -0.00339527516353
68.4216 -0.00339527516353
68.51663 -0.00339527516353
68.61166 -0.00339527516353
68.70669 -0.00339527516353
68.80172 -0.00339527516353
68.89675 -0.00339527516353
68.99178 -0.00339527516353
69.08681 -0.00339527516353
69.18184 -0.00339527516353
69.27687 -0.00339527516353
69.3719 -0.00339527516353
69.46693 -0.00339527516353
69.56196 -0.00339527516353
69.65699 -0.00339527516353
69.75202 -0.00339527516353
69.84705 -0.00339527516353
69.94208 -0.00339527516353
70.03711 -0.00339527516353
70.13214 -0.00339527516353
70.22717 -0.00339527516353
70.3222 -0.00339527516353
70.41723 -0.00339527516353
70.51226 -0.00339527516353
70.60729 -0.00339527516353
70.70232 -0.00339527516353
70.79735 -0.00339527516353
70.89238 -0.00339527516353
70.98741 -0.00339527516353
71.08244 -0.00339527516353
71.17747 -0.00339527516353
71.2725 -0.00339527516353
71.36753 -0.00339527516353
71.46256 -0.00339527516353
71.55759 -0.00339527516353
71.65262 -0.00339527516353
71.74765 -0.00339527516353
71.84268 -0.00339527516353
71.93771 -0.00339527516353
72.03274 -0.00339527516353
72.12777 -0.00339527516353
72.2228 -0.00339527516353
72.31783 -0.00339527516353
72.41286 -0.00339527516353
72.50789 -0.00339527516353
72.60292 -0.00339527516353
72.69795 -0.00339527516353
72.79298 -0.00339527516353
72.88801 -0.00339527516353
72.98304 -0.00339527516353
73.07807 -0.00339527516353
73.1731 -0.00339527516353
73.26813 -0.00339527516353
73.36316 -0.00339527516353
73.45819 -0.00339527516353
73.55322 -0.00339527516353
73.64825 -0.00339527516353
73.74328 -0.00339527516353
73.83831 -0.00339527516353
73.93334 -0.00339527516353
74.02837 -0.00339527516353
74.1234 -0.00339527516353
74.21843 -0.00339527516353
74.31346 -0.00339527516353
74.40849 -0.00339527516353
74.50352 -0.00339527516353
74.59855 -0.00339527516353
74.69358 -0.00339527516353
74.78861 -0.00339527516353
74.88364 -0.00339527516353
74.97867 -0.00339527516353
75.0737 -0.00339527516353
75.16873 -0.00339527516353
75.26376 -0.00339527516353
75.35879 -0.00339527516353
75.45382 -0.00339527516353
75.54885 -0.00339527516353
75.64388 -0.00339527516353
75.73891 -0.00339527516353
75.83394 -0.00339527516353
75.92897 -0.00339527516353
76.024 -0.00339527516353
76.11903 -0.00339527516353
76.21406 -0.00339527516353
76.30909 -0.00339527516353
76.40412 -0.00339527516353
76.49915 -0.00339527516353
76.59418 -0.00339527516353
76.68921 -0.00339527516353
76.78424 -0.00339527516353
76.87927 -0.00339527516353
76.9743 -0.00339527516353
77.06933 -0.00339527516353
77.16436 -0.00339527516353
77.25939 -0.00339527516353
77.35442 -0.00339527516353
77.44945 -0.00339527516353
77.54448 -0.00339527516353
77.63951 -0.00339527516353
77.73454 -0.00339527516353
77.82957 -0.00339527516353
77.9246 -0.00339527516353
78.01963 -0.00339527516353
78.11466 -0.00339527516353
78.20969 -0.00339527516353
78.30472 -0.00339527516353
78.39975 -0.00339527516353
78.49478 -0.00339527516353
78.58981 -0.00339527516353
78.68484 -0.00339527516353
78.77987 -0.00339527516353
78.8749 -0.00339527516353
78.96993 -0.00339527516353
79.06496 -0.00339527516353
79.15999 -0.00339527516353
79.25502 -0.00339527516353
79.35005 -0.00339527516353
79.44508 -0.00339527516353
79.54011 -0.00339527516353
79.63514 -0.00339527516353
79.73017 -0.00339527516353
79.8252 -0.00339527516353
79.92023 -0.00339527516353
80.01526 -0.00339527516353
80.11029 -0.00339527516353
80.20532 -0.00339527516353
80.30035 -0.00339527516353
80.39538 -0.00339527516353
80.49041 -0.00339527516353
80.58544 -0.00339527516353
80.68047 -0.00339527516353
80.7755 -0.00339527516353
80.87053 -0.00339527516353
80.96556 -0.00339527516353
81.06059 -0.00339527516353
81.15562 -0.00339527516353
81.25065 -0.00339527516353
81.34568 -0.00339527516353
81.44071 -0.00339527516353
81.53574 -0.00339527516353
81.63077 -0.00339527516353
81.7258 -0.00339527516353
81.82083 -0.00339527516353
81.91586 -0.00339527516353
82.01089 -0.00339527516353
82.10592 -0.00339527516353
82.20095 -0.00339527516353
82.29598 -0.00339527516353
82.39101 -0.00339527516353
82.48604 -0.00339527516353
82.58107 -0.00339527516353
82.6761 -0.00339527516353
82.77113 -0.00339527516353
82.86616 -0.00339527516353
82.96119 -0.00339527516353
83.05622 -0.00339527516353
83.15125 -0.00339527516353
83.24628 -0.00339527516353
83.34131 -0.00339527516353
83.43634 -0.00339527516353
83.53137 -0.00339527516353
83.6264 -0.00339527516353
83.72143 -0.00339527516353
83.81646 -0.00339527516353
83.91149 -0.00339527516353
84.00652 -0.00339527516353
84.10155 -0.00339527516353
84.19658 -0.00339527516353
84.29161 -0.00339527516353
84.38664 -0.00339527516353
84.48167 -0.00339527516353
84.5767 -0.00339527516353
84.67173 -0.00339527516353
84.76676 -0.00339527516353
84.86179 -0.00339527516353
84.95682 -0.00339527516353
85.05185 -0.00339527516353
85.14688 -0.00339527516353
85.24191 -0.00339527516353
85.33694 -0.00339527516353
85.43197 -0.00339527516353
85.527 -0.00339527516353
85.62203 -0.00339527516353
85.71706 -0.00339527516353
85.81209 -0.00339527516353
85.90712 -0.00339527516353
86.00215 -0.00339527516353
86.09718 -0.00339527516353
86.19221 -0.00339527516353
86.28724 -0.00339527516353
86.38227 -0.00339527516353
86.4773 -0.00339527516353
86.57233 -0.00339527516353
86.66736 -0.00339527516353
86.76239 -0.00339527516353
86.85742 -0.00339527516353
86.95245 -0.00339527516353
87.04748 -0.00339527516353
87.14251 -0.00339527516353
87.23754 -0.00339527516353
87.33257 -0.00339527516353
87.4276 -0.00339527516353
87.52263 -0.00339527516353
87.61766 -0.00339527516353
87.71269 -0.00339527516353
87.80772 -0.00339527516353
87.90275 -0.00339527516353
87.99778 -0.00339527516353
88.09281 -0.00339527516353
88.18784 -0.00339527516353
88.28287 -0.00339527516353
88.3779 -0.00339527516353
88.47293 -0.00339527516353
88.56796 -0.00339527516353
88.66299 -0.00339527516353
88.75802 -0.00339527516353
88.85305 -0.00339527516353
88.94808 -0.00339527516353
89.04311 -0.00339527516353
89.13814 -0.00339527516353
89.23317 -0.00339527516353
89.3282 -0.00339527516353
89.42323 -0.00339527516353
89.51826 -0.00339527516353
89.61329 -0.00339527516353
89.70832 -0.00339527516353
89.80335 -0.00339527516353
89.89838 -0.00339527516353
89.99341 -0.00339527516353
90.08844 -0.00339527516353
90.18347 -0.00339527516353
90.2785 -0.00339527516353
90.37353 -0.00339527516353
90.46856 -0.00339527516353
90.56359 -0.00339527516353
90.65862 -0.00339527516353
90.75365 -0.00339527516353
90.84868 -0.00339527516353
90.94371 -0.00339527516353
91.03874 -0.00339527516353
91.13377 -0.00339527516353
91.2288 -0.00339527516353
91.32383 -0.00339527516353
91.41886 -0.00339527516353
91.51389 -0.00339527516353
91.60892 -0.00339527516353
91.70395 -0.00339527516353
91.79898 -0.00339527516353
91.89401 -0.00339527516353
91.98904 -0.00339527516353
92.08407 -0.00339527516353
92.1791 -0.00339527516353
92.27413 -0.00339527516353
92.36916 -0.00339527516353
92.46419 -0.00339527516353
92.55922 -0.00339527516353
92.65425 -0.00339527516353
92.74928 -0.00339527516353
92.84431 -0.00339527516353
92.93934 -0.00339527516353
93.03437 -0.00339527516353
93.1294 -0.00339527516353
93.22443 -0.00339527516353
93.31946 -0.00339527516353
93.41449 -0.00339527516353
93.50952 -0.00339527516353
93.60455 -0.00339527516353
93.69958 -0.00339527516353
93.79461 -0.00339527516353
93.88964 -0.00339527516353
93.98467 -0.00339527516353
94.0797 -0.00339527516353
94.17473 -0.00339527516353
94.26976 -0.00339527516353
94.36479 -0.00339527516353
94.45982 -0.00339527516353
94.55485 -0.00339527516353
94.64988 -0.00339527516353
94.74491 -0.00339527516353
94.83994 -0.00339527516353
94.93497 -0.00339527516353
95.03 -0.00339527516353
95.12503 -0.00339527516353
95.22006 -0.00339527516353
95.31509 -0.00339527516353
95.41012 -0.00339527516353
95.50515 -0.00339527516353
95.60018 -0.00339527516353
95.69521 -0.00339527516353
95.79024 -0.00339527516353
95.88527 -0.00339527516353
95.9803 -0.00339527516353
96.07533 -0.00339527516353
96.17036 -0.00339527516353
96.26539 -0.00339527516353
96.36042 -0.00339527516353
96.45545 -0.00339527516353
96.55048 -0.00339527516353
96.64551 -0.00339527516353
96.74054 -0.00339527516353
96.83557 -0.00339527516353
96.9306 -0.00339527516353
97.02563 -0.00339527516353
97.12066 -0.00339527516353
97.21569 -0.00339527516353
