0.0 -0.437662009413
0.09465 -0.0125609340312
0.1893 0.40125582918
0.28395 0.735410642034
0.3786 0.945995711206
0.47325 1.02693280011
0.5679 1.00651717049
0.66255 0.930056763464
0.7572 0.837271163179
0.85185 0.744176190515
0.9465 0.637559931279
1.04115 0.484476271974
1.1358 0.251806002432
1.23045 -0.072419175943
1.3251 -0.464595976292
1.41975 -0.865360355717
1.5144 -1.19549718282
1.60905 -1.38117892713
1.7037 -1.37353632179
1.79835 -1.15193807942
1.893 -0.717785411651
1.98765 -0.0931006509588
2.0823 0.671755895862
2.17695 1.48718658523
2.2716 2.21700919162
2.36625 2.68277594986
2.4609 2.69116039981
2.55555 2.08674040989
2.6502 0.81364528379
2.74485 -1.03934056466
2.8395 -3.22570033352
2.93415 -5.36176756896
3.0288 -6.97851877741
3.12345 -7.60426082123
3.2181 -6.8770438478
3.31275 -4.66924137933
3.4074 -1.17976435537
3.50205 3.05750130324
3.5967 7.27081257064
3.69135 10.6295165936
3.786 12.4498147533
3.88065 12.3655508287
3.9753 10.4149542843
4.06995 7.01928363535
4.1646 2.86007647293
4.25925 -1.30786966739
4.3539 -4.84921182819
4.44855 -7.38544048957
4.5432 -8.83627808102
4.63785 -9.36180445703
4.7325 -9.23904401999
4.82715 -8.7269754322
4.9218 -7.9724813848
5.01645 -6.98794675246
5.1111 -5.6970945108
5.20575 -4.01673268325
5.3004 -1.93309302754
5.39505 0.457794296124
5.4897 2.95665837727
5.58435 5.30702159506
5.679 7.26049726201
5.77365 8.6363162972
5.8683 9.35384641598
5.96295 9.4285769888
6.0576 8.9382285551
6.15225 7.97850688439
6.2469 6.6309323009
6.34155 4.95687734491
6.4362 3.01703680308
6.53085 0.901734975916
6.6255 -1.24882855677
6.72015 -3.25040438478
6.8148 -4.90893507002
6.90945 -6.0709612491
7.0041 -6.6696065257
7.09875 -6.74671607839
7.1934 -6.44076027322
7.28805 -5.94273575469
7.3827 -5.43436070093
7.47735 -5.03003511424
7.572 -4.7435282956
7.66665 -4.49179302071
7.7613 -4.13398667327
7.85595 -3.52997211995
7.9506 -2.59547560163
8.04525 -1.33356916983
8.1399 0.166903891006
8.23455 1.76152004557
8.3292 3.2944738177
8.42385 4.63915694022
8.5185 5.72135948008
8.61315 6.51967468256
8.7078 7.04709411946
8.80245 7.32442814601
8.8971 7.35792986416
8.99175 7.13045605363
9.0864 6.60907762978
9.18105 5.76474269004
9.2757 4.59449755271
9.37035 3.13640237034
9.465 1.47141394824
9.55965 -0.287571807759
9.6543 -2.01439387387
9.74895 -3.58913882068
9.8436 -4.91343277643
9.93825 -5.91971478264
10.0329 -6.57498313971
10.12755 -6.88005006002
10.2222 -6.86487217784
10.31685 -6.58024327862
10.4115 -6.08657484616
10.50615 -5.44147385447
10.6008 -4.68902792807
10.69545 -3.85431755564
10.7901 -2.94568330084
10.88475 -1.96450753653
10.9794 -0.918842686943
11.07405 0.165006035327
11.1687 1.23853812225
11.26335 2.23746444676
11.358 3.0967219634
11.45265 3.76816584239
11.5473 4.23329412544
11.64195 4.50541636364
11.7366 4.62057499441
11.83125 4.62164605524
11.9259 4.54279274879
12.02055 4.40065439072
12.1152 4.19494514303
12.20985 3.9164261734
12.3045 3.55688304404
12.39915 3.11545200351
12.4938 2.59842533502
12.58845 2.01388067038
12.6831 1.36570884382
12.77775 0.652070862913
12.8724 -0.129276497146
12.96705 -0.970612106304
13.0617 -1.84423296678
13.15635 -2.69895919598
13.251 -3.46670333838
13.34565 -4.07786673836
13.4403 -4.47984587064
13.53495 -4.6510861481
13.6296 -4.6049012357
13.72425 -4.38180660063
13.8189 -4.03414516413
13.91355 -3.6098587226
14.0082 -3.14197034037
14.10285 -2.64701438031
14.1975 -2.1311112978
14.29215 -1.59898502035
14.3868 -1.06057312828
14.48145 -0.532040486376
14.5761 -0.0315683444589
14.67075 0.426791366617
14.7654 0.837168195257
14.86005 1.20146423445
14.9547 1.52503811837
15.04935 1.81143197353
15.144 2.05956955774
15.23865 2.26519489685
15.3333 2.42556561026
15.42795 2.54423260802
15.5226 2.63244847054
15.61725 2.70556305083
15.7119 2.7756737333
15.80655 2.84414248393
15.9012 2.89801433823
15.99585 2.91258212327
16.0905 2.85928251963
16.18515 2.71542834071
16.2798 2.47142070895
16.37445 2.13247984594
16.4691 1.71479015536
16.56375 1.23870354922
16.6584 0.722815907577
16.75305 0.181766104981
16.8477 -0.371855926933
16.94235 -0.923613623238
17.037 -1.45458195517
17.13165 -1.94232612362
17.2263 -2.36554945451
17.32095 -2.71007473232
17.4156 -2.97278048578
17.51025 -3.16104445731
17.6049 -3.2876455351
17.69955 -3.36358903112
17.7942 -3.39251633836
17.88885 -3.36954261788
17.9835 -3.28497205309
18.07815 -3.13069577273
18.1728 -2.90565446848
18.26745 -2.61733789114
18.3621 -2.27856612834
18.45675 -1.90148512332
18.5514 -1.49231343274
18.64605 -1.05000265164
18.7407 -0.569820327544
18.83535 -0.0501136022322
18.93 0.501326342989
19.02465 1.06479753407
19.1193 1.61165750124
19.21395 2.1114914535
19.3086 2.54012908136
19.40325 2.88482407962
19.4979 3.14447891709
19.59255 3.32537982117
19.6872 3.43509796426
19.78185 3.47786938877
19.8765 3.45362075714
19.97115 3.36058462006
20.0658 3.19942896529
20.16045 2.9761227672
20.2551 2.7016997312
20.34975 2.38905304692
20.4444 2.04871598692
20.53905 1.6861976327
20.6337 1.30251218798
20.72835 0.897627264623
20.823 0.474788199702
20.91765 0.0430894418197
21.0123 -0.383386355224
21.10695 -0.789586320082
21.2016 -1.16453831532
21.29625 -1.50462727854
21.3909 -1.81318080118
21.48555 -2.09644114579
21.5802 -2.35800291951
21.67485 -2.59469888373
21.7695 -2.7962107789
21.86415 -2.94873430087
21.9588 -3.04087867572
22.05345 -3.06877942849
22.1481 -3.03778302852
22.24275 -2.95981256575
22.3374 -2.84771303966
22.43205 -2.70936157943
22.5267 -2.54436931211
22.62135 -2.34483262441
22.716 -2.09957643226
22.81065 -1.79972937721
22.9053 -1.44306098238
22.99995 -1.03540014462
23.0946 -0.589062687765
23.18925 -0.119634616438
23.2839 0.357035179782
23.37855 0.826341295197
23.4732 1.27481911184
23.56785 1.68937505772
23.6625 2.05710117438
23.75715 2.36637258606
23.8518 2.60891562956
23.94645 2.78172614281
24.0411 2.88762311488
24.13575 2.93390396517
24.2304 2.92961149377
24.32505 2.88269950834
24.4197 2.79842717661
24.51435 2.67959263736
24.609 2.52815767044
24.70365 2.34704039461
24.7983 2.14081781395
24.89295 1.91480576051
24.9876 1.67304370634
25.08225 1.41647844764
25.1769 1.14264915148
25.27155 0.847396312223
25.3662 0.527975572713
25.46085 0.186098880085
25.5555 -0.170652785008
25.65015 -0.529833431753
25.7448 -0.87713519397
25.83945 -1.19998181724
25.9341 -1.49006163002
26.02875 -1.74377341307
26.1234 -1.96068848715
26.21805 -2.14113725773
26.3127 -2.28436573348
26.40735 -2.38822508504
26.502 -2.45036950494
26.59665 -2.47003426518
26.6913 -2.44916738221
26.78595 -2.39214729995
26.8806 -2.3042391431
26.97525 -2.18975816904
27.0699 -2.0511213846
27.16455 -1.88943693649
27.2592 -1.70631003161
27.35385 -1.50570890121
27.4485 -1.2945493431
27.54315 -1.08127534434
27.6378 -0.872830153913
27.73245 -0.671421111751
27.8271 -0.472807971381
27.92175 -0.267264589818
28.0164 -0.0431365721122
28.11105 0.208344759034
28.2057 0.488983790526
28.30035 0.791973847038
28.395 1.10328348981
28.48965 1.40524785274
28.5843 1.68089224064
28.67895 1.91726554733
28.7736 2.10649424017
28.86825 2.24493730166
28.9629 2.33147083562
29.05755 2.3662074152
29.1522 2.35042772392
29.24685 2.28756978994
29.3415 2.18433775967
29.43615 2.05080435915
29.5308 1.89888924617
29.62545 1.73951142533
29.7201 1.57953084296
29.81475 1.41986535632
29.9094 1.25574203301
30.00405 1.07912621122
30.0987 0.882417242899
30.19335 0.661957708149
30.288 0.420005657395
30.38265 0.164486267185
30.4773 -0.0932577146959
30.57195 -0.341756635143
30.6666 -0.572488892504
30.76125 -0.781689181365
30.8559 -0.97039481269
30.95055 -1.14288103921
31.0452 -1.30413492388
31.13985 -1.45723956872
31.2345 -1.60148185862
31.32915 -1.7317336783
31.4238 -1.8392868065
31.51845 -1.91392867183
31.6131 -1.94669826209
31.70775 -1.93253007471
31.8024 -1.87195787705
31.89705 -1.77126749024
31.9917 -1.64094678225
32.08635 -1.49286348077
32.181 -1.33709894273
32.27565 -1.1795575882
32.3703 -1.02123262541
32.46495 -0.859392639399
32.5596 -0.690194203987
32.65425 -0.511643750554
32.7489 -0.325687847028
32.84355 -0.138576304852
32.9382 0.040640282555
33.03285 0.202861929911
33.1275 0.341851904823
33.22215 0.456216487371
33.3168 0.54978079435
33.41145 0.630325336984
33.5061 0.707214666735
33.60075 0.788735899395
33.6954 0.879914700135
33.79005 0.981285904421
33.8847 1.08873928953
33.97935 1.19429022894
34.074 1.2875022845
34.16865 1.35728053408
34.2633 1.3937797887
34.35795 1.39016956581
34.4526 1.34396796516
34.54725 1.25765479531
34.6419 1.1383641823
34.73655 0.996656034224
34.8312 0.844619787056
34.92585 0.693767957208
35.0205 0.553233014136
35.11515 0.428656111294
35.2098 0.321906110636
35.30445 0.231508672316
35.3991 0.153511119238
35.49375 0.0825067663059
35.5884 0.0126514679449
35.68305 -0.061373157109
35.7777 -0.143451672868
35.87235 -0.235242347779
35.967 -0.335664450196
36.06165 -0.440879094417
36.1563 -0.544898962244
36.25095 -0.640761698372
36.3456 -0.721969792479
36.44025 -0.783762411098
36.5349 -0.823829064027
36.62955 -0.842294574209
36.7242 -0.841097668477
36.81885 -0.823108127111
36.9135 -0.791373066212
37.00815 -0.748739635923
37.1028 -0.697857010048
37.19745 -0.641352161452
37.2921 -0.58191133843
37.38675 -0.522105143399
37.4814 -0.463995839697
37.57605 -0.408735540882
37.6707 -0.356399668605
37.76535 -0.306179769984
37.86 -0.256856032016
37.95465 -0.207306952446
38.0493 -0.156794163248
38.14395 -0.104902736704
38.2386 -0.0512413162865
38.33325 0.00482276383505
38.4279 0.0641118237985
38.52255 0.127165472704
38.6172 0.193514303495
38.71185 0.261077171448
38.8065 0.326078400948
38.90115 0.383675943767
38.9958 0.429153879694
39.09045 0.459234184636
39.1851 0.47296402746
39.27975 0.471798407071
39.3744 0.458851696499
39.46905 0.437664297517
39.5637 0.411039184385
39.65835 0.38044658403
39.753 0.346204621582
39.84765 0.308265066888
39.9423 0.267151326406
40.03695 0.224542610213
40.1316 0.183190328308
40.22625 0.146188092268
40.3209 0.115929270591
40.41555 0.0932291751619
40.5102 0.0770043673628
40.60485 0.0646418774043
40.6995 0.052887556598
40.79415 0.0388773228897
40.8888 0.0209123829558
40.98345 -0.00126825356642
41.0781 -0.026725621628
41.17275 -0.0538692994525
41.2674 -0.0810303411902
41.36205 -0.106827677177
41.4567 -0.130245402391
41.55135 -0.150494685476
41.646 -0.166822965427
41.74065 -0.178424261394
41.8353 -0.184519814165
41.92995 -0.184572687097
42.0246 -0.17852838777
42.11925 -0.166964433359
42.2139 -0.151078257927
42.30855 -0.132513382049
42.4032 -0.113082458457
42.49785 -0.0944705225173
42.5925 -0.0779912022735
42.68715 -0.0644374452298
42.7818 -0.054035623522
42.87645 -0.0464905819962
42.9711 -0.041101407438
43.06575 -0.0369272314482
43.1604 -0.0329812824087
43.25505 -0.0284260485475
43.3497 -0.0227357057769
43.44435 -0.0157908753844
43.539 -0.00788118072781
43.63365 0.000386847396388
43.7283 0.00825192968066
43.82295 0.0149843915699
43.9176 0.0200446130711
44.01225 0.0231733427421
44.1069 0.0243987557779
44.20155 0.0239731686104
44.2962 0.0222724400538
44.39085 0.0196967468258
44.4855 0.0166026235275
44.58015 0.0132784578376
44.6748 0.00995694382058
44.76945 0.00684513603166
44.8641 0.00414925576778
44.95875 0.00207710083886
45.0534 0.00081271986678
45.14805 0.000471282406712
45.2427 0.00105199989084
45.33735 0.00240992046547
45.432 0.0042621983238
45.52665 0.0062327824829
45.6213 0.00792571624941
45.71595 0.00900672280109
45.8106 0.00926960070462
45.90525 0.00866927036514
45.9999 0.00731471988245
46.09455 0.00542789354272
46.1892 0.00328389510792
46.28385 0.00115080979378
46.3785 -0.000756040094458
46.47315 -0.00229804759829
46.5678 -0.00341606099181
46.66245 -0.00411801586685
46.7571 -0.00445942478365
46.85175 -0.00452338830361
46.9464 -0.00440391046727
47.04105 -0.00419351954294
47.1357 -0.00397451776589
47.23035 -0.00381272394202
47.325 -0.00375285082896
47.41965 -0.00375285082896
47.5143 -0.00375285082896
47.60895 -0.00375285082896
47.7036 -0.00375285082896
47.79825 -0.00375285082896
47.8929 -0.00375285082896
47.98755 -0.00375285082896
48.0822 -0.00375285082896
48.17685 -0.00375285082896
48.2715 -0.00375285082896
48.36615 -0.00375285082896
48.4608 -0.00375285082896
48.55545 -0.00375285082896
48.6501 -0.00375285082896
48.74475 -0.00375285082896
48.8394 -0.00375285082896
48.93405 -0.00375285082896
49.0287 -0.00375285082896
49.12335 -0.00375285082896
49.218 -0.00375285082896
49.31265 -0.00375285082896
49.4073 -0.00375285082896
49.50195 -0.00375285082896
49.5966 -0.00375285082896
49.69125 -0.00375285082896
49.7859 -0.00375285082896
49.88055 -0.00375285082896
49.9752 -0.00375285082896
50.06985 -0.00375285082896
50.1645 -0.00375285082896
50.25915 -0.00375285082896
50.3538 -0.00375285082896
50.44845 -0.00375285082896
50.5431 -0.00375285082896
50.63775 -0.00375285082896
50.7324 -0.00375285082896
50.82705 -0.00375285082896
50.9217 -0.00375285082896
51.01635 -0.00375285082896
51.111 -0.00375285082896
51.20565 -0.00375285082896
51.3003 -0.00375285082896
51.39495 -0.00375285082896
51.4896 -0.00375285082896
51.58425 -0.00375285082896
51.6789 -0.00375285082896
51.77355 -0.00375285082896
51.8682 -0.00375285082896
51.96285 -0.00375285082896
52.0575 -0.00375285082896
52.15215 -0.00375285082896
52.2468 -0.00375285082896
52.34145 -0.00375285082896
52.4361 -0.00375285082896
52.53075 -0.00375285082896
52.6254 -0.00375285082896
52.72005 -0.00375285082896
52.8147 -0.00375285082896
52.90935 -0.00375285082896
53.004 -0.00375285082896
53.09865 -0.00375285082896
53.1933 -0.00375285082896
53.28795 -0.00375285082896
53.3826 -0.00375285082896
53.47725 -0.00375285082896
53.5719 -0.00375285082896
53.66655 -0.00375285082896
53.7612 -0.00375285082896
53.85585 -0.00375285082896
53.9505 -0.00375285082896
54.04515 -0.00375285082896
54.1398 -0.00375285082896
54.23445 -0.00375285082896
54.3291 -0.00375285082896
54.42375 -0.00375285082896
54.5184 -0.00375285082896
54.61305 -0.00375285082896
54.7077 -0.00375285082896
54.80235 -0.00375285082896
54.897 -0.00375285082896
54.99165 -0.00375285082896
55.0863 -0.00375285082896
55.18095 -0.00375285082896
55.2756 -0.00375285082896
55.37025 -0.00375285082896
55.4649 -0.00375285082896
55.55955 -0.00375285082896
55.6542 -0.00375285082896
55.74885 -0.00375285082896
55.8435 -0.00375285082896
55.93815 -0.00375285082896
56.0328 -0.00375285082896
56.12745 -0.00375285082896
56.2221 -0.00375285082896
56.31675 -0.00375285082896
56.4114 -0.00375285082896
56.50605 -0.00375285082896
56.6007 -0.00375285082896
56.69535 -0.00375285082896
56.79 -0.00375285082896
56.88465 -0.00375285082896
56.9793 -0.00375285082896
57.07395 -0.00375285082896
57.1686 -0.00375285082896
57.26325 -0.00375285082896
57.3579 -0.00375285082896
57.45255 -0.00375285082896
57.5472 -0.00375285082896
57.64185 -0.00375285082896
57.7365 -0.00375285082896
57.83115 -0.00375285082896
57.9258 -0.00375285082896
58.02045 -0.00375285082896
58.1151 -0.00375285082896
58.20975 -0.00375285082896
58.3044 -0.00375285082896
58.39905 -0.00375285082896
58.4937 -0.00375285082896
58.58835 -0.00375285082896
58.683 -0.00375285082896
58.77765 -0.00375285082896
58.8723 -0.00375285082896
58.96695 -0.00375285082896
59.0616 -0.00375285082896
59.15625 -0.00375285082896
59.2509 -0.00375285082896
59.34555 -0.00375285082896
59.4402 -0.00375285082896
59.53485 -0.00375285082896
59.6295 -0.00375285082896
59.72415 -0.00375285082896
59.8188 -0.00375285082896
59.91345 -0.00375285082896
60.0081 -0.00375285082896
60.10275 -0.00375285082896
60.1974 -0.00375285082896
60.29205 -0.00375285082896
60.3867 -0.00375285082896
60.48135 -0.00375285082896
60.576 -0.00375285082896
60.67065 -0.00375285082896
60.7653 -0.00375285082896
60.85995 -0.00375285082896
60.9546 -0.00375285082896
61.04925 -0.00375285082896
61.1439 -0.00375285082896
61.23855 -0.00375285082896
61.3332 -0.00375285082896
61.42785 -0.00375285082896
61.5225 -0.00375285082896
61.61715 -0.00375285082896
61.7118 -0.00375285082896
61.80645 -0.00375285082896
61.9011 -0.00375285082896
61.99575 -0.00375285082896
62.0904 -0.00375285082896
62.18505 -0.00375285082896
62.2797 -0.00375285082896
62.37435 -0.00375285082896
62.469 -0.00375285082896
62.56365 -0.00375285082896
62.6583 -0.00375285082896
62.75295 -0.00375285082896
62.8476 -0.00375285082896
62.94225 -0.00375285082896
63.0369 -0.00375285082896
63.13155 -0.00375285082896
63.2262 -0.00375285082896
63.32085 -0.00375285082896
63.4155 -0.00375285082896
63.51015 -0.00375285082896
63.6048 -0.00375285082896
63.69945 -0.00375285082896
63.7941 -0.00375285082896
63.88875 -0.00375285082896
63.9834 -0.00375285082896
64.07805 -0.00375285082896
64.1727 -0.00375285082896
64.26735 -0.00375285082896
64.362 -0.00375285082896
64.45665 -0.00375285082896
64.5513 -0.00375285082896
64.64595 -0.00375285082896
64.7406 -0.00375285082896
64.83525 -0.00375285082896
64.9299 -0.00375285082896
65.02455 -0.00375285082896
65.1192 -0.00375285082896
65.21385 -0.00375285082896
65.3085 -0.00375285082896
65.40315 -0.00375285082896
65.4978 -0.00375285082896
65.59245 -0.00375285082896
65.6871 -0.00375285082896
65.78175 -0.00375285082896
65.8764 -0.00375285082896
65.97105 -0.00375285082896
66.0657 -0.00375285082896
66.16035 -0.00375285082896
66.255 -0.00375285082896
66.34965 -0.00375285082896
66.4443 -0.00375285082896
66.53895 -0.00375285082896
66.6336 -0.00375285082896
66.72825 -0.00375285082896
66.8229 -0.00375285082896
66.91755 -0.00375285082896
67.0122 -0.00375285082896
67.10685 -0.00375285082896
67.2015 -0.00375285082896
67.29615 -0.00375285082896
67.3908 -0.00375285082896
67.48545 -0.00375285082896
67.5801 -0.00375285082896
67.67475 -0.00375285082896
67.7694 -0.00375285082896
67.86405 -0.00375285082896
67.9587 -0.00375285082896
68.05335 -0.00375285082896
68.148 -0.00375285082896
68.24265 -0.00375285082896
68.3373 -0.00375285082896
68.43195 -0.00375285082896
68.5266 -0.00375285082896
68.62125 -0.00375285082896
68.7159 -0.00375285082896
68.81055 -0.00375285082896
68.9052 -0.00375285082896
68.99985 -0.00375285082896
69.0945 -0.00375285082896
69.18915 -0.00375285082896
69.2838 -0.00375285082896
69.37845 -0.00375285082896
69.4731 -0.00375285082896
69.56775 -0.00375285082896
69.6624 -0.00375285082896
69.75705 -0.00375285082896
69.8517 -0.00375285082896
69.94635 -0.00375285082896
70.041 -0.00375285082896
70.13565 -0.00375285082896
70.2303 -0.00375285082896
70.32495 -0.00375285082896
70.4196 -0.00375285082896
70.51425 -0.00375285082896
70.6089 -0.00375285082896
70.70355 -0.00375285082896
70.7982 -0.00375285082896
70.89285 -0.00375285082896
70.9875 -0.00375285082896
71.08215 -0.00375285082896
71.1768 -0.00375285082896
71.27145 -0.00375285082896
71.3661 -0.00375285082896
71.46075 -0.00375285082896
71.5554 -0.00375285082896
71.65005 -0.00375285082896
71.7447 -0.00375285082896
71.83935 -0.00375285082896
71.934 -0.00375285082896
72.02865 -0.00375285082896
72.1233 -0.00375285082896
72.21795 -0.00375285082896
72.3126 -0.00375285082896
72.40725 -0.00375285082896
72.5019 -0.00375285082896
72.59655 -0.00375285082896
72.6912 -0.00375285082896
72.78585 -0.00375285082896
72.8805 -0.00375285082896
72.97515 -0.00375285082896
73.0698 -0.00375285082896
73.16445 -0.00375285082896
73.2591 -0.00375285082896
73.35375 -0.00375285082896
73.4484 -0.00375285082896
73.54305 -0.00375285082896
73.6377 -0.00375285082896
73.73235 -0.00375285082896
73.827 -0.00375285082896
73.92165 -0.00375285082896
74.0163 -0.00375285082896
74.11095 -0.00375285082896
74.2056 -0.00375285082896
74.30025 -0.00375285082896
74.3949 -0.00375285082896
74.48955 -0.00375285082896
74.5842 -0.00375285082896
74.67885 -0.00375285082896
74.7735 -0.00375285082896
74.86815 -0.00375285082896
74.9628 -0.00375285082896
75.05745 -0.00375285082896
75.1521 -0.00375285082896
75.24675 -0.00375285082896
75.3414 -0.00375285082896
75.43605 -0.00375285082896
75.5307 -0.00375285082896
75.62535 -0.00375285082896
75.72 -0.00375285082896
75.81465 -0.00375285082896
75.9093 -0.00375285082896
76.00395 -0.00375285082896
76.0986 -0.00375285082896
76.19325 -0.00375285082896
76.2879 -0.00375285082896
76.38255 -0.00375285082896
76.4772 -0.00375285082896
76.57185 -0.00375285082896
76.6665 -0.00375285082896
76.76115 -0.00375285082896
76.8558 -0.00375285082896
76.95045 -0.00375285082896
77.0451 -0.00375285082896
77.13975 -0.00375285082896
77.2344 -0.00375285082896
77.32905 -0.00375285082896
77.4237 -0.00375285082896
77.51835 -0.00375285082896
77.613 -0.00375285082896
77.70765 -0.00375285082896
77.8023 -0.00375285082896
77.89695 -0.00375285082896
77.9916 -0.00375285082896
78.08625 -0.00375285082896
78.1809 -0.00375285082896
78.27555 -0.00375285082896
78.3702 -0.00375285082896
78.46485 -0.00375285082896
78.5595 -0.00375285082896
78.65415 -0.00375285082896
78.7488 -0.00375285082896
78.84345 -0.00375285082896
78.9381 -0.00375285082896
79.03275 -0.00375285082896
79.1274 -0.00375285082896
79.22205 -0.00375285082896
79.3167 -0.00375285082896
79.41135 -0.00375285082896
79.506 -0.00375285082896
79.60065 -0.00375285082896
79.6953 -0.00375285082896
79.78995 -0.00375285082896
79.8846 -0.00375285082896
79.97925 -0.00375285082896
80.0739 -0.00375285082896
80.16855 -0.00375285082896
80.2632 -0.00375285082896
80.35785 -0.00375285082896
80.4525 -0.00375285082896
80.54715 -0.00375285082896
80.6418 -0.00375285082896
80.73645 -0.00375285082896
80.8311 -0.00375285082896
80.92575 -0.00375285082896
81.0204 -0.00375285082896
81.11505 -0.00375285082896
81.2097 -0.00375285082896
81.30435 -0.00375285082896
81.399 -0.00375285082896
81.49365 -0.00375285082896
81.5883 -0.00375285082896
81.68295 -0.00375285082896
81.7776 -0.00375285082896
81.87225 -0.00375285082896
81.9669 -0.00375285082896
82.06155 -0.00375285082896
82.1562 -0.00375285082896
82.25085 -0.00375285082896
82.3455 -0.00375285082896
82.44015 -0.00375285082896
82.5348 -0.00375285082896
82.62945 -0.00375285082896
82.7241 -0.00375285082896
82.81875 -0.00375285082896
82.9134 -0.00375285082896
83.00805 -0.00375285082896
83.1027 -0.00375285082896
83.19735 -0.00375285082896
83.292 -0.00375285082896
83.38665 -0.00375285082896
83.4813 -0.00375285082896
83.57595 -0.00375285082896
83.6706 -0.00375285082896
83.76525 -0.00375285082896
83.8599 -0.00375285082896
83.95455 -0.00375285082896
84.0492 -0.00375285082896
84.14385 -0.00375285082896
84.2385 -0.00375285082896
84.33315 -0.00375285082896
84.4278 -0.00375285082896
84.52245 -0.00375285082896
84.6171 -0.00375285082896
84.71175 -0.00375285082896
84.8064 -0.00375285082896
84.90105 -0.00375285082896
84.9957 -0.00375285082896
85.09035 -0.00375285082896
85.185 -0.00375285082896
85.27965 -0.00375285082896
85.3743 -0.00375285082896
85.46895 -0.00375285082896
85.5636 -0.00375285082896
85.65825 -0.00375285082896
85.7529 -0.00375285082896
85.84755 -0.00375285082896
85.9422 -0.00375285082896
86.03685 -0.00375285082896
86.1315 -0.00375285082896
86.22615 -0.00375285082896
86.3208 -0.00375285082896
86.41545 -0.00375285082896
86.5101 -0.00375285082896
86.60475 -0.00375285082896
86.6994 -0.00375285082896
86.79405 -0.00375285082896
86.8887 -0.00375285082896
86.98335 -0.00375285082896
87.078 -0.00375285082896
87.17265 -0.00375285082896
87.2673 -0.00375285082896
87.36195 -0.00375285082896
87.4566 -0.00375285082896
87.55125 -0.00375285082896
87.6459 -0.00375285082896
87.74055 -0.00375285082896
87.8352 -0.00375285082896
87.92985 -0.00375285082896
88.0245 -0.00375285082896
88.11915 -0.00375285082896
88.2138 -0.00375285082896
88.30845 -0.00375285082896
88.4031 -0.00375285082896
88.49775 -0.00375285082896
88.5924 -0.00375285082896
88.68705 -0.00375285082896
88.7817 -0.00375285082896
88.87635 -0.00375285082896
88.971 -0.00375285082896
89.06565 -0.00375285082896
89.1603 -0.00375285082896
89.25495 -0.00375285082896
89.3496 -0.00375285082896
89.44425 -0.00375285082896
89.5389 -0.00375285082896
89.63355 -0.00375285082896
89.7282 -0.00375285082896
89.82285 -0.00375285082896
89.9175 -0.00375285082896
90.01215 -0.00375285082896
90.1068 -0.00375285082896
90.20145 -0.00375285082896
90.2961 -0.00375285082896
90.39075 -0.00375285082896
90.4854 -0.00375285082896
90.58005 -0.00375285082896
90.6747 -0.00375285082896
90.76935 -0.00375285082896
90.864 -0.00375285082896
90.95865 -0.00375285082896
91.0533 -0.00375285082896
91.14795 -0.00375285082896
91.2426 -0.00375285082896
91.33725 -0.00375285082896
91.4319 -0.00375285082896
91.52655 -0.00375285082896
91.6212 -0.00375285082896
91.71585 -0.00375285082896
91.8105 -0.00375285082896
91.90515 -0.00375285082896
91.9998 -0.00375285082896
92.09445 -0.00375285082896
92.1891 -0.00375285082896
92.28375 -0.00375285082896
92.3784 -0.00375285082896
92.47305 -0.00375285082896
92.5677 -0.00375285082896
92.66235 -0.00375285082896
92.757 -0.00375285082896
92.85165 -0.00375285082896
92.9463 -0.00375285082896
93.04095 -0.00375285082896
93.1356 -0.00375285082896
93.23025 -0.00375285082896
93.3249 -0.00375285082896
93.41955 -0.00375285082896
93.5142 -0.00375285082896
93.60885 -0.00375285082896
93.7035 -0.00375285082896
93.79815 -0.00375285082896
93.8928 -0.00375285082896
93.98745 -0.00375285082896
94.0821 -0.00375285082896
94.17675 -0.00375285082896
94.2714 -0.00375285082896
94.36605 -0.00375285082896
94.4607 -0.00375285082896
94.55535 -0.00375285082896
94.65 -0.00375285082896
94.74465 -0.00375285082896
94.8393 -0.00375285082896
94.93395 -0.00375285082896
95.0286 -0.00375285082896
95.12325 -0.00375285082896
95.2179 -0.00375285082896
95.31255 -0.00375285082896
95.4072 -0.00375285082896
95.50185 -0.00375285082896
95.5965 -0.00375285082896
95.69115 -0.00375285082896
95.7858 -0.00375285082896
95.88045 -0.00375285082896
95.9751 -0.00375285082896
96.06975 -0.00375285082896
96.1644 -0.00375285082896
96.25905 -0.00375285082896
96.3537 -0.00375285082896
96.44835 -0.00375285082896
96.543 -0.00375285082896
96.63765 -0.00375285082896
96.7323 -0.00375285082896
96.82695 -0.00375285082896
