0 -0.00274228
0.0995343 -0.0303677
0.199069 -0.0612019
0.298603 -0.0825062
0.398137 -0.0805226
0.497671 -0.0447924
0.597206 0.0278769
0.69674 0.130819
0.796274 0.247004
0.895808 0.350998
0.995343 0.413341
1.09488 0.406792
1.19441 0.313261
1.29395 0.129752
1.39348 -0.128376
1.49301 -0.42795
1.59255 -0.722268
1.69208 -0.957892
1.79162 -1.08214
1.89115 -1.04995
1.99069 -0.830016
2.09022 -0.411561
2.18975 0.186982
2.28929 0.907659
2.38882 1.64472
2.48836 2.24518
2.58789 2.5259
2.68742 2.31133
2.78696 1.48853
2.88649 0.0660778
2.98603 -1.78395
3.08556 -3.72326
3.1851 -5.2977
3.28463 -6.03845
3.38416 -5.59204
3.4837 -3.84168
3.58323 -0.978175
3.68277 2.51048
3.7823 5.93794
3.88184 8.58443
3.98137 9.88117
4.0809 9.55787
4.18044 7.70697
4.27997 4.74458
4.37951 1.28234
4.47904 -2.04581
4.57858 -4.74491
4.67811 -6.55809
4.77764 -7.47827
4.87718 -7.68006
4.97671 -7.40695
5.07625 -6.86156
5.17578 -6.13937
5.27532 -5.22499
5.37485 -4.04191
5.47438 -2.52663
5.57392 -0.69108
5.67345 1.35314
5.77299 3.41525
5.87252 5.27706
5.97206 6.75014
6.07159 7.71422
6.17112 8.12444
6.27066 7.99211
6.37019 7.35559
6.46973 6.2605
6.56926 4.7598
6.6688 2.93131
6.76833 0.897925
6.86786 -1.16693
6.9674 -3.05925
7.06693 -4.58706
7.16647 -5.61996
7.266 -6.12411
7.36553 -6.1662
7.46507 -5.88306
7.5646 -5.4287
7.66414 -4.92066
7.76367 -4.40716
7.86321 -3.86662
7.96274 -3.23676
8.06227 -2.4575
8.16181 -1.50759
8.26134 -0.419898
8.36088 0.728856
8.46041 1.84576
8.55995 2.85217
8.65948 3.70312
8.75901 4.38891
8.85855 4.92163
8.95808 5.31549
9.05762 5.57121
9.15715 5.67047
9.25669 5.58063
9.35622 5.26502
9.45575 4.69352
9.55529 3.8503
9.65482 2.73886
9.75436 1.38672
9.85389 -0.149433
9.95343 -1.77978
10.053 -3.38308
10.1525 -4.8183
10.252 -5.94683
10.3516 -6.66063
10.4511 -6.90731
10.5506 -6.70249
10.6502 -6.12386
10.7497 -5.28837
10.8492 -4.32055
10.9488 -3.32339
11.0483 -2.36116
11.1478 -1.45797
11.2474 -0.609207
11.3469 0.201662
11.4464 0.988655
11.546 1.7558
11.6455 2.49654
11.745 3.1967
11.8446 3.83701
11.9441 4.39365
12.0436 4.83786
12.1432 5.13742
12.2427 5.26174
12.3422 5.18994
12.4418 4.91832
12.5413 4.46316
12.6409 3.85668
12.7404 3.13738
12.8399 2.33949
12.9395 1.48665
13.039 0.593109
13.1385 -0.328552
13.2381 -1.25798
13.3376 -2.16156
13.4371 -2.99472
13.5367 -3.71143
13.6362 -4.27634
13.7357 -4.67333
13.8353 -4.90614
13.9348 -4.99095
14.0343 -4.94495
14.1339 -4.77719
14.2334 -4.48641
14.3329 -4.06677
14.4325 -3.51823
14.532 -2.85553
14.6315 -2.11094
14.7311 -1.32911
14.8306 -0.556365
14.9301 0.170362
15.0297 0.830083
15.1292 1.41753
15.2287 1.93735
15.3283 2.3964
15.4278 2.79811
15.5273 3.14103
15.6269 3.42098
15.7264 3.63431
15.8259 3.77986
15.9255 3.85825
16.025 3.86955
16.1245 3.81122
16.2241 3.67817
16.3236 3.46525
16.4232 3.17072
16.5227 2.79883
16.6222 2.35975
16.7218 1.86711
16.8213 1.33466
16.9208 0.774104
17.0204 0.195408
17.1199 -0.390902
17.2194 -0.971141
17.319 -1.52772
17.4185 -2.04126
17.518 -2.49482
17.6176 -2.87804
17.7171 -3.18895
17.8166 -3.43219
17.9162 -3.61445
18.0157 -3.73945
18.1152 -3.80511
18.2148 -3.80421
18.3143 -3.72811
18.4138 -3.57155
18.5134 -3.33574
18.6129 -3.02843
18.7124 -2.66104
18.812 -2.24457
18.9115 -1.78671
19.011 -1.29149
19.1106 -0.761559
19.2101 -0.20164
19.3096 0.378883
19.4092 0.965514
19.5087 1.54049
19.6082 2.08584
19.7078 2.58604
19.8073 3.02917
19.9069 3.40644
20.0064 3.71078
20.1059 3.93573
20.2055 4.0752
20.305 4.12438
20.4045 4.08088
20.5041 3.94566
20.6036 3.72312
20.7031 3.42057
20.8027 3.04755
20.9022 2.61541
21.0017 2.13705
21.1013 1.62658
21.2008 1.09824
21.3003 0.564768
21.3999 0.0355543
21.4994 -0.484321
21.5989 -0.99347
21.6985 -1.49184
21.798 -1.97742
21.8975 -2.44339
21.9971 -2.87708
22.0966 -3.26139
22.1961 -3.57816
22.2957 -3.81219
22.3952 -3.95437
22.4947 -4.00288
22.5943 -3.96229
22.6938 -3.84124
22.7933 -3.64991
22.8929 -3.39798
22.9924 -3.09359
23.0919 -2.74294
23.1915 -2.35039
23.291 -1.91855
23.3905 -1.44884
23.4901 -0.942699
23.5896 -0.403449
23.6892 0.161334
23.7887 0.738043
23.8882 1.30679
23.9878 1.84329
24.0873 2.32276
24.1868 2.72458
24.2864 3.03641
24.3859 3.25611
24.4854 3.391
24.585 3.45477
24.6845 3.46303
24.784 3.42911
24.8836 3.36112
24.9831 3.26098
25.0826 3.1252
25.1822 2.94706
25.2817 2.7194
25.3812 2.43742
25.4808 2.10094
25.5803 1.71569
25.6798 1.29321
25.7794 0.849318
25.8789 0.401467
25.9784 -0.034569
26.078 -0.447513
26.1775 -0.832062
26.277 -1.18845
26.3766 -1.52021
26.4761 -1.831
26.5756 -2.12156
26.6752 -2.38803
26.7747 -2.62221
26.8742 -2.81345
26.9738 -2.95169
27.0733 -3.03017
27.1729 -3.04729
27.2724 -3.00678
27.3719 -2.91647
27.4715 -2.78612
27.571 -2.62493
27.6705 -2.43946
27.7701 -2.23251
27.8696 -2.00301
27.9691 -1.74711
28.0687 -1.46001
28.1682 -1.13828
28.2677 -0.781916
28.3673 -0.395696
28.4668 0.0106474
28.5663 0.423484
28.6659 0.827348
28.7654 1.20743
28.8649 1.55182
28.9645 1.853
29.064 2.10814
29.1635 2.31842
29.2631 2.48748
29.3626 2.61952
29.4621 2.71752
29.5617 2.78195
29.6612 2.81024
29.7607 2.79732
29.8603 2.737
29.9598 2.62407
30.0593 2.45639
30.1589 2.23644
30.2584 1.97165
30.3579 1.67339
30.4575 1.35483
30.557 1.0284
30.6566 0.703754
30.7561 0.386844
30.8556 0.0803591
30.9552 -0.214943
31.0547 -0.498667
31.1542 -0.769695
31.2538 -1.02589
31.3533 -1.26446
31.4528 -1.48251
31.5524 -1.67727
31.6519 -1.84598
31.7514 -1.98559
31.851 -2.09269
31.9505 -2.16417
32.05 -2.19834
32.1496 -2.19607
32.2491 -2.16122
32.3486 -2.0998
32.4482 -2.01809
32.5477 -1.92033
32.6472 -1.80713
32.7468 -1.6754
32.8463 -1.52004
32.9458 -1.33664
33.0454 -1.12419
33.1449 -0.886479
33.2444 -0.631786
33.344 -0.370866
33.4435 -0.1143
33.543 0.129778
33.6426 0.356798
33.7421 0.565537
33.8416 0.757029
33.9412 0.933263
34.0407 1.09621
34.1402 1.24731
34.2398 1.38716
34.3393 1.51518
34.4389 1.62911
34.5384 1.7246
34.6379 1.79542
34.7375 1.83448
34.837 1.83566
34.9365 1.7958
35.0361 1.71614
35.1356 1.60226
35.2351 1.46271
35.3347 1.30659
35.4342 1.14112
35.5337 0.970229
35.6333 0.794605
35.7328 0.613119
35.8323 0.424827
35.9319 0.230663
36.0314 0.0341202
36.1309 -0.159264
36.2305 -0.343234
36.33 -0.512297
36.4295 -0.662746
36.5291 -0.792923
36.6286 -0.902823
36.7281 -0.993352
36.8277 -1.06564
36.9272 -1.12059
37.0267 -1.15873
37.1263 -1.18024
37.2258 -1.18502
37.3253 -1.17277
37.4249 -1.14321
37.5244 -1.09628
37.6239 -1.03249
37.7235 -0.953188
37.823 -0.860584
37.9226 -0.75761
38.0221 -0.647482
38.1216 -0.533256
38.2212 -0.417516
38.3207 -0.302307
38.4202 -0.189297
38.5198 -0.0800045
38.6193 0.0240654
38.7188 0.121459
38.8184 0.210952
38.9179 0.291732
39.0174 0.363436
39.117 0.426008
39.2165 0.479438
39.316 0.52354
39.4156 0.557905
39.5151 0.582056
39.6146 0.595726
39.7142 0.599098
39.8137 0.592863
39.9132 0.578065
40.0128 0.55582
40.1123 0.527057
40.2118 0.492409
40.3114 0.452302
40.4109 0.407168
40.5104 0.357655
40.61 0.304725
40.7095 0.249611
40.809 0.19367
40.9086 0.138221
41.0081 0.0844523
41.1076 0.0333952
41.2072 -0.0140565
41.3067 -0.0571466
41.4062 -0.095296
41.5058 -0.128162
41.6053 -0.155671
41.7049 -0.177979
41.8044 -0.195364
41.9039 -0.20811
42.0035 -0.216419
42.103 -0.220421
42.2025 -0.22025
42.3021 -0.21614
42.4016 -0.208481
42.5011 -0.197794
42.6007 -0.184653
42.7002 -0.169601
42.7997 -0.15311
42.8993 -0.135606
42.9988 -0.117513
43.0983 -0.0992898
43.1979 -0.0813982
43.2974 -0.0642353
43.3969 -0.0480614
43.4965 -0.0329836
43.596 -0.0190149
43.6955 -0.00617818
43.7951 0.00540978
43.8946 0.0155319
43.9941 0.0239537
44.0937 0.030549
44.1932 0.0353892
44.2927 0.0387364
44.3923 0.0409361
44.4918 0.0422691
44.5913 0.0428512
44.6909 0.0426394
44.7904 0.0415408
44.8899 0.0395548
44.9895 0.0368571
45.089 0.033769
45.1886 0.0306295
45.2881 0.0276473
45.3876 0.0248267
45.4872 0.0220148
45.5867 0.019043
45.6862 0.0158737
45.7858 0.0126603
45.8853 0.00968109
45.9848 0.00718688
46.0844 0.00525839
46.1839 0.0037641
46.2834 0.00244737
46.383 0.00108997
46.4825 -0.000349956
46.582 -0.00171283
46.6816 -0.00274257
46.7811 -0.00325657
46.8806 -0.00327368
46.9802 -0.00301812
47.0797 -0.00279461
47.1792 -0.00281117
47.2788 -0.00306033
47.3783 -0.00333391
47.4778 -0.00336351
47.5774 -0.00299941
47.6769 -0.0023157
47.7764 -0.00157456
47.876 -0.00107075
47.9755 -0.000952959
48.075 -0.00113426
48.1746 -0.0013488
48.2741 -0.00132047
48.3736 -0.000938492
48.4732 -0.000329636
48.5727 0.000219133
48.6723 0.000440081
48.7718 0.000254055
48.8713 -0.00017692
48.9709 -0.000547929
49.0704 -0.000599848
49.1699 -0.000280629
49.2695 0.000222277
49.369 0.000599605
49.4685 0.000615151
49.5681 0.000255908
49.6676 -0.000257184
49.7671 -0.000605579
49.8667 -0.000571906
49.9662 -0.000176756
50.0657 0.000332863
50.1653 0.00063712
50.2648 0.000543529
50.3643 0.000108351
50.4639 -0.000397381
50.5634 -0.000656781
50.6629 -0.000505722
50.7625 -3.66744e-05
50.862 0.000457907
50.9615 0.000667976
51.0611 0.000460296
51.1606 -3.70582e-05
51.2601 -0.000513689
51.3597 -0.000670629
51.4592 -0.000407901
51.5587 0.00011181
51.6583 0.0005639
51.7578 0.000664622
51.8573 0.000349197
51.9569 -0.000186549
52.0564 -0.000607776
52.1559 -0.00064993
52.2555 -0.000284918
52.355 0.000260243
52.4546 0.000644631
52.5541 0.000626644
52.6536 0.000215869
52.7532 -0.000331878
52.8527 -0.000673879
52.9522 -0.000594973
53.0518 -0.000142924
53.1513 0.000400462
53.2508 0.000695032
53.3504 0.000555237
53.4499 6.70099e-05
53.5494 -0.000465044
53.649 -0.000707711
53.7485 -0.000507865
53.848 1.09041e-05
53.9476 0.000524724
54.0471 0.000711647
54.1466 0.000453392
54.2462 -8.98183e-05
54.3457 -0.000578661
54.4452 -0.000706688
54.5448 -0.000392446
54.6443 0.000168716
54.7438 0.000626088
54.8434 0.000692796
54.9429 0.000325744
55.0424 -0.000246574
55.142 -0.000666318
55.2415 -0.000670051
55.341 -0.000254081
55.4406 0.000322382
55.5401 0.000698756
55.6396 0.000638646
55.7392 0.00017832
55.8387 -0.000395145
55.9383 -0.0007229
56.0378 -0.000598886
56.1373 -9.93814e-05
56.2369 0.000463905
56.3364 0.000738355
56.4359 0.000551188
56.5355 1.8233e-05
56.635 -0.000527748
56.7345 -0.000744832
56.8341 -0.000496069
56.9336 6.41249e-05
57.0331 0.000585817
57.1327 0.000742153
57.2322 0.000434143
57.3317 -0.000146669
57.4313 -0.000637321
57.5308 -0.000730257
57.6303 -0.000366116
57.7299 0.000228369
57.8294 0.000681547
57.9289 0.000709195
58.0285 0.000292774
58.128 -0.000308194
58.2275 -0.000717867
58.3271 -0.000679133
58.4266 -0.000214974
58.5261 0.000385132
58.6257 0.000745746
58.7252 0.000640352
58.8247 0.000133636
58.9243 -0.000458199
59.0238 -0.000764752
59.1233 -0.000593241
59.2229 -4.97307e-05
59.3224 0.000526449
59.422 0.000774557
59.5215 0.000538296
59.621 -3.57334e-05
59.7206 -0.000588991
59.8201 -0.000774944
59.9196 -0.000476111
60.0192 0.000121719
60.1187 0.000644995
60.2182 0.000765809
60.3178 0.000407377
60.4173 -0.000207175
60.5168 -0.000693704
60.6164 -0.000747165
60.7159 -0.000332867
60.8154 0.000291048
60.915 0.000734443
61.0145 0.00071914
61.114 0.000253434
61.2136 -0.000372293
61.3131 -0.00076663
61.4126 -0.000681976
61.5122 -0.000169995
61.6117 0.000449889
61.7112 0.00078978
61.8108 0.000636029
61.9103 8.35267e-05
62.0098 -0.000522852
62.1094 -0.000803512
62.2089 -0.000581765
62.3084 4.95027e-06
62.408 0.00059024
62.5075 0.000807558
62.607 0.000519753
62.7066 -9.43813e-05
62.8061 -0.000651174
62.9056 -0.000801761
63.0052 -0.000450663
63.1047 0.00018369
63.2043 0.000704842
63.3038 0.000786083
63.4033 0.000375252
63.5029 -0.000271792
63.6024 -0.000750512
63.7019 -0.000760602
63.8015 -0.000294365
63.901 0.000357605
64.0005 0.000787538
64.1001 0.000725515
64.1996 0.000208919
64.2991 -0.000440064
64.3987 -0.000815375
64.4982 -0.000681137
64.5977 -0.000119894
64.6973 0.000518134
64.7968 0.000833578
64.8963 0.000627896
64.9959 2.83236e-05
65.0954 -0.000590819
65.1949 -0.000841814
65.2945 -0.000566328
65.394 6.47168e-05
65.4935 0.000657179
65.5931 0.000839864
65.6926 0.000497076
65.7921 -0.000158123
65.8917 -0.000716337
65.9912 -0.000827628
66.0907 -0.000420882
66.1903 0.000250775
66.2898 0.000767491
66.3893 0.000805127
66.4889 0.000338577
66.5884 -0.000341547
66.688 -0.000809927
66.7875 -0.000772502
66.887 -0.000251073
66.9866 0.000429324
67.0861 0.000843024
67.1856 0.000730018
67.2852 0.000159357
67.3847 -0.000513014
67.4842 -0.000866264
67.5838 -0.000678056
67.6833 -6.44742e-05
67.7828 0.000591557
67.8824 0.000879238
67.9819 0.000617116
68.0814 -3.24779e-05
68.181 -0.000663944
68.2805 -0.000881655
68.38 -0.000547809
68.4796 0.000130364
68.5791 0.000729224
68.6786 0.000873343
68.7782 0.000470851
68.8777 -0.000228025
68.9772 -0.000786516
69.0768 -0.000854253
69.1763 -0.00038706
69.2758 0.000324288
69.3754 0.000835024
69.4749 0.000824463
69.5744 0.00029734
69.674 -0.000417981
69.7735 -0.000874043
69.873 -0.000784177
69.9726 -0.000202681
70.0721 0.000507946
70.1716 0.000902968
70.2712 0.000733724
70.3707 0.000104142
70.4703 -0.000593055
70.5698 -0.000921306
70.6693 -0.000673556
70.7689 -2.84211e-06
70.8684 0.000672217
70.9679 0.000928679
71.0675 0.000604246
71.167 -0.00010005
71.2665 -0.000744398
71.3661 -0.000924833
71.4656 -0.000526482
71.5651 0.000203333
71.6647 0.000808628
71.7642 0.000909637
71.8637 0.000441057
71.9633 -0.000305779
72.0628 -0.000864018
72.1623 -0.000883096
72.2619 -0.00034887
72.3614 0.000406156
72.4609 0.000909764
72.5605 0.00084534
72.66 0.000250908
72.7595 -0.000503234
72.8591 -0.000945165
72.9586 -0.000796637
73.0581 -0.000148242
73.1577 0.000595803
73.2572 0.000969628
73.3567 0.000737383
73.4563 4.20153e-05
73.5558 -0.000682685
73.6553 -0.000982674
73.7549 -0.000668101
73.8544 6.65705e-05
73.954 0.00076275
74.0535 0.000983954
74.153 0.000589443
74.2526 -0.000176266
74.3521 -0.000834927
74.4516 -0.000973243
74.5512 -0.000502175
74.6507 0.000285788
74.7502 0.000898218
74.8498 0.000950454
74.9493 0.00040718
75.0488 -0.000393834
75.1484 -0.00095171
75.2479 -0.000915635
75.3474 -0.000305441
75.447 0.000499095
75.5465 0.000994587
75.646 0.000868977
75.7456 0.000198038
75.8451 -0.00060027
75.9446 -0.00102614
76.0442 -0.000810806
76.1437 -8.61366e-05
76.2432 0.000696082
76.3428 0.00104577
76.4423 0.000741588
76.5418 -2.90265e-05
76.6414 -0.000785292
76.7409 -0.00105303
76.8404 -0.000661924
76.94 0.000146153
77.0395 0.000866713
77.139 0.00104756
77.2386 0.000572546
77.3381 -0.000263898
77.4377 -0.000939223
77.5372 -0.00102918
77.6367 -0.00047431
77.7363 0.000380882
77.8358 0.00100178
77.9353 0.000997837
78.0349 0.000368192
78.1344 -0.000495708
78.2339 -0.00105344
78.3335 -0.00095362
78.433 -0.000255274
78.5325 0.000606975
78.6321 0.00109335
78.7316 0.000896775
78.8311 0.00013674
78.9307 -0.000713293
79.0302 -0.00112078
79.1297 -0.00082769
79.2293 -1.38633e-05
79.3288 0.000813297
79.4283 0.00113513
79.5279 0.000746904
79.6274 -0.00011201
79.7269 -0.000905668
79.8265 -0.00113594
79.926 -0.000655097
80.0255 0.000239467
80.1251 0.00098914
80.2246 0.00112287
80.3241 0.000553089
80.4237 -0.000367047
80.5232 -0.00106252
80.6227 -0.00109574
80.7223 -0.000441833
80.8218 0.000493256
80.9213 0.00112471
81.0209 0.00105454
81.1204 0.000322408
81.22 -0.000616579
81.3195 -0.00117469
81.419 -0.000999398
81.5186 -0.00019601
81.6181 0.000735498
81.7176 0.00121157
81.8172 0.0009306
81.9167 6.39408e-05
82.0162 -0.000848508
82.1158 -0.00123459
82.2153 -0.0008486
82.3148 7.24035e-05
82.4144 0.000954133
82.5139 0.0012431
82.6134 0.000754005
82.713 -0.000211544
82.8125 -0.00105094
82.912 -0.00123662
83.0116 -0.000647578
83.1111 0.000351933
83.2106 0.00113756
83.3102 0.00121482
83.4097 0.000530234
83.5092 -0.00049197
83.6088 -0.0012127
83.7083 -0.00117751
83.8078 -0.000403028
83.9074 0.000630016
84.0069 0.00127516
84.1064 0.00112468
84.206 0.000267154
84.3055 -0.00076441
84.405 -0.00132385
84.5046 -0.00105648
84.6041 -0.000123932
84.7037 0.000893485
84.8032 0.00135777
84.9027 0.000973263
85.0023 -2.52019e-05
85.1018 -0.00101559
85.2013 -0.00137611
85.3009 -0.00087551
85.4004 0.000178706
85.4999 0.00112909
85.5995 0.00137814
85.699 0.000763898
85.7985 -0.000334948
85.8981 -0.0012324
85.9976 -0.00136334
86.0971 -0.000639265
86.1967 0.000492219
86.2962 0.00132402
86.3957 0.00133132
86.4953 0.000502617
86.5948 -0.000648747
86.6943 -0.00140249
86.7939 -0.00128186
86.8934 -0.000355112
86.9929 0.000802716
87.0925 0.00146647
87.192 0.00121495
87.2915 0.000198062
87.3911 -0.000952278
87.4906 -0.00151473
87.5901 -0.00113072
87.6897 -3.29189e-05
87.7892 0.00109558
87.8887 0.00154615
87.9883 0.00102952
88.0878 -0.000138737
88.1873 -0.00123075
88.2869 -0.00155976
88.3864 -0.000911849
88.486 0.000315207
88.5855 0.00135599
88.685 0.00155474
88.7846 0.000778427
88.8841 -0.000494686
88.9836 -0.00146948
89.0832 -0.00153043
89.1827 -0.000630133
89.2822 0.00067528
89.3818 0.0015695
89.4813 0.00148633
89.5808 0.000468032
89.6804 -0.000855019
89.7799 -0.00165439
89.8794 -0.00142213
89.979 -0.000293358
90.0785 0.00103188
90.178 0.00172258
90.2776 0.00133769
90.3771 0.000107511
90.4766 -0.00120378
90.5762 -0.00177261
90.6757 -0.00123309
90.7752 8.79565e-05
90.8748 0.00136863
90.9743 0.00180315
91.0738 0.00110855
91.1734 -0.000291347
91.2729 -0.00152433
91.3724 -0.00181297
91.472 -0.000964538
91.5715 0.000500831
91.671 0.00166879
91.7706 0.00180101
91.8701 0.000801665
91.9697 -0.000714463
92.0692 -0.00179992
92.1687 -0.00176635
92.2683 -0.000620747
92.3678 0.000930194
92.4673 0.0019157
92.5669 0.00170824
92.6664 0.000422773
92.7659 -0.00114589
92.8655 -0.00201417
92.965 -0.00162609
93.0645 -0.0002089
93.1641 0.00135934
93.2636 0.00209341
93.3631 0.00151946
93.4627 -1.95611e-05
93.5622 -0.0015683
93.6617 -0.0021516
93.7613 -0.00138808
93.8608 0.000261159
93.9603 0.00177047
94.0599 0.00218701
94.1594 0.00123183
94.2589 -0.000514324
94.3585 -0.00196354
94.458 -0.00219801
94.5575 -0.00105074
94.6571 0.00077739
94.7566 0.00214521
94.8561 0.00218302
94.9557 0.000844925
95.0552 -0.00104862
95.1547 -0.0023132
95.2543 -0.00214061
95.3538 -0.000614624
95.4534 0.00132626
95.5529 0.00246527
95.6524 0.00206937
95.752 0.000360099
95.8515 -0.00160855
95.951 -0.00259922
96.0506 -0.00196794
96.1501 -8.15948e-05
96.2496 0.00189383
96.3492 0.00271295
96.4487 0.00183498
96.5482 -0.000220752
96.6478 -0.00218058
96.7473 -0.00280441
96.8468 -0.00166903
96.9464 0.000547047
97.0459 0.00246756
97.1454 0.00287169
97.245 0.00146847
97.3445 -0.000897837
97.444 -0.00275395
97.5436 -0.00291297
97.6431 -0.00123127
97.7426 0.00127442
97.8422 0.00303964
97.9417 0.00292655
98.0412 0.000954736
98.1408 -0.00167933
98.2403 -0.00332559
98.3398 -0.00291089
98.4394 -0.000634951
98.5389 0.00211721
98.6384 0.00361458
98.738 0.00286457
98.8375 0.00026589
98.937 -0.00259632
99.0366 -0.00391242
99.1361 -0.00278631
99.2357 0.000162326
99.3352 0.00313139
99.4347 0.00423037
99.5343 0.00267496
99.6338 -0.000666938
99.7333 -0.00374959
99.8329 -0.0045901
99.9324 -0.00252922
100.032 0.00128029
100.131 0.0045036
100.231 0.00503481
100.331 0.00234692
100.43 -0.00206881
100.53 -0.00550428
100.629 -0.00565721
100.729 -0.00212179
100.828 0.00318599
100.928 0.00701362
101.027 0.00668052
101.127 0.00182972
101.226 -0.00504916
101.326 -0.00976355
101.425 -0.00874326
101.525 -0.00135635
101.624 0.00906765
101.724 0.0162079
101.824 0.0134574
