0.0 -0.276925657648
0.094276 0.0788751707815
0.188552 0.432766266073
0.282828 0.730119857177
0.377104 0.928246363334
0.47138 1.01101724292
0.565656 0.991836418757
0.659932 0.90443403687
0.754208 0.786126992034
0.848484 0.660649781104
0.94276 0.528556947893
1.037036 0.3699889243
1.131312 0.158380184326
1.225588 -0.120461684059
1.319864 -0.451943259973
1.41414 -0.787839462205
1.508416 -1.05772041504
1.602692 -1.19241736033
1.696968 -1.14539711783
1.791244 -0.899856837171
1.88552 -0.465008400909
1.979796 0.126861442951
2.074072 0.818200748204
2.168348 1.52211607864
2.262624 2.11931505562
2.3569 2.46093272738
2.451176 2.38764360188
2.545452 1.76992813663
2.639728 0.558407472824
2.734004 -1.17560747912
2.82828 -3.22225408005
2.922556 -5.24117428567
3.016832 -6.79790053993
3.111108 -7.43427172552
3.205384 -6.77640016718
3.29966 -4.6644044258
3.393936 -1.25776964163
3.488212 2.93987619033
3.582488 7.16494322479
3.676764 10.5688001873
3.77104 12.4301100269
3.865316 12.3400211426
3.959592 10.3055383585
4.053868 6.74116074967
4.148144 2.35157070279
4.24242 -2.05857152532
4.336696 -5.78772516405
4.430972 -8.38952660306
4.525248 -9.72987218942
4.619524 -9.94273170798
4.7138 -9.31603366403
4.808076 -8.15982316874
4.902352 -6.70796365003
4.996628 -5.08364459444
5.090904 -3.32634508357
5.18518 -1.45092685672
5.279456 0.497785854256
5.373732 2.42006095657
5.468008 4.17217882279
5.562284 5.60346143217
5.65656 6.60066673573
5.750836 7.11999395485
5.845112 7.19299369142
5.939388 6.90397073242
6.033664 6.34961803637
6.12794 5.60015417902
6.222216 4.6803846719
6.316492 3.57910429584
6.410768 2.28117929528
6.505044 0.805505178838
6.59932 -0.771207180829
6.693596 -2.3181047475
6.787872 -3.6810865394
6.882148 -4.72791724994
6.976424 -5.38862489282
7.0707 -5.67499256741
7.164976 -5.67181080357
7.259252 -5.50315328097
7.353528 -5.28596327669
7.447804 -5.08780740441
7.54208 -4.90430312012
7.636356 -4.66464310851
7.730632 -4.26262038612
7.824908 -3.60044554621
7.919184 -2.62804844726
8.01346 -1.36331727305
8.107736 0.112338787765
8.202012 1.6782594225
8.296288 3.20690646553
8.390564 4.59155267939
8.48484 5.7603922973
8.579116 6.67477407232
8.673392 7.31594491044
8.767668 7.66874753385
8.861944 7.71088615032
8.95622 7.41318067087
9.050496 6.7509666267
9.144772 5.72141697298
9.239048 4.35844159173
9.333324 2.73783625592
9.4276 0.969952271962
9.521876 -0.817378987284
9.616152 -2.49916161435
9.710428 -3.97000022942
9.804704 -5.15366507343
9.89898 -6.00587702243
9.993256 -6.51306468194
10.087532 -6.68961642279
10.181808 -6.57433859379
10.276084 -6.22514789645
10.37036 -5.71061072509
10.464636 -5.09803712691
10.558912 -4.4401150666
10.653188 -3.76429798686
10.747464 -3.06962617229
10.84174 -2.33349623218
10.936016 -1.52683829334
11.030292 -0.632249889182
11.124568 0.342123118326
11.218844 1.35879990943
11.31312 2.35895054133
11.407396 3.27854731221
11.501672 4.06533639823
11.595948 4.68926103977
11.690224 5.14263425681
11.7845 5.43158687391
11.878776 5.56434793741
11.973052 5.54286805129
12.067328 5.36191915135
12.161604 5.01542493691
12.25588 4.50574387249
12.350156 3.85011059104
12.444432 3.08022377041
12.538708 2.2349907623
12.632984 1.35040166461
12.72726 0.452208976378
12.821536 -0.444433661498
12.915812 -1.32819137865
13.010088 -2.18167680867
13.104364 -2.97461732462
13.19864 -3.66485678858
13.292916 -4.20787852482
13.387192 -4.5708327767
13.481468 -4.74429901914
13.575744 -4.74574833917
13.67002 -4.61258075572
13.764296 -4.387707819
13.858572 -4.10431020703
13.952848 -3.77673266918
14.047124 -3.40132329514
14.1414 -2.96602644378
14.235676 -2.4632962168
14.329952 -1.89956675674
14.424228 -1.29667419263
14.518504 -0.685029880612
14.61278 -0.0926193053071
14.707056 0.464174410432
14.801332 0.983245404346
14.895608 1.47197458227
14.989884 1.93802809858
15.08416 2.38096718928
15.178436 2.78914307976
15.272712 3.14323596536
15.366988 3.42411910398
15.461264 3.6205135446
15.55554 3.7322834043
15.649816 3.7678703977
15.744092 3.73771343077
15.838368 3.64765631127
15.932644 3.49615797054
16.02692 3.2767769997
16.121196 2.98429699133
16.215472 2.62077169577
16.309748 2.19786323647
16.404024 1.73403010215
16.4983 1.24812008835
16.592576 0.753015529503
16.686852 0.252971203433
16.781128 -0.2538165598
16.875404 -0.768875091116
16.96968 -1.28702129217
17.063956 -1.79363490897
17.158232 -2.26742368116
17.252508 -2.68739343685
17.346784 -3.04032428357
17.44106 -3.32465497858
17.535336 -3.54853668845
17.629612 -3.72293511397
17.723888 -3.85334321479
17.818164 -3.93445913358
17.91244 -3.95065951969
18.006716 -3.88208476801
18.100992 -3.71326799073
18.195268 -3.44000809999
18.289544 -3.07122160432
18.38382 -2.62519972801
18.478096 -2.12257533023
18.572372 -1.57984344524
18.666648 -1.00671981198
18.760924 -0.40834879928
18.8552 0.209329175701
18.949476 0.834405816355
19.043752 1.44716105438
19.138028 2.02276431138
19.232304 2.53722852394
19.32658 2.9735947216
19.420856 3.32527325483
19.515132 3.59505013976
19.609408 3.7905594489
19.703684 3.91876017316
19.79796 3.98223629362
19.892236 3.97889979457
19.986512 3.90469186563
20.080788 3.75729116947
20.175064 3.53850973495
20.26934 3.25409323303
20.363616 2.91136682069
20.457892 2.51653507049
20.552168 2.07365028569
20.646444 1.58619992325
20.74072 1.06056753158
20.834996 0.509296620271
20.929272 -0.0480738977315
21.023548 -0.587698287516
21.117824 -1.08689876225
21.2121 -1.53014864079
21.306376 -1.91287285064
21.400652 -2.24131198497
21.494928 -2.52849053301
21.589204 -2.78805525523
21.68348 -3.02855401053
21.777756 -3.25027658748
21.872032 -3.44540994718
21.966308 -3.60074778798
22.060584 -3.70131257259
22.15486 -3.73335116085
22.249136 -3.68602911164
22.343412 -3.55214792513
22.437688 -3.32871081569
22.531964 -3.01790219569
22.62624 -2.62827068048
22.720516 -2.17520147946
22.814792 -1.67968122857
22.909068 -1.16505497094
23.003344 -0.652599000103
23.09762 -0.15761458836
23.191896 0.312205798843
23.286172 0.755321727327
23.380448 1.17247067831
23.474724 1.56231612724
23.569 1.91888284158
23.663276 2.23218934753
23.757552 2.49184581559
23.851828 2.69179509252
23.946104 2.83367723496
24.04038 2.92688773521
24.134656 2.98500438016
24.228932 3.0200732795
24.323208 3.03735114526
24.417484 3.03293840409
24.51176 2.99539089782
24.606036 2.91054445307
24.700312 2.76734235362
24.794588 2.56210759422
24.888864 2.2995711101
24.98314 1.99057184205
25.077416 1.6478672958
25.171692 1.28220669382
25.265968 0.900442319945
25.360244 0.506265115665
25.45452 0.102803410631
25.548796 -0.304506303715
25.643072 -0.706328278283
25.737348 -1.08987832263
25.831624 -1.44112164234
25.9259 -1.74765626066
26.020176 -2.00107974651
26.114452 -2.19808537803
26.208728 -2.34023218293
26.303004 -2.43286647481
26.39728 -2.48379285679
26.491556 -2.50203888357
26.585832 -2.49669251181
26.680108 -2.47561134834
26.774384 -2.44394227717
26.86866 -2.402742325
26.962936 -2.34828519234
27.057212 -2.27261777119
27.151488 -2.16552892916
27.245764 -2.01748264172
27.34004 -1.82257233374
27.434316 -1.5804599737
27.528592 -1.2966533126
27.622868 -0.981168637194
27.717144 -0.646277651746
27.81142 -0.304319056212
27.905696 0.033659580973
27.999972 0.358235347949
28.094248 0.661322318049
28.188524 0.935954947181
28.2828 1.1766613112
28.377076 1.38033818845
28.471352 1.54728972007
28.565628 1.68159027905
28.659904 1.78996137875
28.75418 1.87949856239
28.848456 1.95497050256
28.942732 2.01682654505
29.037008 2.0608552393
29.131284 2.07975857078
29.22556 2.06606556658
29.319836 2.01521360432
29.414112 1.92756083186
29.508388 1.8085768918
29.602664 1.66724448415
29.69694 1.51341566542
29.791216 1.35519379381
29.885492 1.1972547931
29.979768 1.04051645258
30.074044 0.882989229366
30.16832 0.721260056672
30.262596 0.551994839218
30.356872 0.373041472528
30.451148 0.184003776705
30.545424 -0.0136339926156
30.6397 -0.21670014617
30.733976 -0.420775833953
30.828252 -0.620873882695
30.922528 -0.812313530371
31.016804 -0.991613609168
31.11108 -1.15708437559
31.205356 -1.30878016043
31.299632 -1.44765984729
31.393908 -1.57414827522
31.488184 -1.68664043158
31.58246 -1.78064418664
31.676736 -1.84909219066
31.771012 -1.88390149323
31.865288 -1.87831037442
31.959564 -1.82913631163
32.05384 -1.73807508075
32.148116 -1.61152727573
32.242392 -1.45903268089
32.336668 -1.29094024214
32.430944 -1.11619264059
32.52522 -0.94095996544
32.619496 -0.768411618101
32.713772 -0.59940332597
32.808048 -0.43352601148
32.902324 -0.269953643948
32.9966 -0.107803272915
33.090876 0.0538965923458
33.185152 0.216264670006
33.279428 0.380280250314
33.373704 0.546028357068
33.46798 0.711714328601
33.562256 0.872947015347
33.656532 1.02279145434
33.750808 1.15280766007
33.845084 1.25484866289
33.93936 1.32300641889
34.033636 1.35496931115
34.127912 1.3522691159
34.222188 1.31936178721
34.316464 1.26198991758
34.41074 1.18557467652
34.505016 1.09433396164
34.599292 0.991441527752
34.693568 0.880009476315
34.787844 0.764248795083
34.88212 0.650047148904
34.976396 0.544460731741
35.070672 0.454133295813
35.164948 0.383194622006
35.259224 0.331504495592
35.3535 0.294048833245
35.447776 0.261879618534
35.542052 0.22439328662
35.636328 0.172214926438
35.730604 0.0997182816999
35.82488 0.00635866173149
35.919156 -0.103541406866
36.013432 -0.222335106319
36.107708 -0.341250386088
36.201984 -0.452421808324
36.29626 -0.550123081265
36.390536 -0.630990708192
36.484812 -0.693478272449
36.579088 -0.73705529496
36.673364 -0.76165872552
36.76764 -0.767652606065
36.861916 -0.756200903142
36.956192 -0.729695403213
37.050468 -0.69183500983
37.144744 -0.647138683866
37.23902 -0.599987932786
37.333296 -0.553570862716
37.427572 -0.509195008128
37.521848 -0.466298811183
37.616124 -0.4231850004
37.7104 -0.378168937453
37.804676 -0.330638694043
37.898952 -0.281555584693
37.993228 -0.233171591183
38.087504 -0.188090752612
38.18178 -0.148095249538
38.276056 -0.11326103334
38.370332 -0.0817580977993
38.464608 -0.0504296541723
38.558884 -0.015911161727
38.65316 0.0241671775037
38.747436 0.0703625242482
38.841712 0.121267624404
38.935988 0.174017552449
39.030264 0.225189806192
39.12454 0.271714731928
39.218816 0.311470237795
39.313092 0.343419779976
39.407368 0.367367234552
39.501644 0.383547347582
39.59592 0.392291507826
39.690196 0.393915000437
39.784472 0.388824335797
39.878748 0.377719196146
39.973024 0.361719672375
40.0673 0.342298202486
40.161576 0.321004595571
40.255852 0.299084205378
40.350128 0.277149813448
40.444404 0.255051061457
40.53868 0.232002635553
40.632956 0.206924400719
40.727232 0.178862590101
40.821508 0.147336237189
40.915784 0.112493985292
41.01006 0.0750508224662
41.104336 0.0360631551095
41.198612 -0.00334321498178
41.292888 -0.0421740042481
41.387164 -0.0796232127692
41.48144 -0.114983922378
41.575716 -0.147478111721
41.669992 -0.17610706919
41.764268 -0.199617895215
41.858544 -0.216636442204
41.95282 -0.225950030414
42.047096 -0.226858927328
42.141372 -0.219477746405
42.235648 -0.204871857898
42.329924 -0.184960491303
42.4242 -0.162192624516
42.518476 -0.139077908573
42.612752 -0.117704805359
42.707028 -0.099382981514
42.801304 -0.0845049691204
42.89558 -0.0726493072214
42.989856 -0.0628712751225
43.084132 -0.0540753410535
43.178408 -0.0453520269074
43.272684 -0.0361907618237
43.36696 -0.026534080752
43.461236 -0.0166943922696
43.555512 -0.00719213904978
43.649788 0.00141662508989
43.744064 0.00867175684781
43.83834 0.0142781096579
43.932616 0.0181188231618
44.026892 0.0202348847011
44.121168 0.020793101343
44.215444 0.0200546261256
44.30972 0.0183450694369
44.403996 0.0160221078316
44.498272 0.0134390064588
44.592548 0.0109087622244
44.686824 0.00867765856296
44.7811 0.00691504044934
44.875376 0.00571888032847
44.969652 0.00512896686352
45.063928 0.00513666701219
45.158204 0.00568447540421
45.25248 0.0066575866559
45.346756 0.00787789724274
45.441032 0.00911284368775
45.535308 0.0101055968073
45.629584 0.0106223228112
45.72386 0.0105023945747
45.818136 0.00969400773498
45.912412 0.00826252316541
46.006688 0.00636947195272
46.100964 0.00423111784441
46.19524 0.00207157393842
46.289516 8.44477864581e-05
46.383792 -0.00158957068982
46.478068 -0.00286968181662
46.572344 -0.00373208828166
46.66662 -0.00420316283164
46.760896 -0.00435135820572
46.855172 -0.00427687043238
46.949448 -0.00409682549728
47.043724 -0.00392575785363
47.138 -0.00385476704652
47.232276 -0.00385476704652
47.326552 -0.00385476704652
47.420828 -0.00385476704652
47.515104 -0.00385476704652
47.60938 -0.00385476704652
47.703656 -0.00385476704652
47.797932 -0.00385476704652
47.892208 -0.00385476704652
47.986484 -0.00385476704652
48.08076 -0.00385476704652
48.175036 -0.00385476704652
48.269312 -0.00385476704652
48.363588 -0.00385476704652
48.457864 -0.00385476704652
48.55214 -0.00385476704652
48.646416 -0.00385476704652
48.740692 -0.00385476704652
48.834968 -0.00385476704652
48.929244 -0.00385476704652
49.02352 -0.00385476704652
49.117796 -0.00385476704652
49.212072 -0.00385476704652
49.306348 -0.00385476704652
49.400624 -0.00385476704652
49.4949 -0.00385476704652
49.589176 -0.00385476704652
49.683452 -0.00385476704652
49.777728 -0.00385476704652
49.872004 -0.00385476704652
49.96628 -0.00385476704652
50.060556 -0.00385476704652
50.154832 -0.00385476704652
50.249108 -0.00385476704652
50.343384 -0.00385476704652
50.43766 -0.00385476704652
50.531936 -0.00385476704652
50.626212 -0.00385476704652
50.720488 -0.00385476704652
50.814764 -0.00385476704652
50.90904 -0.00385476704652
51.003316 -0.00385476704652
51.097592 -0.00385476704652
51.191868 -0.00385476704652
51.286144 -0.00385476704652
51.38042 -0.00385476704652
51.474696 -0.00385476704652
51.568972 -0.00385476704652
51.663248 -0.00385476704652
51.757524 -0.00385476704652
51.8518 -0.00385476704652
51.946076 -0.00385476704652
52.040352 -0.00385476704652
52.134628 -0.00385476704652
52.228904 -0.00385476704652
52.32318 -0.00385476704652
52.417456 -0.00385476704652
52.511732 -0.00385476704652
52.606008 -0.00385476704652
52.700284 -0.00385476704652
52.79456 -0.00385476704652
52.888836 -0.00385476704652
52.983112 -0.00385476704652
53.077388 -0.00385476704652
53.171664 -0.00385476704652
53.26594 -0.00385476704652
53.360216 -0.00385476704652
53.454492 -0.00385476704652
53.548768 -0.00385476704652
53.643044 -0.00385476704652
53.73732 -0.00385476704652
53.831596 -0.00385476704652
53.925872 -0.00385476704652
54.020148 -0.00385476704652
54.114424 -0.00385476704652
54.2087 -0.00385476704652
54.302976 -0.00385476704652
54.397252 -0.00385476704652
54.491528 -0.00385476704652
54.585804 -0.00385476704652
54.68008 -0.00385476704652
54.774356 -0.00385476704652
54.868632 -0.00385476704652
54.962908 -0.00385476704652
55.057184 -0.00385476704652
55.15146 -0.00385476704652
55.245736 -0.00385476704652
55.340012 -0.00385476704652
55.434288 -0.00385476704652
55.528564 -0.00385476704652
55.62284 -0.00385476704652
55.717116 -0.00385476704652
55.811392 -0.00385476704652
55.905668 -0.00385476704652
55.999944 -0.00385476704652
56.09422 -0.00385476704652
56.188496 -0.00385476704652
56.282772 -0.00385476704652
56.377048 -0.00385476704652
56.471324 -0.00385476704652
56.5656 -0.00385476704652
56.659876 -0.00385476704652
56.754152 -0.00385476704652
56.848428 -0.00385476704652
56.942704 -0.00385476704652
57.03698 -0.00385476704652
57.131256 -0.00385476704652
57.225532 -0.00385476704652
57.319808 -0.00385476704652
57.414084 -0.00385476704652
57.50836 -0.00385476704652
57.602636 -0.00385476704652
57.696912 -0.00385476704652
57.791188 -0.00385476704652
57.885464 -0.00385476704652
57.97974 -0.00385476704652
58.074016 -0.00385476704652
58.168292 -0.00385476704652
58.262568 -0.00385476704652
58.356844 -0.00385476704652
58.45112 -0.00385476704652
58.545396 -0.00385476704652
58.639672 -0.00385476704652
58.733948 -0.00385476704652
58.828224 -0.00385476704652
58.9225 -0.00385476704652
59.016776 -0.00385476704652
59.111052 -0.00385476704652
59.205328 -0.00385476704652
59.299604 -0.00385476704652
59.39388 -0.00385476704652
59.488156 -0.00385476704652
59.582432 -0.00385476704652
59.676708 -0.00385476704652
59.770984 -0.00385476704652
59.86526 -0.00385476704652
59.959536 -0.00385476704652
60.053812 -0.00385476704652
60.148088 -0.00385476704652
60.242364 -0.00385476704652
60.33664 -0.00385476704652
60.430916 -0.00385476704652
60.525192 -0.00385476704652
60.619468 -0.00385476704652
60.713744 -0.00385476704652
60.80802 -0.00385476704652
60.902296 -0.00385476704652
60.996572 -0.00385476704652
61.090848 -0.00385476704652
61.185124 -0.00385476704652
61.2794 -0.00385476704652
61.373676 -0.00385476704652
61.467952 -0.00385476704652
61.562228 -0.00385476704652
61.656504 -0.00385476704652
61.75078 -0.00385476704652
61.845056 -0.00385476704652
61.939332 -0.00385476704652
62.033608 -0.00385476704652
62.127884 -0.00385476704652
62.22216 -0.00385476704652
62.316436 -0.00385476704652
62.410712 -0.00385476704652
62.504988 -0.00385476704652
62.599264 -0.00385476704652
62.69354 -0.00385476704652
62.787816 -0.00385476704652
62.882092 -0.00385476704652
62.976368 -0.00385476704652
63.070644 -0.00385476704652
63.16492 -0.00385476704652
63.259196 -0.00385476704652
63.353472 -0.00385476704652
63.447748 -0.00385476704652
63.542024 -0.00385476704652
63.6363 -0.00385476704652
63.730576 -0.00385476704652
63.824852 -0.00385476704652
63.919128 -0.00385476704652
64.013404 -0.00385476704652
64.10768 -0.00385476704652
64.201956 -0.00385476704652
64.296232 -0.00385476704652
64.390508 -0.00385476704652
64.484784 -0.00385476704652
64.57906 -0.00385476704652
64.673336 -0.00385476704652
64.767612 -0.00385476704652
64.861888 -0.00385476704652
64.956164 -0.00385476704652
65.05044 -0.00385476704652
65.144716 -0.00385476704652
65.238992 -0.00385476704652
65.333268 -0.00385476704652
65.427544 -0.00385476704652
65.52182 -0.00385476704652
65.616096 -0.00385476704652
65.710372 -0.00385476704652
65.804648 -0.00385476704652
65.898924 -0.00385476704652
65.9932 -0.00385476704652
66.087476 -0.00385476704652
66.181752 -0.00385476704652
66.276028 -0.00385476704652
66.370304 -0.00385476704652
66.46458 -0.00385476704652
66.558856 -0.00385476704652
66.653132 -0.00385476704652
66.747408 -0.00385476704652
66.841684 -0.00385476704652
66.93596 -0.00385476704652
67.030236 -0.00385476704652
67.124512 -0.00385476704652
67.218788 -0.00385476704652
67.313064 -0.00385476704652
67.40734 -0.00385476704652
67.501616 -0.00385476704652
67.595892 -0.00385476704652
67.690168 -0.00385476704652
67.784444 -0.00385476704652
67.87872 -0.00385476704652
67.972996 -0.00385476704652
68.067272 -0.00385476704652
68.161548 -0.00385476704652
68.255824 -0.00385476704652
68.3501 -0.00385476704652
68.444376 -0.00385476704652
68.538652 -0.00385476704652
68.632928 -0.00385476704652
68.727204 -0.00385476704652
68.82148 -0.00385476704652
68.915756 -0.00385476704652
69.010032 -0.00385476704652
69.104308 -0.00385476704652
69.198584 -0.00385476704652
69.29286 -0.00385476704652
69.387136 -0.00385476704652
69.481412 -0.00385476704652
69.575688 -0.00385476704652
69.669964 -0.00385476704652
69.76424 -0.00385476704652
69.858516 -0.00385476704652
69.952792 -0.00385476704652
70.047068 -0.00385476704652
70.141344 -0.00385476704652
70.23562 -0.00385476704652
70.329896 -0.00385476704652
70.424172 -0.00385476704652
70.518448 -0.00385476704652
70.612724 -0.00385476704652
70.707 -0.00385476704652
70.801276 -0.00385476704652
70.895552 -0.00385476704652
70.989828 -0.00385476704652
71.084104 -0.00385476704652
71.17838 -0.00385476704652
71.272656 -0.00385476704652
71.366932 -0.00385476704652
71.461208 -0.00385476704652
71.555484 -0.00385476704652
71.64976 -0.00385476704652
71.744036 -0.00385476704652
71.838312 -0.00385476704652
71.932588 -0.00385476704652
72.026864 -0.00385476704652
72.12114 -0.00385476704652
72.215416 -0.00385476704652
72.309692 -0.00385476704652
72.403968 -0.00385476704652
72.498244 -0.00385476704652
72.59252 -0.00385476704652
72.686796 -0.00385476704652
72.781072 -0.00385476704652
72.875348 -0.00385476704652
72.969624 -0.00385476704652
73.0639 -0.00385476704652
73.158176 -0.00385476704652
73.252452 -0.00385476704652
73.346728 -0.00385476704652
73.441004 -0.00385476704652
73.53528 -0.00385476704652
73.629556 -0.00385476704652
73.723832 -0.00385476704652
73.818108 -0.00385476704652
73.912384 -0.00385476704652
74.00666 -0.00385476704652
74.100936 -0.00385476704652
74.195212 -0.00385476704652
74.289488 -0.00385476704652
74.383764 -0.00385476704652
74.47804 -0.00385476704652
74.572316 -0.00385476704652
74.666592 -0.00385476704652
74.760868 -0.00385476704652
74.855144 -0.00385476704652
74.94942 -0.00385476704652
75.043696 -0.00385476704652
75.137972 -0.00385476704652
75.232248 -0.00385476704652
75.326524 -0.00385476704652
75.4208 -0.00385476704652
75.515076 -0.00385476704652
75.609352 -0.00385476704652
75.703628 -0.00385476704652
75.797904 -0.00385476704652
75.89218 -0.00385476704652
75.986456 -0.00385476704652
76.080732 -0.00385476704652
76.175008 -0.00385476704652
76.269284 -0.00385476704652
76.36356 -0.00385476704652
76.457836 -0.00385476704652
76.552112 -0.00385476704652
76.646388 -0.00385476704652
76.740664 -0.00385476704652
76.83494 -0.00385476704652
76.929216 -0.00385476704652
77.023492 -0.00385476704652
77.117768 -0.00385476704652
77.212044 -0.00385476704652
77.30632 -0.00385476704652
77.400596 -0.00385476704652
77.494872 -0.00385476704652
77.589148 -0.00385476704652
77.683424 -0.00385476704652
77.7777 -0.00385476704652
77.871976 -0.00385476704652
77.966252 -0.00385476704652
78.060528 -0.00385476704652
78.154804 -0.00385476704652
78.24908 -0.00385476704652
78.343356 -0.00385476704652
78.437632 -0.00385476704652
78.531908 -0.00385476704652
78.626184 -0.00385476704652
78.72046 -0.00385476704652
78.814736 -0.00385476704652
78.909012 -0.00385476704652
79.003288 -0.00385476704652
79.097564 -0.00385476704652
79.19184 -0.00385476704652
79.286116 -0.00385476704652
79.380392 -0.00385476704652
79.474668 -0.00385476704652
79.568944 -0.00385476704652
79.66322 -0.00385476704652
79.757496 -0.00385476704652
79.851772 -0.00385476704652
79.946048 -0.00385476704652
80.040324 -0.00385476704652
80.1346 -0.00385476704652
80.228876 -0.00385476704652
80.323152 -0.00385476704652
80.417428 -0.00385476704652
80.511704 -0.00385476704652
80.60598 -0.00385476704652
80.700256 -0.00385476704652
80.794532 -0.00385476704652
80.888808 -0.00385476704652
80.983084 -0.00385476704652
81.07736 -0.00385476704652
81.171636 -0.00385476704652
81.265912 -0.00385476704652
81.360188 -0.00385476704652
81.454464 -0.00385476704652
81.54874 -0.00385476704652
81.643016 -0.00385476704652
81.737292 -0.00385476704652
81.831568 -0.00385476704652
81.925844 -0.00385476704652
82.02012 -0.00385476704652
82.114396 -0.00385476704652
82.208672 -0.00385476704652
82.302948 -0.00385476704652
82.397224 -0.00385476704652
82.4915 -0.00385476704652
82.585776 -0.00385476704652
82.680052 -0.00385476704652
82.774328 -0.00385476704652
82.868604 -0.00385476704652
82.96288 -0.00385476704652
83.057156 -0.00385476704652
83.151432 -0.00385476704652
83.245708 -0.00385476704652
83.339984 -0.00385476704652
83.43426 -0.00385476704652
83.528536 -0.00385476704652
83.622812 -0.00385476704652
83.717088 -0.00385476704652
83.811364 -0.00385476704652
83.90564 -0.00385476704652
83.999916 -0.00385476704652
84.094192 -0.00385476704652
84.188468 -0.00385476704652
84.282744 -0.00385476704652
84.37702 -0.00385476704652
84.471296 -0.00385476704652
84.565572 -0.00385476704652
84.659848 -0.00385476704652
84.754124 -0.00385476704652
84.8484 -0.00385476704652
84.942676 -0.00385476704652
85.036952 -0.00385476704652
85.131228 -0.00385476704652
85.225504 -0.00385476704652
85.31978 -0.00385476704652
85.414056 -0.00385476704652
85.508332 -0.00385476704652
85.602608 -0.00385476704652
85.696884 -0.00385476704652
85.79116 -0.00385476704652
85.885436 -0.00385476704652
85.979712 -0.00385476704652
86.073988 -0.00385476704652
86.168264 -0.00385476704652
86.26254 -0.00385476704652
86.356816 -0.00385476704652
86.451092 -0.00385476704652
86.545368 -0.00385476704652
86.639644 -0.00385476704652
86.73392 -0.00385476704652
86.828196 -0.00385476704652
86.922472 -0.00385476704652
87.016748 -0.00385476704652
87.111024 -0.00385476704652
87.2053 -0.00385476704652
87.299576 -0.00385476704652
87.393852 -0.00385476704652
87.488128 -0.00385476704652
87.582404 -0.00385476704652
87.67668 -0.00385476704652
87.770956 -0.00385476704652
87.865232 -0.00385476704652
87.959508 -0.00385476704652
88.053784 -0.00385476704652
88.14806 -0.00385476704652
88.242336 -0.00385476704652
88.336612 -0.00385476704652
88.430888 -0.00385476704652
88.525164 -0.00385476704652
88.61944 -0.00385476704652
88.713716 -0.00385476704652
88.807992 -0.00385476704652
88.902268 -0.00385476704652
88.996544 -0.00385476704652
89.09082 -0.00385476704652
89.185096 -0.00385476704652
89.279372 -0.00385476704652
89.373648 -0.00385476704652
89.467924 -0.00385476704652
89.5622 -0.00385476704652
89.656476 -0.00385476704652
89.750752 -0.00385476704652
89.845028 -0.00385476704652
89.939304 -0.00385476704652
90.03358 -0.00385476704652
90.127856 -0.00385476704652
90.222132 -0.00385476704652
90.316408 -0.00385476704652
90.410684 -0.00385476704652
90.50496 -0.00385476704652
90.599236 -0.00385476704652
90.693512 -0.00385476704652
90.787788 -0.00385476704652
90.882064 -0.00385476704652
90.97634 -0.00385476704652
91.070616 -0.00385476704652
91.164892 -0.00385476704652
91.259168 -0.00385476704652
91.353444 -0.00385476704652
91.44772 -0.00385476704652
91.541996 -0.00385476704652
91.636272 -0.00385476704652
91.730548 -0.00385476704652
91.824824 -0.00385476704652
91.9191 -0.00385476704652
92.013376 -0.00385476704652
92.107652 -0.00385476704652
92.201928 -0.00385476704652
92.296204 -0.00385476704652
92.39048 -0.00385476704652
92.484756 -0.00385476704652
92.579032 -0.00385476704652
92.673308 -0.00385476704652
92.767584 -0.00385476704652
92.86186 -0.00385476704652
92.956136 -0.00385476704652
93.050412 -0.00385476704652
93.144688 -0.00385476704652
93.238964 -0.00385476704652
93.33324 -0.00385476704652
93.427516 -0.00385476704652
93.521792 -0.00385476704652
93.616068 -0.00385476704652
93.710344 -0.00385476704652
93.80462 -0.00385476704652
93.898896 -0.00385476704652
93.993172 -0.00385476704652
94.087448 -0.00385476704652
94.181724 -0.00385476704652
94.276 -0.00385476704652
94.370276 -0.00385476704652
94.464552 -0.00385476704652
94.558828 -0.00385476704652
94.653104 -0.00385476704652
94.74738 -0.00385476704652
94.841656 -0.00385476704652
94.935932 -0.00385476704652
95.030208 -0.00385476704652
95.124484 -0.00385476704652
95.21876 -0.00385476704652
95.313036 -0.00385476704652
95.407312 -0.00385476704652
95.501588 -0.00385476704652
95.595864 -0.00385476704652
95.69014 -0.00385476704652
95.784416 -0.00385476704652
95.878692 -0.00385476704652
95.972968 -0.00385476704652
96.067244 -0.00385476704652
96.16152 -0.00385476704652
96.255796 -0.00385476704652
96.350072 -0.00385476704652
96.444348 -0.00385476704652
