0 -0.007143
0.0995343 -0.0358661
0.199069 -0.0793552
0.298603 -0.125838
0.398137 -0.154295
0.497671 -0.140371
0.597206 -0.0659756
0.69674 0.07097
0.796274 0.250971
0.895808 0.434721
0.995343 0.572529
1.09488 0.618566
1.19441 0.544887
1.29395 0.350206
1.39348 0.0605268
1.49301 -0.277835
1.59255 -0.609335
1.69208 -0.879677
1.79162 -1.04223
1.89115 -1.05991
1.99069 -0.905417
2.09022 -0.564047
2.18975 -0.0424946
2.28929 0.617043
2.38882 1.32296
2.48836 1.92978
2.58789 2.25238
2.68742 2.10385
2.78696 1.3527
2.88649 -0.0140967
2.98603 -1.84398
3.08556 -3.80976
3.1851 -5.45368
3.28463 -6.28446
3.38416 -5.90802
3.4837 -4.15695
3.58323 -1.17676
3.68277 2.56557
3.7823 6.36468
3.88184 9.43683
3.98137 11.1148
4.0809 11.0206
4.18044 9.16213
4.27997 5.92223
4.37951 1.9447
4.47904 -2.04568
4.57858 -5.42881
4.67811 -7.8217
4.77764 -9.12027
4.87718 -9.4486
4.97671 -9.04746
5.07625 -8.15376
5.17578 -6.91952
5.27532 -5.39694
5.37485 -3.58387
5.47438 -1.49762
5.57392 0.765327
5.67345 3.01565
5.77299 5.01091
5.87252 6.5288
5.97206 7.43813
6.07159 7.73334
6.17112 7.517
6.27066 6.94049
6.37019 6.13266
6.46973 5.15164
6.56926 3.98195
6.6688 2.57629
6.76833 0.918849
6.86786 -0.923295
6.9674 -2.78828
7.06693 -4.45496
7.16647 -5.71088
7.266 -6.42224
7.36553 -6.57494
7.46507 -6.26935
7.5646 -5.67311
7.66414 -4.95428
7.76367 -4.22411
7.86321 -3.51227
7.96274 -2.78062
8.06227 -1.96414
8.16181 -1.0172
8.26134 0.056009
8.36088 1.19822
8.46041 2.31978
8.55995 3.33033
8.65948 4.16525
8.75901 4.79642
8.85855 5.22585
8.95808 5.46913
9.05762 5.53887
9.15715 5.43567
9.25669 5.1488
9.35622 4.66319
9.45575 3.96774
9.55529 3.06129
9.65482 1.95595
9.75436 0.679873
9.85389 -0.718884
9.95343 -2.16818
10.053 -3.5711
10.1525 -4.81305
10.252 -5.77842
10.3516 -6.37397
10.4511 -6.55122
10.5506 -6.31948
10.6502 -5.74328
10.7497 -4.92465
10.8492 -3.97651
10.9488 -2.99693
11.0483 -2.05296
11.1478 -1.1775
11.2474 -0.377233
11.3469 0.355103
11.4464 1.03048
11.546 1.65891
11.6455 2.24943
11.745 2.81075
11.8446 3.34892
11.9441 3.86142
12.0436 4.33041
12.1432 4.72009
12.2427 4.98167
12.3422 5.0658
12.4418 4.93784
12.5413 4.58943
12.6409 4.04127
12.7404 3.33583
12.8399 2.52408
12.9395 1.6527
13.039 0.757457
13.1385 -0.135182
13.2381 -1.00134
13.3376 -1.81348
13.4371 -2.53983
13.5367 -3.15083
13.6362 -3.62931
13.7357 -3.97818
13.8353 -4.22008
13.9348 -4.38755
14.0343 -4.5072
14.1339 -4.58522
14.2334 -4.60132
14.3329 -4.51441
14.4325 -4.27806
14.532 -3.85891
14.6315 -3.25058
14.7311 -2.47749
14.8306 -1.58842
14.9301 -0.643639
15.0297 0.298279
15.1292 1.18895
15.2287 1.9925
15.3283 2.68344
15.4278 3.24385
15.5273 3.66252
15.6269 3.93668
15.7264 4.0743
15.8259 4.09424
15.9255 4.02255
16.025 3.88574
16.1245 3.70377
16.2241 3.4859
16.3236 3.23146
16.4232 2.93464
16.5227 2.59064
16.6222 2.19999
16.7218 1.7692
16.8213 1.30803
16.9208 0.825819
17.0204 0.329383
17.1199 -0.176138
17.2194 -0.684337
17.319 -1.18479
17.4185 -1.6628
17.518 -2.10246
17.6176 -2.49156
17.7171 -2.82552
17.8166 -3.10779
17.9162 -3.34596
18.0157 -3.54529
18.1152 -3.70289
18.2148 -3.80592
18.3143 -3.8347
18.4138 -3.76973
18.5134 -3.59893
18.6129 -3.3219
18.7124 -2.94935
18.812 -2.49838
18.9115 -1.98653
19.011 -1.42768
19.1106 -0.831774
19.2101 -0.207928
19.3096 0.431338
19.4092 1.06748
19.5087 1.67671
19.6082 2.23393
19.7078 2.7179
19.8073 3.11506
19.9069 3.42059
20.0064 3.63644
20.1059 3.76789
20.2055 3.8206
20.305 3.79932
20.4045 3.70826
20.5041 3.5522
20.6036 3.33697
20.7031 3.06871
20.8027 2.75252
20.9022 2.39155
21.0017 1.98756
21.1013 1.54304
21.2008 1.06388
21.3003 0.560955
21.3999 0.0495128
21.4994 -0.453768
21.5989 -0.934681
21.6985 -1.3845
21.798 -1.80052
21.8975 -2.18389
21.9971 -2.53578
22.0966 -2.85386
22.1961 -3.13085
22.2957 -3.35567
22.3952 -3.51644
22.4947 -3.6039
22.5943 -3.61343
22.6938 -3.54526
22.7933 -3.40304
22.8929 -3.19199
22.9924 -2.91774
23.0919 -2.58626
23.1915 -2.20445
23.291 -1.78058
23.3905 -1.32413
23.4901 -0.844866
23.5896 -0.351971
23.6892 0.145988
23.7887 0.639947
23.8882 1.11866
23.9878 1.5676
24.0873 1.96972
24.1868 2.30836
24.2864 2.5716
24.3859 2.75619
24.4854 2.86924
24.585 2.92644
24.6845 2.94723
24.784 2.9485
24.8836 2.93921
24.9831 2.918
25.0826 2.87434
25.1822 2.79269
25.2817 2.65788
25.3812 2.45967
25.4808 2.19525
25.5803 1.86914
25.6798 1.4914
25.7794 1.07498
25.8789 0.633533
25.9784 0.180153
26.078 -0.272914
26.1775 -0.713958
26.277 -1.13142
26.3766 -1.51389
26.4761 -1.8506
26.5756 -2.13248
26.6752 -2.35345
26.7747 -2.51162
26.8742 -2.60983
26.9738 -2.65524
27.0733 -2.65778
27.1729 -2.62761
27.2724 -2.57249
27.3719 -2.49578
27.4715 -2.39596
27.571 -2.26809
27.6705 -2.1066
27.7701 -1.90856
27.8696 -1.67599
27.9691 -1.41635
28.0687 -1.1409
28.1682 -0.861724
28.2677 -0.588409
28.3673 -0.325894
28.4668 -0.0740324
28.5663 0.17109
28.6659 0.414796
28.7654 0.661423
28.8649 0.912678
28.9645 1.16707
29.064 1.42024
29.1635 1.66565
29.2631 1.89545
29.3626 2.10108
29.4621 2.27393
29.5617 2.40615
29.6612 2.49155
29.7607 2.5265
29.8603 2.51039
29.9598 2.44539
30.0593 2.33561
30.1589 2.18577
30.2584 2.00017
30.3579 1.7822
30.4575 1.53471
30.557 1.26096
30.6566 0.965778
30.7561 0.656119
30.8556 0.340939
30.9552 0.0301039
31.0547 -0.267214
31.1542 -0.544143
31.2538 -0.797142
31.3533 -1.02605
31.4528 -1.2331
31.5524 -1.42119
31.6519 -1.59189
31.7514 -1.74407
31.851 -1.87343
31.9505 -1.97336
32.05 -2.03689
32.1496 -2.05892
32.2491 -2.03805
32.3486 -1.97728
32.4482 -1.88317
32.5477 -1.76403
32.6472 -1.62784
32.7468 -1.48077
32.8463 -1.32693
32.9458 -1.16906
33.0454 -1.00964
33.1449 -0.851388
33.2444 -0.696625
33.344 -0.54569
33.4435 -0.395305
33.543 -0.238118
33.6426 -0.0642465
33.7421 0.135244
33.8416 0.364114
33.9412 0.617718
34.0407 0.882379
34.1402 1.13795
34.2398 1.36284
34.3393 1.5396
34.4389 1.65908
34.5384 1.72158
34.6379 1.73488
34.7375 1.71031
34.837 1.65862
34.9365 1.58735
35.0361 1.50032
35.1356 1.39906
35.2351 1.28474
35.3347 1.15962
35.4342 1.02716
35.5337 0.891092
35.6333 0.754071
35.7328 0.616853
35.8323 0.478471
35.9319 0.337233
36.0314 0.191965
36.1309 0.0428394
36.2305 -0.108536
36.33 -0.259628
36.4295 -0.407645
36.5291 -0.549904
36.6286 -0.683771
36.7281 -0.806352
36.8277 -0.914331
36.9272 -1.00421
37.0267 -1.07293
37.1263 -1.11854
37.2258 -1.14056
37.3253 -1.13976
37.4249 -1.11759
37.5244 -1.07562
37.6239 -1.01533
37.7235 -0.938417
37.823 -0.847391
37.9226 -0.745932
38.0221 -0.638676
38.1216 -0.530353
38.2212 -0.424625
38.3207 -0.323237
38.4202 -0.225952
38.5198 -0.131347
38.6193 -0.0380994
38.7188 0.0538911
38.8184 0.143113
38.9179 0.226938
39.0174 0.302686
39.117 0.368655
39.2165 0.424549
39.316 0.471142
39.4156 0.509406
39.5151 0.539674
39.6146 0.561295
39.7142 0.572963
39.8137 0.573483
39.9132 0.562499
40.0128 0.540782
40.1123 0.509956
40.2118 0.471899
40.3114 0.428203
40.4109 0.380034
40.5104 0.32839
40.61 0.274535
40.7095 0.220231
40.809 0.167537
40.9086 0.118253
41.0081 0.0733334
41.1076 0.0326298
41.2072 -0.00481619
41.3067 -0.0400803
41.4062 -0.0736269
41.5058 -0.104955
41.6053 -0.13281
41.7049 -0.15583
41.8044 -0.173243
41.9039 -0.185206
42.0035 -0.192626
42.103 -0.196578
42.2025 -0.197707
42.3021 -0.195964
42.4016 -0.190829
42.5011 -0.181871
42.6007 -0.169266
42.7002 -0.153965
42.7997 -0.137392
42.8993 -0.120859
42.9988 -0.105056
43.0983 -0.0899109
43.1979 -0.0748944
43.2974 -0.0595697
43.3969 -0.0440394
43.4965 -0.0290196
43.596 -0.0155053
43.6955 -0.00424301
43.7951 0.00465852
43.8946 0.0117407
43.9941 0.0178299
44.0937 0.023527
44.1932 0.028867
44.2927 0.0333533
44.3923 0.0363342
44.4918 0.0374759
44.5913 0.0370329
44.6909 0.0357454
44.7904 0.0344316
44.8899 0.0335314
44.9895 0.0328861
45.089 0.0318897
45.1886 0.029917
45.2881 0.026758
45.3876 0.0227934
45.4872 0.0188015
45.5867 0.0155222
45.6862 0.0132467
45.7858 0.0116863
45.8853 0.010195
45.9848 0.00820314
46.0844 0.00558949
46.1839 0.00276306
46.2834 0.000408199
46.383 -0.000943255
46.4825 -0.001244
46.582 -0.000961645
46.6816 -0.000791379
46.7811 -0.00123256
46.8806 -0.00229305
46.9802 -0.00350289
47.0797 -0.00422464
47.1792 -0.00406372
47.2788 -0.00312244
47.3783 -0.00194138
47.4778 -0.00116812
47.5774 -0.00116219
47.6769 -0.00178268
47.7764 -0.00248862
47.876 -0.00268646
47.9755 -0.00210586
48.075 -0.000969783
48.1746 0.000145109
48.2741 0.000667802
48.3736 0.000386463
48.4732 -0.000423843
48.5727 -0.0011767
48.6723 -0.0013413
48.7718 -0.000770952
48.8713 0.000210673
48.9709 0.00101686
49.0704 0.00116699
49.1699 0.000586282
49.2695 -0.000349744
49.369 -0.00105159
49.4685 -0.00108335
49.5681 -0.000431699
49.6676 0.000490219
49.7671 0.00110419
49.8667 0.00102867
49.9662 0.000314947
50.0657 -0.000588316
50.1653 -0.00111764
50.2648 -0.000946622
50.3643 -0.000187391
50.4639 0.000682579
50.5634 0.00112059
50.6629 0.000857172
50.7625 6.17573e-05
50.862 -0.000766143
50.9615 -0.00111055
51.0611 -0.000760486
51.1606 6.08485e-05
51.2601 0.000838316
51.3597 0.00108784
51.4592 0.000657718
51.5587 -0.000179226
51.6583 -0.000898633
51.7578 -0.00105304
51.8573 -0.00055012
51.9569 0.000292229
52.0564 0.000946768
52.1559 0.00100684
52.2555 0.000438972
52.355 -0.000398788
52.4546 -0.000982525
52.5541 -0.000950051
52.6536 -0.000325561
52.7532 0.00049792
52.8527 0.00100583
52.9522 0.000883537
53.0518 0.000211173
53.1513 -0.000588736
53.2508 -0.00101674
53.3504 -0.000808263
53.4499 -9.70738e-05
53.5494 0.000670447
53.649 0.00101544
53.7485 0.000725257
53.848 -1.54989e-05
53.9476 -0.000742373
54.0471 -0.00100221
54.1466 -0.000635602
54.2462 0.000125347
54.3457 0.000803944
54.4452 0.000977463
54.5448 0.00054043
54.6443 -0.000231323
54.7438 -0.00085471
54.8434 -0.000941726
54.9429 -0.000440907
55.0424 0.000332342
55.142 0.000894335
55.2415 0.000895618
55.341 0.000338219
55.4406 -0.000427388
55.5401 -0.000922609
55.6396 -0.000839858
55.7392 -0.000233568
55.8387 0.000515527
55.9383 0.000939438
56.0378 0.000775251
56.1373 0.000128152
56.2369 -0.000595911
56.3364 -0.000944852
56.4359 -0.000702679
56.5355 -2.31572e-05
56.635 0.000667787
56.7345 0.000938998
56.8341 0.000623096
56.9336 -8.02524e-05
57.0331 -0.000730505
57.1327 -0.000922138
57.2322 -0.000537511
57.3317 0.000180949
57.4313 0.00078352
57.5308 0.000894647
57.6303 0.000446982
57.7299 -0.000277852
57.8294 -0.000826397
57.9289 -0.000857007
58.0285 -0.000352604
58.128 0.000369934
58.2275 0.000858815
58.3271 0.000809797
58.4266 0.000255495
58.5261 -0.000456236
58.6257 -0.000880571
58.7252 -0.000753693
58.8247 -0.000156788
58.9243 0.000535872
59.0238 0.000891574
59.1233 0.000689455
59.2229 5.76163e-05
59.3224 -0.00060804
59.422 -0.000891852
59.5215 -0.000617919
59.621 4.08945e-05
59.7206 0.000672028
59.8201 0.000881545
59.9196 0.000539991
60.0192 -0.000137641
60.1187 -0.000727219
60.2182 -0.000860907
60.3178 -0.000456633
60.4173 0.000231553
60.5168 0.0007731
60.6164 0.000830299
60.7159 0.000368853
60.8154 -0.000321601
60.915 -0.000809262
61.0145 -0.000790185
61.114 -0.000277697
61.2136 0.000406809
61.3131 0.000835406
61.4126 0.000741127
61.5122 0.000184238
61.6117 -0.000486265
61.7112 -0.000851345
61.8108 -0.000683777
61.9103 -8.95586e-05
62.0098 0.000559128
62.1094 0.000857002
62.2089 0.000618871
62.3084 -5.25231e-06
62.408 -0.000624633
62.5075 -0.000852415
62.607 -0.00054722
62.7066 9.91158e-05
62.8061 0.000682108
62.9056 0.000837732
63.0052 0.000469701
63.1047 -0.000190973
63.2043 -0.000730968
63.3038 -0.000813207
63.4033 -0.000387247
63.5029 0.000279794
63.6024 0.00077073
63.7019 0.000779202
63.8015 0.000300838
63.901 -0.000364593
64.0005 -0.000801013
64.1001 -0.000736179
64.1996 -0.000211489
64.2991 0.000444432
64.3987 0.000821542
64.4982 0.000684693
64.5977 0.000120241
64.6973 -0.000518436
64.7968 -0.000832151
64.8963 -0.00062539
64.9959 -2.81465e-05
65.0954 0.000585798
65.1949 0.000832781
65.2945 0.000558996
65.394 -6.37366e-05
65.4935 -0.000645789
65.5931 -0.000823485
65.6926 -0.000486311
65.7921 0.00015436
65.8917 0.000697766
65.9912 0.000804424
66.0907 0.000408199
66.1903 -0.000242695
66.2898 -0.000741174
66.3893 -0.000775863
66.4889 -0.000325579
66.5884 0.000327742
66.688 0.000775557
66.7875 0.000738173
66.887 0.000239416
66.9866 -0.000408542
67.0861 -0.00080056
67.1856 -0.00069182
67.2852 -0.00015071
67.3847 0.000484187
67.4842 0.000815929
67.5838 0.000637367
67.6833 6.04833e-05
67.7828 -0.000553829
67.8824 -0.00082152
67.9819 -0.00057546
68.0814 3.02257e-05
68.181 0.000616686
68.2805 0.000817295
68.38 0.000506828
68.4796 -0.000120378
68.5791 -0.000672056
68.6786 -0.000803325
68.7782 -0.000432271
68.8777 0.000208941
68.9772 0.000719318
69.0768 0.000779786
69.1763 0.000352652
69.2758 -0.000294905
69.3754 -0.000757941
69.4749 -0.000746959
69.5744 -0.000268888
69.674 0.000377286
69.7735 0.000787492
69.873 0.000705228
69.9726 0.000181943
70.0721 -0.000455144
70.1716 -0.000807635
70.2712 -0.000655074
70.3707 -9.28115e-05
70.4703 0.000527586
70.5698 0.000818139
70.6693 0.00059707
70.7689 2.51492e-06
70.8684 -0.000593781
70.9679 -0.000818879
71.0675 -0.000531873
71.167 8.79137e-05
71.2665 0.000652964
71.3661 0.000809835
71.4656 0.000460224
71.5651 -0.000177439
71.6647 -0.000704448
71.7642 -0.000791097
71.8637 -0.000382931
71.9633 0.000265034
72.0628 0.000747629
72.1623 0.000762859
72.2619 0.000300868
72.3614 -0.000349691
72.4609 -0.000781992
72.5605 -0.00072542
72.66 -0.000214961
72.7595 0.000430434
72.8591 0.000807118
72.9586 0.000679182
73.0581 0.000126182
73.1577 -0.000506324
73.2572 -0.000822689
73.3567 -0.000624642
73.4563 -3.5535e-05
73.5558 0.000576477
73.6553 0.000828489
73.7549 0.00056239
73.8544 -5.59498e-05
73.954 -0.000640064
74.0535 -0.000824408
74.153 -0.000493104
74.2526 0.000147231
74.3521 0.000696326
74.4516 0.000810444
74.5512 0.00041754
74.6507 -0.000237263
74.7502 -0.000744583
74.8498 -0.000786702
74.9493 -0.000336525
75.0488 0.000325011
75.1484 0.000784235
75.2479 0.000753396
75.3474 0.000250951
75.447 -0.000409459
75.5465 -0.000814774
75.646 -0.000710842
75.7456 -0.000161766
75.8451 0.00048962
75.9446 0.000835789
76.0442 0.00065946
76.1437 6.99588e-05
76.2432 -0.000564548
76.3428 -0.000846969
76.4423 -0.000599768
76.5418 2.34428e-05
76.6414 0.000633349
76.7409 0.000848106
76.8404 0.00053238
76.94 -0.000117389
77.0395 -0.000695185
77.139 -0.000839102
77.2386 -0.000457993
77.3381 0.000210814
77.4377 0.000749291
77.5372 0.000819964
77.6367 0.000377389
77.7363 -0.000302652
77.8358 -0.000794977
77.9353 -0.000790812
78.0349 -0.000291422
78.1344 0.000391842
78.2339 0.000831636
78.3335 0.000751871
78.433 0.000201011
78.5325 -0.000477345
78.6321 -0.000858755
78.7316 -0.000703476
78.8311 -0.000107132
78.9307 0.000558148
79.0302 0.000875917
79.1297 0.000646065
79.2293 1.08079e-05
79.3288 -0.000633279
79.4283 -0.000882806
79.5279 -0.000580176
79.6274 8.69018e-05
79.7269 0.000701818
79.8265 0.000879214
79.926 0.000506446
80.0255 -0.000184911
80.1251 -0.000762903
80.2246 -0.000865039
80.3241 -0.0004256
80.4237 0.000282118
80.5232 0.000815739
80.6227 0.000840292
80.7223 0.000338447
80.8218 -0.000377414
80.9213 -0.000859611
81.0209 -0.000805095
81.1204 -0.000245874
81.22 0.0004697
81.3195 0.000893889
81.419 0.000759682
81.5186 0.000148836
81.6181 -0.00055789
81.7176 -0.000918031
81.8172 -0.000704395
81.9167 -4.8348e-05
82.0162 0.000640926
82.1158 0.000931598
82.2153 0.000639686
82.3148 -5.45236e-05
82.4144 -0.000717791
82.5139 -0.00093425
82.6134 -0.00056611
82.713 0.000158672
82.8125 0.000787512
82.912 0.000925758
83.0116 0.000484324
83.1111 -0.000262961
83.2106 -0.000849177
83.3102 -0.000906001
83.4097 -0.000395078
83.5092 0.000366232
83.6088 0.00090194
83.7083 0.000874973
83.8078 0.000299212
83.9074 -0.000467318
84.0069 -0.000945032
84.1064 -0.000832782
84.206 -0.000197648
84.3055 0.000565053
84.405 0.000977765
84.5046 0.000779649
84.6041 9.1382e-05
84.7037 -0.000658283
84.8032 -0.000999547
84.9027 -0.000715913
85.0023 1.85235e-05
85.1018 0.000745878
85.2013 0.00100988
85.3009 0.000642021
85.4004 -0.000130949
85.4999 -0.000826739
85.5995 -0.00100837
85.699 -0.000558531
85.7985 0.000244727
85.8981 0.000899813
85.9976 0.000994727
86.0971 0.000466108
86.1967 -0.000358651
86.2962 -0.000964097
86.3957 -0.000968784
86.4953 -0.000365515
86.5948 0.000471489
86.6943 0.00101865
86.7939 0.000930477
86.8934 0.000257615
86.9929 -0.000581987
87.0925 -0.00106261
87.192 -0.000879865
87.2915 -0.000143358
87.3911 0.000688887
87.4906 0.00109519
87.5901 0.00081712
87.6897 2.3777e-05
87.7892 -0.000790931
87.8887 -0.00111568
87.9883 -0.000742533
88.0878 0.000100018
88.1873 0.000886875
88.2869 0.00112347
88.3864 0.000656513
88.486 -0.00022685
88.5855 -0.000975496
88.685 -0.00111806
88.7846 -0.000559579
88.8841 0.000355482
88.9836 0.0010556
89.0832 0.00109903
89.1827 0.000452365
89.2822 -0.000484627
89.3818 -0.00112605
89.4813 -0.00106609
89.5808 -0.000335612
89.6804 0.000612956
89.7799 0.00118574
89.8794 0.00101904
89.979 0.000210165
90.0785 -0.000739104
90.178 -0.00123361
90.2776 -0.000957819
90.3771 -7.69685e-05
90.4766 0.000861684
90.5762 0.00126871
90.6757 0.000882456
90.7752 -6.294e-05
90.8748 -0.000979289
90.9743 -0.00129011
91.0738 -0.000793104
91.1734 0.000208433
91.2729 0.00109051
91.3724 0.00129698
91.472 0.00069003
91.5715 -0.000358302
91.671 -0.00119392
91.7706 -0.00128858
91.8701 -0.000573613
91.9697 0.000511258
92.0692 0.00128812
92.1687 0.00126423
92.2683 0.000444344
92.3678 -0.000665944
92.4673 -0.0013717
92.5669 -0.00122335
92.6664 -0.000302823
92.7659 0.000820932
92.8655 0.00144328
92.965 0.00116545
93.0645 0.000149758
93.1641 -0.000974734
93.2636 -0.00150149
93.3631 -0.00109012
93.4627 1.40378e-05
93.5622 0.0011258
93.6617 0.00154499
93.7613 0.00099704
93.8608 -0.000187647
93.9603 -0.00127252
94.0599 -0.00157244
94.1594 -0.00088598
94.2589 0.00037005
94.3585 0.00141324
94.458 0.00158256
94.5575 0.000756797
94.6571 -0.00056012
94.7566 -0.00154621
94.8561 -0.00157403
94.9557 -0.000609432
95.0552 0.000756621
95.1547 0.00166963
95.2543 0.00154558
95.3538 0.000443917
95.4534 -0.000958197
95.5529 -0.00178163
95.6524 -0.00149592
95.752 -0.000260376
95.8515 0.00116335
95.951 0.0018802
96.0506 0.00142378
96.1501 5.90398e-05
96.2496 -0.00137043
96.3492 -0.00196322
96.4487 -0.00132784
96.5482 0.000159728
96.6478 0.00157755
96.7473 0.00202839
96.8468 0.0012068
96.9464 -0.000395382
97.0459 -0.00178252
97.1454 -0.00207315
97.245 -0.00105932
97.3445 0.000647094
97.444 0.00198274
97.5436 0.00209463
97.6431 0.000884107
97.7426 -0.000913581
97.8422 -0.0021749
97.9417 -0.00208949
98.0412 -0.000679993
98.1408 0.00119276
98.2403 0.00235463
98.3398 0.00205371
98.4394 0.000446186
98.5389 -0.00148109
98.6384 -0.00251574
98.738 -0.00198236
98.8375 -0.00018282
98.937 0.00177225
99.0366 0.00264884
99.1361 0.00186909
99.2357 -0.00010776
99.3352 -0.0020544
99.4347 -0.00273855
99.5343 -0.00170558
99.6338 0.000417967
99.7333 0.00230401
99.8329 0.00275757
99.9324 0.00148058
100.032 -0.000727369
100.131 -0.00247127
100.231 -0.00265295
100.331 -0.00117903
100.43 0.000982109
100.53 0.00244148
100.629 0.00231053
100.729 0.000782496
100.828 -0.00103256
100.928 -0.00191969
101.027 -0.00144955
101.127 -0.000280401
101.226 0.00041347
101.326 2.37893e-05
101.425 -0.000744922
101.525 -0.000244417
101.624 0.00253226
101.724 0.00599786
101.824 0.00511264
