0 -0.00197352
0.0995343 -0.028731
0.199069 -0.0545483
0.298603 -0.068624
0.398137 -0.0626402
0.497671 -0.0326611
0.597206 0.0207636
0.69674 0.0932037
0.796274 0.176324
0.895808 0.256853
0.995343 0.315683
1.09488 0.329164
1.19441 0.274162
1.29395 0.136443
1.39348 -0.0803398
1.49301 -0.349155
1.59255 -0.620894
1.69208 -0.833137
1.79162 -0.923856
1.89115 -0.845591
1.99069 -0.576107
2.09022 -0.124064
2.18975 0.46887
2.28929 1.12699
2.38882 1.73999
2.48836 2.16625
2.58789 2.24667
2.68742 1.8354
2.78696 0.847553
2.88649 -0.685997
2.98603 -2.57669
3.08556 -4.47313
3.1851 -5.91003
3.28463 -6.41174
3.38416 -5.62886
3.4837 -3.46742
3.58323 -0.164444
3.68277 3.7254
3.7823 7.44031
3.88184 10.1941
3.98137 11.3784
4.0809 10.7216
4.18044 8.3543
4.27997 4.75979
4.37951 0.630429
4.47904 -3.32176
4.57858 -6.53661
4.67811 -8.70742
4.77764 -9.78956
4.87718 -9.92868
4.97671 -9.34871
5.07625 -8.2495
5.17578 -6.75261
5.27532 -4.90787
5.37485 -2.74499
5.47438 -0.336157
5.57392 2.16615
5.67345 4.53648
5.77299 6.52602
5.87252 7.93062
5.97206 8.64572
6.07159 8.68359
6.17112 8.14769
6.27066 7.17899
6.37019 5.9019
6.46973 4.39543
6.56926 2.70079
6.6688 0.857257
6.76833 -1.05712
6.86786 -2.90558
6.9674 -4.50847
7.06693 -5.69089
7.16647 -6.34113
7.266 -6.45198
7.36553 -6.12391
7.46507 -5.5269
7.5646 -4.83659
7.66414 -4.17271
7.76367 -3.56601
7.86321 -2.96624
7.96274 -2.28484
8.06227 -1.45048
8.16181 -0.451523
8.26134 0.652407
8.36088 1.75207
8.46041 2.73003
8.55995 3.50107
8.65948 4.03385
8.75901 4.34711
8.85855 4.48695
8.95808 4.49912
9.05762 4.41065
9.15715 4.2271
9.25669 3.94234
9.35622 3.55184
9.45575 3.05982
9.55529 2.47713
9.65482 1.81306
9.75436 1.06929
9.85389 0.242154
9.95343 -0.665891
10.053 -1.63157
10.1525 -2.60205
10.252 -3.49911
10.3516 -4.23664
10.4511 -4.74465
10.5506 -4.9891
10.6502 -4.97875
10.7497 -4.75642
10.8492 -4.3795
10.9488 -3.89935
11.0483 -3.3485
11.1478 -2.73964
11.2474 -2.07425
11.3469 -1.35412
11.4464 -0.589024
11.546 0.202403
11.6455 0.997255
11.745 1.77366
11.8446 2.51272
11.9441 3.19606
12.0436 3.80156
12.1432 4.30152
12.2427 4.66577
12.3422 4.86913
12.4418 4.89905
12.5413 4.75863
12.6409 4.46287
12.7404 4.02989
12.8399 3.47246
12.9395 2.79534
13.039 2.00076
13.1385 1.09954
13.2381 0.12156
13.3376 -0.881167
13.4371 -1.84187
13.5367 -2.69448
13.6362 -3.39032
13.7357 -3.90828
13.8353 -4.25405
13.9348 -4.44946
14.0343 -4.51802
14.1339 -4.47421
14.2334 -4.32127
14.3329 -4.05748
14.4325 -3.6861
14.532 -3.22235
14.6315 -2.69314
14.7311 -2.12978
14.8306 -1.55794
14.9301 -0.99078
15.0297 -0.429159
15.1292 0.131401
15.2287 0.691264
15.3283 1.24022
15.4278 1.75773
15.5273 2.21952
15.6269 2.60673
15.7264 2.91237
15.8259 3.14161
15.9255 3.30619
16.025 3.41631
16.1245 3.4747
16.2241 3.47602
16.3236 3.41127
16.4232 3.27443
16.5227 3.06703
16.6222 2.79827
16.7218 2.48088
16.8213 2.12544
16.9208 1.73686
17.0204 1.31485
17.1199 0.85802
17.2194 0.369007
17.319 -0.142631
17.4185 -0.661282
17.518 -1.16934
17.6176 -1.65195
17.7171 -2.09974
17.8166 -2.50818
17.9162 -2.87434
18.0157 -3.1933
18.1152 -3.45654
18.2148 -3.65321
18.3143 -3.77334
18.4138 -3.81091
18.5134 -3.76486
18.6129 -3.6376
18.7124 -3.43219
18.812 -3.1502
18.9115 -2.79191
19.011 -2.3589
19.1106 -1.85754
19.2101 -1.30115
19.3096 -0.709451
19.4092 -0.105119
19.5087 0.490808
19.6082 1.06246
19.7078 1.60003
19.8073 2.09787
19.9069 2.55126
20.0064 2.95367
20.1059 3.29609
20.2055 3.5684
20.305 3.7619
20.4045 3.87134
20.5041 3.89549
20.6036 3.83625
20.7031 3.69721
20.8027 3.48274
20.9022 3.19817
21.0017 2.85065
21.1013 2.44989
21.2008 2.00799
21.3003 1.53804
21.3999 1.05238
21.4994 0.561187
21.5989 0.072129
21.6985 -0.408949
21.798 -0.877072
21.8975 -1.32761
21.9971 -1.75643
22.0966 -2.16026
22.1961 -2.53635
22.2957 -2.88099
22.3952 -3.18731
22.4947 -3.44344
22.5943 -3.63279
22.6938 -3.7371
22.7933 -3.74161
22.8929 -3.64048
22.9924 -3.4398
23.0919 -3.15683
23.1915 -2.81525
23.291 -2.43858
23.3905 -2.04434
23.4901 -1.64143
23.5896 -1.23142
23.6892 -0.812552
23.7887 -0.38431
23.8882 0.0497591
23.9878 0.481809
24.0873 0.901588
24.1868 1.29893
24.2864 1.66536
24.3859 1.9943
24.4854 2.28032
24.585 2.51864
24.6845 2.70547
24.784 2.83924
24.8836 2.92168
24.9831 2.9577
25.0826 2.95354
25.1822 2.91399
25.2817 2.84011
25.3812 2.72876
25.4808 2.57462
25.5803 2.37357
25.6798 2.12587
25.7794 1.83734
25.8789 1.51791
25.9784 1.17852
26.078 0.827868
26.1775 0.470927
26.277 0.109791
26.3766 -0.253918
26.4761 -0.616667
26.5756 -0.972124
26.6752 -1.3122
26.7747 -1.62914
26.8742 -1.91707
26.9738 -2.17191
27.0733 -2.38962
27.1729 -2.56396
27.2724 -2.68588
27.3719 -2.74528
27.4715 -2.7351
27.571 -2.6557
27.6705 -2.51711
27.7701 -2.33767
27.8696 -2.139
27.9691 -1.93954
28.0687 -1.74927
28.1682 -1.56797
28.2677 -1.38751
28.3673 -1.19674
28.4668 -0.986444
28.5663 -0.752323
28.6659 -0.494983
28.7654 -0.217966
28.8649 0.0744835
28.9645 0.378309
29.064 0.688817
29.1635 0.999068
29.2631 1.29905
29.3626 1.57671
29.4621 1.82076
29.5617 2.02381
29.6612 2.18399
29.7607 2.30401
29.8603 2.38797
29.9598 2.43754
30.0593 2.44975
30.1589 2.41769
30.2584 2.33399
30.3579 2.1954
30.4575 2.00602
30.557 1.77757
30.6566 1.52636
30.7561 1.2685
30.8556 1.01546
30.9552 0.771911
31.0547 0.536527
31.1542 0.304964
31.2538 0.0732898
31.3533 -0.159711
31.4528 -0.392132
31.5524 -0.620103
31.6519 -0.839431
31.7514 -1.0467
31.851 -1.2393
31.9505 -1.41478
32.05 -1.57
32.1496 -1.70094
32.2491 -1.80319
32.3486 -1.87271
32.4482 -1.90659
32.5477 -1.90323
32.6472 -1.86236
32.7468 -1.78499
32.8463 -1.67378
32.9458 -1.53361
33.0454 -1.37191
33.1449 -1.19806
33.2444 -1.02173
33.344 -0.850588
33.4435 -0.688243
33.543 -0.533552
33.6426 -0.381846
33.7421 -0.227668
33.8416 -0.0678815
33.9412 0.0962951
34.0407 0.259282
34.1402 0.413182
34.2398 0.550885
34.3393 0.668775
34.4389 0.767791
34.5384 0.852458
34.6379 0.928455
34.7375 0.999952
34.837 1.06791
34.9365 1.13001
35.0361 1.18193
35.1356 1.21928
35.2351 1.23911
35.3347 1.24042
35.4342 1.22368
35.5337 1.1898
35.6333 1.13912
35.7328 1.07115
35.8323 0.984825
35.9319 0.879329
36.0314 0.754927
36.1309 0.61354
36.2305 0.458904
36.33 0.296336
36.4295 0.132215
36.5291 -0.0267292
36.6286 -0.174224
36.7281 -0.30527
36.8277 -0.416807
36.9272 -0.508023
37.0267 -0.580188
37.1263 -0.635992
37.2258 -0.678607
37.3253 -0.710766
37.4249 -0.7342
37.5244 -0.749564
37.6239 -0.756777
37.7235 -0.755547
37.823 -0.745766
37.9226 -0.727632
38.0221 -0.701515
38.1216 -0.667722
38.2212 -0.626369
38.3207 -0.577464
38.4202 -0.521151
38.5198 -0.457983
38.6193 -0.389068
38.7188 -0.316032
38.8184 -0.240828
38.9179 -0.165507
39.0174 -0.0920246
39.117 -0.0221128
39.2165 0.0428165
39.316 0.101768
39.4156 0.154246
39.5151 0.200253
39.6146 0.240148
39.7142 0.274357
39.8137 0.30305
39.9132 0.325951
40.0128 0.342407
40.1123 0.35173
40.2118 0.353656
40.3114 0.34867
40.4109 0.33802
40.5104 0.323376
40.61 0.306288
40.7095 0.287733
40.809 0.267961
40.9086 0.24671
41.0081 0.223636
41.1076 0.198707
41.2072 0.172339
41.3067 0.145227
41.4062 0.118016
41.5058 0.0910432
41.6053 0.0643372
41.7049 0.0378584
41.8044 0.0118282
41.9039 -0.0130967
42.0035 -0.0359395
42.103 -0.0557613
42.2025 -0.0720521
42.3021 -0.0849115
42.4016 -0.0949017
42.5011 -0.102657
42.6007 -0.108492
42.7002 -0.112244
42.7997 -0.11347
42.8993 -0.111847
42.9988 -0.107539
43.0983 -0.101287
43.1979 -0.0941303
43.2974 -0.0869442
43.3969 -0.0800497
43.4965 -0.0731512
43.596 -0.0656386
43.6955 -0.0570751
43.7951 -0.0475715
43.8946 -0.0378167
43.9941 -0.0287445
44.0937 -0.0210431
44.1932 -0.0148077
44.2927 -0.00955247
44.3923 -0.00457128
44.4918 0.000579068
44.5913 0.00577599
44.6909 0.0103983
44.7904 0.0137212
44.8899 0.0153904
44.9895 0.0156759
45.089 0.0153418
45.1886 0.0152109
45.2881 0.0156907
45.3876 0.0165588
45.4872 0.0171391
45.5867 0.0167606
45.6862 0.0152123
45.7858 0.0129072
45.8853 0.0106536
45.9848 0.00917506
46.0844 0.00867841
46.1839 0.00874215
46.2834 0.00859554
46.383 0.0076152
46.4825 0.00572872
46.582 0.00347202
46.6816 0.00166316
46.7811 0.000895896
46.8806 0.00116969
46.9802 0.00188886
47.0797 0.00223286
47.1792 0.00166747
47.2788 0.000277518
47.3783 -0.00128759
47.4778 -0.00222211
47.5774 -0.00207154
47.6769 -0.00102168
47.7764 0.000212064
47.876 0.00082703
47.9755 0.000430977
48.075 -0.000716236
48.1746 -0.00186878
48.2741 -0.00226546
48.3736 -0.00161063
48.4732 -0.00026392
48.5727 0.000980652
48.6723 0.00138892
48.7718 0.000745134
48.8713 -0.000512552
48.9709 -0.00156535
49.0704 -0.00172583
49.1699 -0.000868537
49.2695 0.000490457
49.369 0.00151569
49.4685 0.00157522
49.5681 0.000637328
49.6676 -0.000707822
49.7671 -0.00161576
49.8667 -0.00151539
49.9662 -0.000466607
50.0657 0.000876269
50.1653 0.00167325
50.2648 0.00142436
50.3643 0.000283361
50.4639 -0.0010372
50.5634 -0.001711
50.6629 -0.00131504
50.7625 -9.51932e-05
50.862 0.00118646
50.9615 0.00172778
51.0611 0.00118859
51.1606 -9.55342e-05
51.2601 -0.00132211
51.3597 -0.00172329
51.4592 -0.00104653
51.5587 0.000286425
51.6583 0.00144237
51.7578 0.00169748
51.8573 0.000890568
51.9569 -0.00047508
52.0564 -0.00154563
52.1559 -0.00165055
52.2555 -0.000722589
52.355 0.000659129
52.4546 0.00163054
52.5541 0.00158299
52.6536 0.000544621
52.7532 -0.000836253
52.8527 -0.00169592
52.9522 -0.00149553
53.0518 -0.000358826
53.1513 0.00100422
53.2508 0.00174088
53.3504 0.00138914
53.4499 0.000167463
53.5494 -0.00116089
53.649 -0.00176474
53.7485 -0.00126504
53.848 2.71324e-05
53.9476 0.00130429
54.0471 0.0017671
54.1466 0.00112468
54.2462 -0.00022258
54.3457 -0.00143257
54.4452 -0.00174782
54.5448 -0.00096969
54.6443 0.000416483
54.7438 0.00154409
54.8434 0.00170703
54.9429 0.000801894
55.0424 -0.000606456
55.142 -0.00163737
55.2415 -0.00164511
55.341 -0.00062328
55.4406 0.000790154
55.5401 0.0017112
55.6396 0.0015627
55.7392 0.000435971
55.8387 -0.000965302
55.9383 -0.00176456
56.0378 -0.0014607
56.1373 -0.000242204
56.2369 0.00112972
56.3364 0.0017967
56.4359 0.00134024
56.5355 4.43014e-05
56.635 -0.00128135
56.7345 -0.0018071
56.8341 -0.00120269
56.9336 0.000155356
57.0331 0.00141827
57.1327 0.00179551
57.2322 0.00104961
57.3317 -0.000354356
57.4313 -0.00153875
57.5308 -0.00176196
57.6303 -0.000882782
57.7299 0.000550285
57.8294 0.00164122
57.9289 0.00170671
58.0285 0.000704132
58.128 -0.000740754
58.2275 -0.00172435
58.3271 -0.00163032
58.4266 -0.000515752
58.5261 0.000923429
58.6257 0.00178701
58.7252 0.00153356
58.8247 0.000319856
58.9243 -0.00109606
59.0238 -0.00182833
59.1233 -0.00141749
59.2229 -0.00011876
59.3224 0.0012565
59.422 0.00184766
59.5215 0.00128337
59.621 -8.51477e-05
59.7206 -0.00140274
59.8201 -0.00184463
59.9196 -0.00113271
60.0192 0.000289431
60.1187 0.00153292
60.2182 0.00181913
60.3178 0.00096721
60.4173 -0.000491638
60.5168 -0.00164538
60.6164 -0.00177132
60.7159 -0.000788751
60.8154 0.000689324
60.915 0.00173864
61.0145 0.00170161
61.114 0.000599386
61.2136 -0.000880086
61.3131 -0.00181145
61.4126 -0.00161068
61.5122 -0.000401311
61.6117 0.00106159
61.7112 0.00186278
61.8108 0.00149948
61.9103 0.000196833
62.0098 -0.00123158
62.1094 -0.00189186
62.2089 -0.00136917
62.3084 1.16454e-05
62.408 0.00138794
62.5075 0.00189817
62.607 0.00122118
62.7066 -0.00022166
62.8061 -0.0015287
62.9056 -0.00188146
63.0052 -0.00105712
63.1047 0.000430712
63.2043 0.00165204
63.3038 0.00184173
63.4033 0.000878845
63.5029 -0.000636293
63.6024 -0.00175635
63.7019 -0.00177929
63.8015 -0.000688352
63.901 0.000835919
64.0005 0.00184022
64.1001 0.00169467
64.1996 0.000487816
64.2991 -0.00102715
64.3987 -0.00190248
64.4982 -0.0015887
64.5977 -0.000279542
64.6973 0.00120764
64.7968 0.00194218
64.8963 0.00146244
64.9959 6.5946e-05
65.0954 -0.00137513
65.1949 -0.00195865
65.2945 -0.00131723
65.394 0.000150475
65.4935 0.00152751
65.5931 0.00195148
65.6926 0.00115461
65.7921 -0.000367168
65.8917 -0.00166282
65.9912 -0.00192053
66.0907 -0.000976352
66.1903 0.000581554
66.2898 0.00177927
66.3893 0.00186593
66.4889 0.000784425
66.5884 -0.000791059
66.688 -0.00187529
66.7875 -0.00178809
66.887 -0.000580974
66.9866 0.000993137
67.0861 0.00194954
67.1856 0.0016877
67.2852 0.000368301
67.3847 -0.00118531
67.4842 -0.00200089
67.5838 -0.00156571
67.6833 -0.000148835
67.7828 0.00136518
67.8824 0.0020285
67.9819 0.00142335
68.0814 -7.48872e-05
68.181 -0.00153048
68.2805 -0.00203176
68.38 -0.00126207
68.4796 0.000300256
68.5791 0.00167908
68.6786 0.00201037
68.7782 0.00108357
68.8777 -0.000524612
68.9772 -0.00180903
69.0768 -0.0019643
69.1763 -0.000889779
69.2758 0.000745281
69.3754 0.00191855
69.4749 0.00189379
69.5744 0.00068281
69.674 -0.000959599
69.7735 -0.0020061
69.873 -0.00179938
69.9726 -0.000464955
70.0721 0.00116495
70.1716 0.00207038
70.2712 0.0016819
70.3707 0.000238663
70.4703 -0.00135877
70.5698 -0.00211032
70.6693 -0.00154245
70.7689 -6.50687e-06
70.8684 0.00153863
70.9679 0.00212513
71.0675 0.00138238
71.167 -0.000228839
71.2665 -0.0017022
71.3661 -0.0021143
71.4656 -0.00120333
71.5651 0.000464629
71.6647 0.00184734
71.7642 0.00207761
71.8637 0.00100714
71.9633 -0.000698078
72.0628 -0.00197205
72.1623 -0.00201514
72.2619 -0.000795906
72.3614 0.000926389
72.4609 0.00207459
72.5605 0.00192725
72.66 0.000571904
72.7595 -0.00114679
72.8591 -0.0021534
72.9586 -0.00181461
73.0581 -0.000337598
73.1577 0.00135655
73.2572 0.00220722
73.3567 0.00167818
73.4563 9.56007e-05
73.5558 -0.00155304
73.6553 -0.00223501
73.7549 -0.00151922
73.8544 0.000151345
73.954 0.00173372
74.0535 0.00223604
74.153 0.00133924
74.2526 -0.000400401
74.3521 -0.00189621
74.4516 -0.00220989
74.5512 -0.00114003
74.6507 0.000648661
74.7502 0.0020383
74.8498 0.0021564
74.9493 0.000923631
75.0488 -0.000893182
75.1484 -0.00215797
75.2479 -0.00207576
75.3474 -0.000692305
75.447 0.00113102
75.5465 0.00225343
75.646 0.00196846
75.7456 0.000448522
75.8451 -0.00135925
75.9446 -0.00232314
76.0442 -0.00183529
76.1437 -0.000194936
76.2432 0.00157501
76.3428 0.00236581
76.4423 0.00167735
76.5418 -6.56411e-05
76.6414 -0.00177555
76.7409 -0.00238046
76.8404 -0.00149607
76.94 0.000330272
77.0395 0.00195821
77.139 0.00236639
77.2386 0.00129312
77.3381 -0.000595919
77.4377 -0.00212052
77.5372 -0.00232321
77.6367 -0.00107049
77.7363 0.000859479
77.8358 0.00226017
77.9353 0.00225088
78.0349 0.000830409
78.1344 -0.00111781
78.2339 -0.00237507
78.3335 -0.00214966
78.433 -0.000575343
78.5325 0.00136779
78.6321 0.00246338
78.7316 0.00202016
78.8311 0.000307982
78.9307 -0.00160629
79.0302 -0.00252351
79.1297 -0.00186329
79.2293 -3.12038e-05
79.3288 0.00183029
79.4283 0.00255415
79.5279 0.00168033
79.6274 -0.00025195
79.7269 -0.00203685
79.8265 -0.00255432
79.926 -0.00147284
80.0255 0.000538304
80.1251 0.00222317
80.2246 0.00252333
80.3241 0.00124272
80.4237 -0.000824578
80.5232 -0.00238661
80.6227 -0.00246085
80.7223 -0.000992127
80.8218 0.00110743
80.9213 0.00252473
81.0209 0.00236687
81.1204 0.000723521
81.22 -0.00138347
81.3195 -0.00263534
81.419 -0.00224176
81.5186 -0.000439607
81.6181 0.00164931
81.7176 0.00271648
81.8172 0.00208621
81.9167 0.000143321
82.0162 -0.00190162
82.1158 -0.00276647
82.2153 -0.00190127
82.3148 0.000162196
82.4144 0.00213711
82.5139 0.00278396
82.6134 0.00168837
82.713 -0.000473624
82.8125 -0.00235262
82.912 -0.0027679
83.0116 -0.00144925
83.1111 0.000787501
83.2106 0.00254511
83.3102 0.00271758
83.4097 0.00118599
83.5092 -0.00110025
83.6088 -0.00271175
83.7083 -0.00263268
83.8078 -0.000900975
83.9074 0.00140822
84.0069 0.00284989
84.1064 0.00251322
84.206 0.000596909
84.3055 -0.00170772
84.405 -0.00295713
84.5046 -0.0023596
84.6041 -0.000276759
84.7037 0.00199504
84.8032 0.00303134
84.9027 0.00217261
85.0023 -5.62509e-05
85.1018 -0.00226651
85.2013 -0.0030707
85.3009 -0.0019534
85.4004 0.000398671
85.4999 0.00251854
85.5995 0.0030737
85.699 0.00170352
85.7985 -0.000746856
85.8981 -0.00274763
85.9976 -0.00303918
86.0971 -0.00142489
86.1967 0.00109699
86.2962 0.00295044
86.3957 0.00296634
86.4953 0.00111976
86.5948 -0.00144514
86.6943 -0.00312379
86.7939 -0.00285478
86.8934 -0.00079076
86.9929 0.00178727
87.0925 0.00326474
87.192 0.00270447
87.2915 0.000440834
87.3911 -0.00211927
87.4906 -0.00337058
87.5901 -0.00251579
87.6897 -7.32343e-05
87.7892 0.00243703
87.8887 0.00343889
87.9883 0.00228955
88.0878 -0.000308503
88.1873 -0.00273645
88.2869 -0.00346756
88.3864 -0.00202692
88.486 0.000700583
88.5855 0.00301348
88.685 0.0034548
88.7846 0.00172954
88.8841 -0.00109898
88.9836 -0.00326418
89.0832 -0.00339919
89.1827 -0.0013994
89.2822 0.00149949
89.3818 0.00348473
89.4813 0.00329969
89.5808 0.00103892
89.6804 -0.00189772
89.7799 -0.00367149
89.8794 -0.00315567
89.979 -0.000650879
90.0785 0.00228917
90.178 0.003821
90.2776 0.00296689
90.3771 0.000238421
90.4766 -0.00266923
90.5762 -0.00393007
90.6757 -0.00273354
90.7752 0.00019496
90.8748 0.00303326
90.9743 0.00399575
91.0738 0.00245623
91.1734 -0.000645454
91.2729 -0.00337659
91.3724 -0.00401542
91.472 -0.002136
91.5715 0.00110896
91.671 0.00369457
91.7706 0.00398674
91.8701 0.00177433
91.9697 -0.0015811
92.0692 -0.00398261
92.1687 -0.00390775
92.2683 -0.00137309
92.3678 0.00205727
92.4673 0.0042362
92.5669 0.00377684
92.6664 0.000934577
92.7659 -0.00253266
92.8655 -0.00445097
92.965 -0.00359276
93.0645 -0.00046147
93.1641 0.0030023
93.2636 0.0046227
93.3631 0.00335465
93.4627 -4.3178e-05
93.5622 -0.00346106
93.6617 -0.00474734
93.7613 -0.00306202
93.8608 0.000575972
93.9603 0.00390375
94.0599 0.00482104
94.1594 0.00271477
94.2589 -0.0011332
94.3585 -0.00432506
94.458 -0.00484018
94.5575 -0.00231314
94.6571 0.00171087
94.7566 0.00471969
94.8561 0.00480133
94.9557 0.0018577
95.0552 -0.00230475
95.1547 -0.00508229
95.2543 -0.0047013
95.3538 -0.00134933
95.4534 0.00291042
95.5529 0.00540757
95.6524 0.00453709
95.752 0.00078914
95.8515 -0.0035233
95.951 -0.00569023
96.0506 -0.00430585
96.1501 -0.000178426
96.2496 0.00413877
96.3492 0.00592505
96.4487 0.00400486
96.5482 -0.00048145
96.6478 -0.00475217
96.7473 -0.00610683
96.8468 -0.00363139
96.9464 0.00118918
97.0459 0.00535896
97.1454 0.00623042
97.245 0.00318262
97.3445 -0.0019437
97.444 -0.00595482
97.5436 -0.00629066
97.6431 -0.00265538
97.7426 0.00274447
97.8422 0.00653582
97.9417 0.00628235
98.0412 0.00204591
98.1408 -0.00359188
98.2403 -0.00709873
98.3398 -0.00620012
98.4394 -0.0013493
98.5389 0.00448796
98.6384 0.00764145
98.738 0.00603838
98.8375 0.000558734
98.937 -0.00543744
99.0366 -0.00816382
99.1361 -0.00579103
99.2357 0.000335926
99.3352 0.00644996
99.4347 0.0086692
99.5343 0.00545126
99.6338 -0.00135088
99.7333 -0.00754418
99.8329 -0.00916776
99.9324 -0.00501098
100.032 0.00251408
100.131 0.00875706
100.231 0.00968398
100.331 0.00445987
100.43 -0.0038789
100.53 -0.0101669
100.629 -0.0102761
100.729 -0.0037827
100.828 0.00556203
100.928 0.0119592
101.027 0.0110937
101.127 0.00294932
101.226 -0.00787087
101.326 -0.0146588
101.425 -0.0125871
101.525 -0.00186378
101.624 0.0118424
101.724 0.020075
101.824 0.015973
