0.0 -0.00219985938985
0.1 -0.0173141465089
0.2 -0.0425988822028
0.3 -0.0722384568774
0.4 -0.0921426179298
0.5 -0.0831411070313
0.6 -0.0288407747154
0.7 0.0747526509952
0.8 0.212586395468
0.9 0.351123230371
1.0 0.447359629061
1.1 0.4632580084
1.2 0.379245218156
1.3 0.200381643899
1.4 -0.0473780225424
1.5 -0.32767370177
1.6 -0.603736368047
1.7 -0.841248833288
1.8 -1.00305193479
1.9 -1.04216080322
2.0 -0.90353502248
2.1 -0.541457076088
2.2 0.0507201115584
2.3 0.811882788035
2.4 1.60223374537
2.5 2.22093769351
2.6 2.45138416899
2.7 2.12165634479
2.8 1.16206063535
2.9 -0.356455379558
3.0 -2.21225382579
3.1 -4.05414703975
3.2 -5.45372213413
3.3 -5.98728356678
3.4 -5.34010778171
3.5 -3.41339136689
3.6 -0.400516808778
3.7 3.20502337138
3.8 6.69357574479
3.9 9.30708181167
4.0 10.4457478984
4.1 9.84439312607
4.2 7.65165339274
4.3 4.37754936715
4.4 0.725869869836
4.5 -2.62489533665
4.6 -5.20766714799
4.7 -6.85261162053
4.8 -7.652354975
4.9 -7.83960771851
5.0 -7.64362463659
5.1 -7.19076486878
5.2 -6.48322973141
5.3 -5.44823288248
5.4 -4.01937117127
5.5 -2.20537078143
5.6 -0.116820230452
5.7 2.05353657676
5.8 4.0809486931
5.9 5.76501463807
6.0 6.9712723773
6.1 7.64649629421
6.2 7.80683690102
6.3 7.50721246613
6.4 6.80681179657
6.5 5.74721264026
6.6 4.35437947543
6.7 2.66400396069
6.8 0.755910260258
6.9 -1.22481737841
7.0 -3.07854509505
7.1 -4.59658016258
7.2 -5.62450323796
7.3 -6.1136946374
7.4 -6.13422486658
7.5 -5.84024707605
7.6 -5.40270940849
7.7 -4.94055335457
7.8 -4.48168542104
7.9 -3.96927399223
8.0 -3.30638118509
8.1 -2.41469985818
8.2 -1.27944209845
8.3 0.0375428374877
8.4 1.41743920377
8.5 2.7234837475
8.6 3.84030659287
8.7 4.69857912682
8.8 5.27943262419
8.9 5.60233855159
9.0 5.70513607361
9.1 5.62491303322
9.2 5.38529519236
9.3 4.99189441276
9.4 4.43494650618
9.5 3.69701145985
9.6 2.76355943683
9.7 1.63453661209
9.8 0.334972580109
9.9 -1.07780098312
10.0 -2.51328328141
10.1 -3.85595563524
10.2 -4.98316027471
10.3 -5.78977879174
10.4 -6.21279222798
10.5 -6.24677185013
10.6 -5.94324395757
10.7 -5.39277719025
10.8 -4.69612108526
10.9 -3.9358539738
11.0 -3.15967717686
11.1 -2.38057915536
11.2 -1.59076562172
11.3 -0.780159764216
11.4 0.050342005599
11.5 0.885959409344
11.6 1.70378815816
11.7 2.48091709767
11.8 3.1985737994
11.9 3.83998235916
12.0 4.38464814773
12.1 4.80451665101
12.2 5.06633938611
12.3 5.14057777711
12.4 5.01287956573
12.5 4.69211428501
12.6 4.21025934801
12.7 3.61333819522
12.8 2.94708037932
12.9 2.24373934723
13.0 1.51615897194
13.1 0.761802938545
13.2 -0.0253943983674
13.3 -0.841459012338
13.4 -1.66417004623
13.5 -2.45458778555
13.6 -3.16754575816
13.7 -3.76547830577
13.8 -4.22816082749
13.9 -4.55337243844
14.0 -4.74884049731
14.1 -4.82094042235
14.2 -4.76738000843
14.3 -4.57839051243
14.4 -4.24546836296
14.5 -3.77192234614
14.6 -3.17839450327
14.7 -2.49975340645
14.8 -1.77515119923
14.9 -1.03712059733
15.0 -0.305859632065
15.1 0.408663156597
15.2 1.09904654943
15.3 1.75267102707
15.4 2.34886248271
15.5 2.86269499504
15.6 3.27300443968
15.7 3.56982408163
15.8 3.75704069241
15.9 3.84896791778
16.0 3.86289319885
16.1 3.81161456181
16.2 3.69966660471
16.3 3.5247417152
16.4 3.28302548829
16.5 2.97521756046
16.6 2.60981531338
16.7 2.20183031707
16.8 1.76765304319
16.9 1.31895785385
17.0 0.859160043483
17.1 0.384584725795
17.2 -0.110144438764
17.3 -0.625453840731
17.4 -1.1526573455
17.5 -1.67460404636
17.6 -2.17061268824
17.7 -2.62265197284
17.8 -3.01912381662
17.9 -3.35429593293
18.0 -3.62429542798
18.1 -3.82273618944
18.2 -3.93912594215
18.3 -3.96122025214
18.4 -3.87985616246
18.5 -3.69327059796
18.6 -3.40841046913
18.7 -3.03878165005
18.8 -2.60049143069
18.9 -2.10893800452
19.0 -1.57773292078
19.1 -1.0197031203
19.2 -0.448482483249
19.3 0.120905713335
19.4 0.673080076059
19.5 1.1943064231
19.6 1.6742236444
19.7 2.10635275715
19.8 2.48731264456
19.9 2.81539585777
20.0 3.08931554157
20.1 3.30756704417
20.2 3.46834363391
20.3 3.56967782386
20.4 3.60954645709
20.5 3.58591139688
20.6 3.49683775636
20.7 3.34083425034
20.8 3.1174496463
20.9 2.82804194847
21.0 2.47656231655
21.1 2.07014565732
21.2 1.61926021903
21.3 1.13718391233
21.4 0.638716203721
21.5 0.138308685615
21.6 -0.351901544544
21.7 -0.823513027255
21.8 -1.27219229902
21.9 -1.69671017702
22.0 -2.09690897627
22.1 -2.47119993479
22.2 -2.81439823439
22.3 -3.11670588502
22.4 -3.36442443369
22.5 -3.54249922658
22.6 -3.63831823501
22.7 -3.64552412491
22.8 -3.56629956976
22.9 -3.41095689845
23.0 -3.19470603037
23.1 -2.93276851502
23.2 -2.63587133188
23.3 -2.30805239147
23.4 -1.94761748281
23.5 -1.55057307061
23.6 -1.11475859234
23.7 -0.64280396851
23.8 -0.142914027604
23.9 0.372273815055
24.0 0.887663169773
24.1 1.38738042587
24.2 1.8556884876
24.3 2.27742642589
24.4 2.63862326942
24.5 2.92770060477
24.6 3.13710821834
24.7 3.26476579056
24.8 3.31461162845
24.9 3.29588230755
25.0 3.22122752189
25.1 3.10414043902
25.2 2.95633433731
25.3 2.78565654932
25.4 2.59499149356
25.5 2.38241228901
25.6 2.14258575721
25.7 1.86911901113
25.8 1.55722895558
25.9 1.20595109818
26.0 0.819196196399
26.1 0.405328629148
26.2 -0.0245301552444
26.3 -0.458771460792
26.4 -0.88718154371
26.5 -1.30160049206
26.6 -1.69504916737
26.7 -2.05978708566
26.8 -2.38545266776
26.9 -2.65865025076
27.0 -2.86483416999
27.1 -2.99220302413
27.2 -3.0360750244
27.3 -3.00158939424
27.4 -2.90307252485
27.5 -2.75992341586
27.6 -2.59065762877
27.7 -2.40777852759
27.8 -2.2157534895
27.9 -2.01272053095
28.0 -1.79458060205
28.1 -1.55900287232
28.2 -1.30722475374
28.3 -1.04307454873
28.4 -0.770364529152
28.5 -0.490631767944
28.6 -0.202721469984
28.7 0.0956384582686
28.8 0.4053798361
28.9 0.724247693823
29.0 1.046458758
29.1 1.36371878415
29.2 1.66672362401
29.3 1.94626884183
29.4 2.1936712768
29.5 2.40084023846
29.6 2.56055791302
29.7 2.66724590324
29.8 2.71799263988
29.9 2.71329011739
30.0 2.65698852578
30.1 2.55518579063
30.2 2.4148534844
30.3 2.24236105622
30.4 2.04215915771
30.5 1.81650639399
30.6 1.56616577041
30.7 1.291825554
30.8 0.995687764715
30.9 0.682515080687
31.0 0.359577582816
31.1 0.0354238103246
31.2 -0.281971386744
31.3 -0.58671295107
31.4 -0.875283067311
31.5 -1.14542312885
31.6 -1.39425836563
31.7 -1.61686862232
31.8 -1.80635380266
31.9 -1.95562318872
32.0 -2.06011163223
32.1 -2.11999760685
32.2 -2.14064822969
32.3 -2.13087177857
32.4 -2.09964973127
32.5 -2.05276923461
32.6 -1.9908198657
32.7 -1.90937851469
32.8 -1.80123655903
32.9 -1.65969339243
33.0 -1.4815998305
33.1 -1.26907455155
33.2 -1.02946340889
33.3 -0.773834485328
33.4 -0.514772565853
33.5 -0.264278451902
33.6 -0.0322458217418
33.7 0.174466525964
33.8 0.352621932844
33.9 0.50303166212
34.0 0.630663786103
34.1 0.743987922453
34.2 0.853168795499
34.3 0.967215916456
34.4 1.09088016328
34.5 1.22251768913
34.6 1.35396620274
34.7 1.47269554777
34.8 1.56548614171
34.9 1.62220079877
35.0 1.63822033805
35.1 1.61478687518
35.2 1.557452633
35.3 1.47356772788
35.4 1.36994065927
35.5 1.25147828178
35.6 1.12102168429
35.7 0.980063339572
35.8 0.829765921399
35.9 0.671738130486
36.0 0.508267948784
36.1 0.342034373892
36.2 0.175584002094
36.3 0.0109622080126
36.4 -0.150224084233
36.5 -0.306322394771
36.6 -0.45504941645
36.7 -0.593255875926
36.8 -0.717326634918
36.9 -0.824106111834
37.0 -0.911859504705
37.1 -0.980683228726
37.2 -1.03206028366
37.3 -1.06775783783
37.4 -1.08866579106
37.5 -1.09421694006
37.6 -1.08269146919
37.7 -1.05221655723
37.8 -1.00193086829
37.9 -0.932768923644
38.0 -0.847581384605
38.1 -0.750640944237
38.2 -0.646798760047
38.3 -0.540593891261
38.4 -0.435544722873
38.5 -0.333761454198
38.6 -0.235947459236
38.7 -0.14177768577
38.8 -0.0505315972635
38.9 0.03824675719
39.0 0.124310179416
39.1 0.206633938821
39.2 0.28366309527
39.3 0.353691161939
39.4 0.415164492564
39.5 0.46682020804
39.6 0.507707863741
39.7 0.537204931892
39.8 0.555081821459
39.9 0.561571623644
40.0 0.557354489231
40.1 0.543419750736
40.2 0.520869985269
40.3 0.490785051927
40.4 0.454218503604
40.5 0.412290982829
40.6 0.366267962379
40.7 0.317528180991
40.8 0.267426277632
40.9 0.217144200331
41.0 0.167634634466
41.1 0.119682015377
41.2 0.0740111268742
41.3 0.0313396376362
41.4 -0.00767662130273
41.5 -0.0425658603538
41.6 -0.0731357222734
41.7 -0.0994688665936
41.8 -0.121818721262
41.9 -0.140469012907
42.0 -0.155630331948
42.1 -0.167406946734
42.2 -0.175818548688
42.3 -0.180842422446
42.4 -0.182455848463
42.5 -0.180680693405
42.6 -0.175635870321
42.7 -0.167586661117
42.8 -0.156963756776
42.9 -0.144330321696
43.0 -0.130302561819
43.1 -0.115457483339
43.2 -0.10026842499
43.3 -0.0850898961238
43.4 -0.0701838467117
43.5 -0.0557608991186
43.6 -0.0420118177936
43.7 -0.0291195191064
43.8 -0.017255874809
43.9 -0.00657181931708
44.0 0.00281406759402
44.1 0.0108268924213
44.2 0.017444744395
44.3 0.0227019539734
44.4 0.0266829870506
44.5 0.0295080565605
44.6 0.0313160282151
44.7 0.0322505445717
44.8 0.0324512806609
44.9 0.0320479409113
45.0 0.0311541351712
45.1 0.0298616448368
45.2 0.0282388509188
45.3 0.0263364312419
45.4 0.0241989758065
45.5 0.0218767860155
45.6 0.0194316746359
45.7 0.0169344410545
45.8 0.0144567038625
45.9 0.0120622683529
46.0 0.0098020156446
46.1 0.00771314028667
46.2 0.00582105132796
46.3 0.00414171956559
46.4 0.00268320320101
46.5 0.00144624549433
46.6 0.000424437063069
46.7 -0.000395474278609
46.8 -0.00103262245833
46.9 -0.00151008023831
47.0 -0.00185201793189
47.1 -0.00208065725853
47.2 -0.00221411374217
47.3 -0.00226598177615
47.4 -0.00224666619459
47.5 -0.002165562309
47.6 -0.00203287091754
47.7 -0.00186027629373
47.8 -0.0016605022435
47.9 -0.00144630023765
48.0 -0.00122944043013
48.1 -0.00101996220067
48.2 -0.000825673448768
48.3 -0.000651858901289
48.4 -0.000501259913442
48.5 -0.000374407394668
48.6 -0.000270253493532
48.7 -0.000186881491374
48.8 -0.000122043513351
48.9 -7.34145130819e-05
49.0 -3.86364127164e-05
49.1 -1.53120893998e-05
49.2 -1.05733387583e-06
49.3 6.38882607919e-06
49.4 9.05616891834e-06
49.5 8.68179407881e-06
49.6 6.69057898957e-06
49.7 4.18999343204e-06
49.8 1.96712498416e-06
49.9 5.00172383966e-07
50.0 0.0
50.1 0.0
50.2 0.0
50.3 0.0
50.4 0.0
50.5 0.0
50.6 0.0
50.7 0.0
50.8 0.0
50.9 0.0
51.0 0.0
51.1 0.0
51.2 0.0
51.3 0.0
51.4 0.0
51.5 0.0
51.6 0.0
51.7 0.0
51.8 0.0
51.9 0.0
52.0 0.0
52.1 0.0
52.2 0.0
52.3 0.0
52.4 0.0
52.5 0.0
52.6 0.0
52.7 0.0
52.8 0.0
52.9 0.0
53.0 0.0
53.1 0.0
53.2 0.0
53.3 0.0
53.4 0.0
53.5 0.0
53.6 0.0
53.7 0.0
53.8 0.0
53.9 0.0
54.0 0.0
54.1 0.0
54.2 0.0
54.3 0.0
54.4 0.0
54.5 0.0
54.6 0.0
54.7 0.0
54.8 0.0
54.9 0.0
55.0 0.0
55.1 0.0
55.2 0.0
55.3 0.0
55.4 0.0
55.5 0.0
55.6 0.0
55.7 0.0
55.8 0.0
55.9 0.0
56.0 0.0
56.1 0.0
56.2 0.0
56.3 0.0
56.4 0.0
56.5 0.0
56.6 0.0
56.7 0.0
56.8 0.0
56.9 0.0
57.0 0.0
57.1 0.0
57.2 0.0
57.3 0.0
57.4 0.0
57.5 0.0
57.6 0.0
57.7 0.0
57.8 0.0
57.9 0.0
58.0 0.0
58.1 0.0
58.2 0.0
58.3 0.0
58.4 0.0
58.5 0.0
58.6 0.0
58.7 0.0
58.8 0.0
58.9 0.0
59.0 0.0
59.1 0.0
59.2 0.0
59.3 0.0
59.4 0.0
59.5 0.0
59.6 0.0
59.7 0.0
59.8 0.0
59.9 0.0
60.0 0.0
60.1 0.0
60.2 0.0
60.3 0.0
60.4 0.0
60.5 0.0
60.6 0.0
60.7 0.0
60.8 0.0
60.9 0.0
61.0 0.0
61.1 0.0
61.2 0.0
61.3 0.0
61.4 0.0
61.5 0.0
61.6 0.0
61.7 0.0
61.8 0.0
61.9 0.0
62.0 0.0
62.1 0.0
62.2 0.0
62.3 0.0
62.4 0.0
62.5 0.0
62.6 0.0
62.7 0.0
62.8 0.0
62.9 0.0
63.0 0.0
63.1 0.0
63.2 0.0
63.3 0.0
63.4 0.0
63.5 0.0
63.6 0.0
63.7 0.0
63.8 0.0
63.9 0.0
64.0 0.0
64.1 0.0
64.2 0.0
64.3 0.0
64.4 0.0
64.5 0.0
64.6 0.0
64.7 0.0
64.8 0.0
64.9 0.0
65.0 0.0
65.1 0.0
65.2 0.0
65.3 0.0
65.4 0.0
65.5 0.0
65.6 0.0
65.7 0.0
65.8 0.0
65.9 0.0
66.0 0.0
66.1 0.0
66.2 0.0
66.3 0.0
66.4 0.0
66.5 0.0
66.6 0.0
66.7 0.0
66.8 0.0
66.9 0.0
67.0 0.0
67.1 0.0
67.2 0.0
67.3 0.0
67.4 0.0
67.5 0.0
67.6 0.0
67.7 0.0
67.8 0.0
67.9 0.0
68.0 0.0
68.1 0.0
68.2 0.0
68.3 0.0
68.4 0.0
68.5 0.0
68.6 0.0
68.7 0.0
68.8 0.0
68.9 0.0
69.0 0.0
69.1 0.0
69.2 0.0
69.3 0.0
69.4 0.0
69.5 0.0
69.6 0.0
69.7 0.0
69.8 0.0
69.9 0.0
70.0 0.0
70.1 0.0
70.2 0.0
70.3 0.0
70.4 0.0
70.5 0.0
70.6 0.0
70.7 0.0
70.8 0.0
70.9 0.0
71.0 0.0
71.1 0.0
71.2 0.0
71.3 0.0
71.4 0.0
71.5 0.0
71.6 0.0
71.7 0.0
71.8 0.0
71.9 0.0
72.0 0.0
72.1 0.0
72.2 0.0
72.3 0.0
72.4 0.0
72.5 0.0
72.6 0.0
72.7 0.0
72.8 0.0
72.9 0.0
73.0 0.0
73.1 0.0
73.2 0.0
73.3 0.0
73.4 0.0
73.5 0.0
73.6 0.0
73.7 0.0
73.8 0.0
73.9 0.0
74.0 0.0
74.1 0.0
74.2 0.0
74.3 0.0
74.4 0.0
74.5 0.0
74.6 0.0
74.7 0.0
74.8 0.0
74.9 0.0
75.0 0.0
75.1 0.0
75.2 0.0
75.3 0.0
75.4 0.0
75.5 0.0
75.6 0.0
75.7 0.0
75.8 0.0
75.9 0.0
76.0 0.0
76.1 0.0
76.2 0.0
76.3 0.0
76.4 0.0
76.5 0.0
76.6 0.0
76.7 0.0
76.8 0.0
76.9 0.0
77.0 0.0
77.1 0.0
77.2 0.0
77.3 0.0
77.4 0.0
77.5 0.0
77.6 0.0
77.7 0.0
77.8 0.0
77.9 0.0
78.0 0.0
78.1 0.0
78.2 0.0
78.3 0.0
78.4 0.0
78.5 0.0
78.6 0.0
78.7 0.0
78.8 0.0
78.9 0.0
79.0 0.0
79.1 0.0
79.2 0.0
79.3 0.0
79.4 0.0
79.5 0.0
79.6 0.0
79.7 0.0
79.8 0.0
79.9 0.0
80.0 0.0
80.1 0.0
80.2 0.0
80.3 0.0
80.4 0.0
80.5 0.0
80.6 0.0
80.7 0.0
80.8 0.0
80.9 0.0
81.0 0.0
81.1 0.0
81.2 0.0
81.3 0.0
81.4 0.0
81.5 0.0
81.6 0.0
81.7 0.0
81.8 0.0
81.9 0.0
82.0 0.0
82.1 0.0
82.2 0.0
82.3 0.0
82.4 0.0
82.5 0.0
82.6 0.0
82.7 0.0
82.8 0.0
82.9 0.0
83.0 0.0
83.1 0.0
83.2 0.0
83.3 0.0
83.4 0.0
83.5 0.0
83.6 0.0
83.7 0.0
83.8 0.0
83.9 0.0
84.0 0.0
84.1 0.0
84.2 0.0
84.3 0.0
84.4 0.0
84.5 0.0
84.6 0.0
84.7 0.0
84.8 0.0
84.9 0.0
85.0 0.0
85.1 0.0
85.2 0.0
85.3 0.0
85.4 0.0
85.5 0.0
85.6 0.0
85.7 0.0
85.8 0.0
85.9 0.0
86.0 0.0
86.1 0.0
86.2 0.0
86.3 0.0
86.4 0.0
86.5 0.0
86.6 0.0
86.7 0.0
86.8 0.0
86.9 0.0
87.0 0.0
87.1 0.0
87.2 0.0
87.3 0.0
87.4 0.0
87.5 0.0
87.6 0.0
87.7 0.0
87.8 0.0
87.9 0.0
88.0 0.0
88.1 0.0
88.2 0.0
88.3 0.0
88.4 0.0
88.5 0.0
88.6 0.0
88.7 0.0
88.8 0.0
88.9 0.0
89.0 0.0
89.1 0.0
89.2 0.0
89.3 0.0
89.4 0.0
89.5 0.0
89.6 0.0
89.7 0.0
89.8 0.0
89.9 0.0
90.0 0.0
90.1 0.0
90.2 0.0
90.3 0.0
90.4 0.0
90.5 0.0
90.6 0.0
90.7 0.0
90.8 0.0
90.9 0.0
91.0 0.0
91.1 0.0
91.2 0.0
91.3 0.0
91.4 0.0
91.5 0.0
91.6 0.0
91.7 0.0
91.8 0.0
91.9 0.0
92.0 0.0
92.1 0.0
92.2 0.0
92.3 0.0
92.4 0.0
92.5 0.0
92.6 0.0
92.7 0.0
92.8 0.0
92.9 0.0
93.0 0.0
93.1 0.0
93.2 0.0
93.3 0.0
93.4 0.0
93.5 0.0
93.6 0.0
93.7 0.0
93.8 0.0
93.9 0.0
94.0 0.0
94.1 0.0
94.2 0.0
94.3 0.0
94.4 0.0
94.5 0.0
94.6 0.0
94.7 0.0
94.8 0.0
94.9 0.0
95.0 0.0
95.1 0.0
95.2 0.0
95.3 0.0
95.4 0.0
95.5 0.0
95.6 0.0
95.7 0.0
95.8 0.0
95.9 0.0
96.0 0.0
96.1 0.0
96.2 0.0
96.3 0.0
96.4 0.0
96.5 0.0
96.6 0.0
96.7 0.0
96.8 0.0
96.9 0.0
97.0 0.0
97.1 0.0
97.2 0.0
97.3 0.0
97.4 0.0
97.5 0.0
97.6 0.0
97.7 0.0
97.8 0.0
97.9 0.0
98.0 0.0
98.1 0.0
98.2 0.0
98.3 0.0
98.4 0.0
98.5 0.0
98.6 0.0
98.7 0.0
98.8 0.0
98.9 0.0
99.0 0.0
99.1 0.0
99.2 0.0
99.3 0.0
99.4 0.0
99.5 0.0
99.6 0.0
99.7 0.0
99.8 0.0
99.9 0.0
100.0 0.0
100.1 0.0
100.2 0.0
100.3 0.0
100.4 0.0
100.5 0.0
100.6 0.0
100.7 0.0
100.8 0.0
100.9 0.0
101.0 0.0
101.1 0.0
101.2 0.0
101.3 0.0
101.4 0.0
101.5 0.0
101.6 0.0
101.7 0.0
101.8 0.0
101.9 0.0
102.0 0.0
102.1 0.0
102.2 0.0
102.3 0.0
