0.0 0.246556106665
0.0901442 0.527782561651
0.1802884 0.767522251122
0.2704326 0.927026582058
0.3605768 0.983464216149
0.450721 0.937913200117
0.5408652 0.813213514478
0.6310094 0.643042736014
0.7211536 0.457353077458
0.8112978 0.270658053495
0.901442 0.0788038627044
0.9915862 -0.133947138378
1.0817304 -0.380739599439
1.1718746 -0.657036434939
1.2620188 -0.931417959005
1.352163 -1.14744324906
1.4423072 -1.23727515962
1.5324514 -1.14213718364
1.6225956 -0.830564320913
1.7127398 -0.307878363698
1.802884 0.38186333414
1.8930282 1.15713039856
1.9831724 1.90261946578
2.0733166 2.47735668213
2.1634608 2.72847702646
2.253605 2.51253907685
2.3437492 1.72720855492
2.4338934 0.350928773182
2.5240376 -1.52089044247
2.6141818 -3.65853423925
2.704326 -5.71026621709
2.7944702 -7.24772024697
2.8846144 -7.8419015975
2.9747586 -7.16071714598
3.0649028 -5.07071659363
3.155047 -1.71549165677
3.2451912 2.46287416521
3.3353354 6.78260381983
3.4254796 10.457051756
3.5156238 12.7718212007
3.605768 13.2544172197
3.6959122 11.7882164018
3.7860564 8.63831017884
3.8762006 4.38164023637
3.9663448 -0.238742327987
4.056489 -4.4929111086
4.1466332 -7.82424599058
4.2367774 -9.94518239302
4.3269216 -10.8461281754
4.4170658 -10.7258861452
4.50721 -9.87772213039
4.5973542 -8.57617170296
4.6874984 -7.00370735742
4.7776426 -5.23655696743
4.8677868 -3.28303002744
4.957931 -1.14741567988
5.0480752 1.11353968201
5.1382194 3.36639101092
5.2283636 5.41758315753
5.3185078 7.06224662113
5.408652 8.14396253395
5.4987962 8.60041606709
5.5889404 8.47607149167
5.6790846 7.8970136041
5.7692288 7.0193617875
5.859373 5.97371564053
5.9495172 4.82893503461
6.0396614 3.58915657178
6.1298056 2.22290148222
6.2199498 0.70923599652
6.310094 -0.921045090755
6.4002382 -2.56836239344
6.4903824 -4.07949640382
6.5805266 -5.2892180146
6.6706708 -6.07200893473
6.760815 -6.38376838517
6.8509592 -6.27742565077
6.9411034 -5.8861706802
7.0312476 -5.38004837969
7.1213918 -4.91138579343
7.211536 -4.56829397096
7.3016802 -4.35193550108
7.3918244 -4.18375900325
7.4819686 -3.93775126749
7.5721128 -3.48453387325
7.662257 -2.73166783375
7.7524012 -1.64819102923
7.8425454 -0.268781969206
7.9326896 1.31949574514
8.0228338 2.99986174758
8.112978 4.64858209671
8.2031222 6.15086060018
8.2932664 7.40757428765
8.3834106 8.3352731982
8.4735548 8.86459558722
8.563699 8.94208387328
8.6538432 8.53752245323
8.7439874 7.65477335503
8.8341316 6.34083591049
8.9242758 4.68739236162
9.01442 2.82168345919
9.1045642 0.887806562344
9.1947084 -0.976462683554
9.2848526 -2.6603346103
9.3749968 -4.09225872084
9.465141 -5.24114977671
9.5552852 -6.10784334937
9.6454294 -6.71104476215
9.7355736 -7.0732329405
9.8257178 -7.21112690483
9.915862 -7.13286934274
10.0060062 -6.84112470503
10.0961504 -6.33922308985
10.1862946 -5.6370890278
10.2764388 -4.75475889103
10.366583 -3.72296325651
10.4567272 -2.5816067877
10.5468714 -1.37745146337
10.6370156 -0.161826173363
10.7271598 1.01179455428
10.817304 2.09116045084
10.9074482 3.03011064067
10.9975924 3.79441635481
11.0877366 4.36695642915
11.1778808 4.75009214416
11.268025 4.96362260593
11.3581692 5.03816567901
11.4483134 5.00570273838
11.5384576 4.89047127965
11.6286018 4.7035498643
11.718746 4.44311106053
11.8088902 4.09996672732
11.8990344 3.66577478967
11.9891786 3.14019228488
12.0793228 2.53388556979
12.169467 1.8663901487
12.2596112 1.16035802124
12.3497554 0.43547701532
12.4398996 -0.294580971767
12.5300438 -1.02047525421
12.620188 -1.73164129458
12.7103322 -2.40996735584
12.8004764 -3.02656304625
12.8906206 -3.54429949025
12.9807648 -3.92615242781
13.070909 -4.14646988827
13.1610532 -4.20051221164
13.2511974 -4.10789271756
13.3413416 -3.90785858391
13.4314858 -3.64771441879
13.52163 -3.36861027662
13.6117742 -3.09407908602
13.7019184 -2.82558654781
13.7920626 -2.54644438292
13.8822068 -2.23203488603
13.972351 -1.86189196922
14.0624952 -1.42878096201
14.1526394 -0.941584182327
14.2427836 -0.42167327775
14.3329278 0.1048166551
14.423072 0.61499773778
14.5132162 1.09414972743
14.6033604 1.53607055596
14.6935046 1.93970675541
14.7836488 2.30453774461
14.873793 2.62740122623
14.9639372 2.90228495878
15.0540814 3.12278164308
15.1442256 3.28539853723
15.2343698 3.39149451481
15.324514 3.44644992548
15.4146582 3.45627081633
15.5048024 3.4233216747
15.5949466 3.34347915066
15.6850908 3.2063915392
15.775235 2.99903059147
15.8653792 2.71110129915
15.9555234 2.33995107408
16.0456676 1.89284586682
16.1358118 1.38572416059
16.225956 0.839163607264
16.3161002 0.273494666797
16.4062444 -0.294791713226
16.4963886 -0.85401780445
16.5865328 -1.39573955357
16.676677 -1.91191258428
16.7668212 -2.39257675001
16.8569654 -2.82536401557
16.9471096 -3.19703090561
17.0372538 -3.49609292761
17.127398 -3.71508575035
17.2175422 -3.85125950694
17.3076864 -3.9054393446
17.3978306 -3.87983087895
17.4879748 -3.77613659426
17.578119 -3.59515774973
17.6682632 -3.33818930192
17.7584074 -3.00944362412
17.8485516 -2.6180510746
17.9386958 -2.17827539055
18.02884 -1.70743531232
18.1189842 -1.22221800018
18.2091284 -0.734986986064
18.2992726 -0.251834053078
18.3894168 0.226609461466
18.479561 0.701863083255
18.5697052 1.1732498151
18.6598494 1.63450214488
18.7499936 2.07290902476
18.8401378 2.47144466648
18.930282 2.81297954989
19.0204262 3.08477231349
19.1105704 3.28138413766
19.2007146 3.40493557508
19.2908588 3.46283633872
19.381003 3.46417658973
19.4711472 3.4163980023
19.5612914 3.32351984226
19.6514356 3.18631482953
19.7415798 3.00388666737
19.831724 2.77556043398
19.9218682 2.50208224362
20.0120124 2.18572162521
20.1021566 1.82960684094
20.1923008 1.43707871954
20.282445 1.01177870504
20.3725892 0.55865094471
20.4627334 0.0853594143157
20.5528776 -0.396794973851
20.6430218 -0.87326260924
20.733166 -1.32813668754
20.8233102 -1.74695097154
20.9134544 -2.11923376389
21.0035986 -2.43967516357
21.0937428 -2.70736398445
21.183887 -2.92346231218
21.2740312 -3.08845621833
21.3641754 -3.20035484116
21.4543196 -3.25477237994
21.5444638 -3.24691718365
21.634608 -3.17456500495
21.7247522 -3.04056899851
21.8148964 -2.85361561589
21.9050406 -2.62670625491
21.9951848 -2.37387106387
22.085329 -2.10642691739
22.1754732 -1.8303072025
22.2656174 -1.54552616752
22.3557616 -1.24791936101
22.4459058 -0.932350643642
22.53605 -0.596020257186
22.6261942 -0.240573863358
22.7163384 0.127669304879
22.8064826 0.499197025023
22.8966268 0.863634479504
22.986771 1.21183986155
23.0769152 1.53696904598
23.1670594 1.83432141348
23.2572036 2.10037990701
23.3473478 2.33176403331
23.437492 2.52471419811
23.5276362 2.67532437397
23.6177804 2.78028373932
23.7079246 2.83762416858
23.7980688 2.84702017717
23.888213 2.80949365736
23.9783572 2.72674677616
24.0685014 2.6005696824
24.1586456 2.4327243033
24.2487898 2.22542205727
24.338934 1.98215119727
24.4290782 1.70836890155
24.5192224 1.41158917625
24.6093666 1.10067025507
24.6995108 0.784499883726
24.789655 0.470592905777
24.8797992 0.164187988012
24.9699434 -0.131785551613
25.0600876 -0.415903853597
25.1502318 -0.687035735441
25.240376 -0.943338963279
25.3305202 -1.1819702345
25.4206644 -1.39964807478
25.5108086 -1.59376584813
25.6009528 -1.76344839283
25.691097 -1.90993048451
25.7812412 -2.03592244218
25.8713854 -2.14409095822
25.9615296 -2.2352150395
26.0516738 -2.30678603049
26.141818 -2.35271311611
26.2319622 -2.36441097024
26.3221064 -2.33303485588
26.4122506 -2.25218703524
26.5023948 -2.1202121452
26.592539 -1.94130321239
26.6826832 -1.72501658138
26.7728274 -1.48431099295
26.8629716 -1.23270527316
26.9531158 -0.98142824781
27.04326 -0.737421559083
27.1334042 -0.502728562553
27.2235484 -0.275506037314
27.3136926 -0.0520520933767
27.4038368 0.170863200486
27.493981 0.394070684823
27.5841252 0.615156976395
27.6742694 0.828907494501
27.7644136 1.02877707346
27.8545578 1.20877356893
27.944702 1.36502433481
28.0348462 1.49645683652
28.1249904 1.60439789375
28.2151346 1.69133373285
28.3052788 1.75939984935
28.395423 1.80925215432
28.4855672 1.83977534149
28.5757114 1.84869636441
28.6658556 1.83376252431
28.7559998 1.79389930321
28.846144 1.72979463151
28.9362882 1.64364861649
29.0264324 1.53824272147
29.1165766 1.41582217274
29.2067208 1.27738611756
29.296865 1.12279045702
29.3870092 0.951674857148
29.4771534 0.764812242499
29.5672976 0.565241417643
29.6574418 0.358596966795
29.747586 0.15237778164
29.8377302 -0.0456461488905
29.9278744 -0.229302906892
30.0180186 -0.39543655536
30.1081628 -0.544314746479
30.198307 -0.678873236083
30.2884512 -0.803112932918
30.3785954 -0.920293949301
30.4687396 -1.03162256574
30.5588838 -1.13588756433
30.649028 -1.23008614365
30.7391722 -1.31067353009
30.8293164 -1.37484764813
30.9194606 -1.42132342586
31.0096048 -1.45032122307
31.099749 -1.46285593505
31.1898932 -1.45970576712
31.2800374 -1.44054735406
31.3701816 -1.40364281004
31.4603258 -1.34621961299
31.55047 -1.26540949113
31.6406142 -1.15941495508
31.7307584 -1.02851144163
31.8209026 -0.875568491169
31.9110468 -0.705938322648
32.001191 -0.526750015969
32.0913352 -0.345805527503
32.1814794 -0.170364983665
32.2716236 -0.00612127014861
32.3617678 0.143396573448
32.451912 0.276868371177
32.5420562 0.394701217192
32.6322004 0.498192177217
32.7223446 0.588611915741
32.8124888 0.666514924659
32.902633 0.731512967888
32.9927772 0.782589195036
33.0829214 0.81882578799
33.1730656 0.840241342766
33.2632098 0.848362232767
33.353354 0.846230387483
33.4434982 0.837764240225
33.5336424 0.826662159383
33.6237866 0.815253675711
33.7139308 0.803761469438
33.804075 0.790297819417
33.8942192 0.771632002821
33.9843634 0.744449694891
34.0745076 0.706619744183
34.1646518 0.657980203869
34.254796 0.600357131917
34.3449402 0.536847833281
34.4350844 0.470695599968
34.5252286 0.404229430555
34.6153728 0.338282953576
34.705517 0.272277524523
34.7956612 0.204863667841
34.8858054 0.134792406138
34.9759496 0.0616257828588
35.0660938 -0.0139904944061
35.156238 -0.0905441234483
35.2463822 -0.166188571794
35.3365264 -0.239292876937
35.4266706 -0.308739624296
35.5168148 -0.373856914803
35.606959 -0.43406753254
35.6971032 -0.488479328345
35.7872474 -0.535660333665
35.8773916 -0.573739433468
35.9675358 -0.600807677314
36.05768 -0.61545187677
36.1478242 -0.617198041851
36.2379684 -0.606694322639
36.3281126 -0.585584772932
36.4182568 -0.556150555878
36.508401 -0.520865788343
36.5985452 -0.482008734892
36.6886894 -0.441405423143
36.7788336 -0.400307282606
36.8689778 -0.359359690429
36.959122 -0.318621159193
37.0492662 -0.277628358492
37.1394104 -0.235535957388
37.2295546 -0.191361314363
37.3196988 -0.144323764876
37.409843 -0.0942063553895
37.4999872 -0.0416215758542
37.5901314 0.0119344493907
37.6802756 0.0642929232306
37.7704198 0.113043171493
37.860564 0.156046825048
37.9507082 0.191860954624
38.0408524 0.219932630965
38.1309966 0.240524322287
38.2211408 0.254440927849
38.311285 0.26270139843
38.4014292 0.266296888703
38.4915734 0.266107160502
38.5817176 0.262947466319
38.6718618 0.257644109468
38.762006 0.251028382176
38.8521502 0.243799420508
38.9422944 0.236302062593
39.0324386 0.228341544603
39.1225828 0.219167648041
39.212727 0.207695291679
39.3028712 0.192915699514
39.3930154 0.174347815193
39.4831596 0.152337968598
39.5733038 0.12806267743
39.663448 0.103208410817
39.7535922 0.079441263226
39.8437364 0.0578753782399
39.9338806 0.0387563653395
40.0240248 0.0214892282016
40.114169 0.00499660169936
40.2043132 -0.0117444551583
40.2944574 -0.0292099181172
40.3846016 -0.0470779160706
40.4747458 -0.0643087108517
40.56489 -0.0795038474343
40.6550342 -0.0913819309054
40.7451784 -0.0991740572525
40.8353226 -0.102793714261
40.9254668 -0.102744817273
41.015611 -0.0998450548782
41.1057552 -0.0949096201519
41.1958994 -0.0885370806951
41.2860436 -0.0810731207707
41.3761878 -0.0727349911524
41.466332 -0.0638042673476
41.5564762 -0.0547704314686
41.6466204 -0.046339879794
41.7367646 -0.039294985436
41.8269088 -0.0342612523706
41.917053 -0.0314841577437
42.0071972 -0.0307136349718
42.0973414 -0.031248043141
42.1874856 -0.0321237223607
42.2776298 -0.032380186403
42.367774 -0.0313071672852
42.4579182 -0.028594746434
42.5480624 -0.0243512957902
42.6382066 -0.0190049184751
42.7283508 -0.01314124449
42.818495 -0.00734135851379
42.9086392 -0.00206869055395
42.9987834 0.00237614093247
43.0889276 0.0058432127648
43.1790718 0.00829210506051
43.269216 0.00975085029563
43.3593602 0.0102924042218
43.4495044 0.0100297679215
43.5396486 0.00911879196265
43.6297928 0.00775462853924
43.719937 0.00615347925502
43.8100812 0.00452132540018
43.9002254 0.00301992706363
43.9903696 0.00174322695658
44.0805138 0.000713378783221
44.170658 -0.0001027048667
44.2608022 -0.000763867847645
44.3509464 -0.00132453392997
44.4410906 -0.00181507791121
44.5312348 -0.00223823905311
44.621379 -0.00257960166799
44.7115232 -0.00282447951267
44.8016674 -0.00297197271978
44.8918116 -0.00303973662239
44.9819558 -0.00305832828169
45.0721 -0.00305911911182
45.1622442 -0.00305911911182
45.2523884 -0.00305911911182
45.3425326 -0.00305911911182
45.4326768 -0.00305911911182
45.522821 -0.00305911911182
45.6129652 -0.00305911911182
45.7031094 -0.00305911911182
45.7932536 -0.00305911911182
45.8833978 -0.00305911911182
45.973542 -0.00305911911182
46.0636862 -0.00305911911182
46.1538304 -0.00305911911182
46.2439746 -0.00305911911182
46.3341188 -0.00305911911182
46.424263 -0.00305911911182
46.5144072 -0.00305911911182
46.6045514 -0.00305911911182
46.6946956 -0.00305911911182
46.7848398 -0.00305911911182
46.874984 -0.00305911911182
46.9651282 -0.00305911911182
47.0552724 -0.00305911911182
47.1454166 -0.00305911911182
47.2355608 -0.00305911911182
47.325705 -0.00305911911182
47.4158492 -0.00305911911182
47.5059934 -0.00305911911182
47.5961376 -0.00305911911182
47.6862818 -0.00305911911182
47.776426 -0.00305911911182
47.8665702 -0.00305911911182
47.9567144 -0.00305911911182
48.0468586 -0.00305911911182
48.1370028 -0.00305911911182
48.227147 -0.00305911911182
48.3172912 -0.00305911911182
48.4074354 -0.00305911911182
48.4975796 -0.00305911911182
48.5877238 -0.00305911911182
48.677868 -0.00305911911182
48.7680122 -0.00305911911182
48.8581564 -0.00305911911182
48.9483006 -0.00305911911182
49.0384448 -0.00305911911182
49.128589 -0.00305911911182
49.2187332 -0.00305911911182
49.3088774 -0.00305911911182
49.3990216 -0.00305911911182
49.4891658 -0.00305911911182
49.57931 -0.00305911911182
49.6694542 -0.00305911911182
49.7595984 -0.00305911911182
49.8497426 -0.00305911911182
49.9398868 -0.00305911911182
50.030031 -0.00305911911182
50.1201752 -0.00305911911182
50.2103194 -0.00305911911182
50.3004636 -0.00305911911182
50.3906078 -0.00305911911182
50.480752 -0.00305911911182
50.5708962 -0.00305911911182
50.6610404 -0.00305911911182
50.7511846 -0.00305911911182
50.8413288 -0.00305911911182
50.931473 -0.00305911911182
51.0216172 -0.00305911911182
51.1117614 -0.00305911911182
51.2019056 -0.00305911911182
51.2920498 -0.00305911911182
51.382194 -0.00305911911182
51.4723382 -0.00305911911182
51.5624824 -0.00305911911182
51.6526266 -0.00305911911182
51.7427708 -0.00305911911182
51.832915 -0.00305911911182
51.9230592 -0.00305911911182
52.0132034 -0.00305911911182
52.1033476 -0.00305911911182
52.1934918 -0.00305911911182
52.283636 -0.00305911911182
52.3737802 -0.00305911911182
52.4639244 -0.00305911911182
52.5540686 -0.00305911911182
52.6442128 -0.00305911911182
52.734357 -0.00305911911182
52.8245012 -0.00305911911182
52.9146454 -0.00305911911182
53.0047896 -0.00305911911182
53.0949338 -0.00305911911182
53.185078 -0.00305911911182
53.2752222 -0.00305911911182
53.3653664 -0.00305911911182
53.4555106 -0.00305911911182
53.5456548 -0.00305911911182
53.635799 -0.00305911911182
53.7259432 -0.00305911911182
53.8160874 -0.00305911911182
53.9062316 -0.00305911911182
53.9963758 -0.00305911911182
54.08652 -0.00305911911182
54.1766642 -0.00305911911182
54.2668084 -0.00305911911182
54.3569526 -0.00305911911182
54.4470968 -0.00305911911182
54.537241 -0.00305911911182
54.6273852 -0.00305911911182
54.7175294 -0.00305911911182
54.8076736 -0.00305911911182
54.8978178 -0.00305911911182
54.987962 -0.00305911911182
55.0781062 -0.00305911911182
55.1682504 -0.00305911911182
55.2583946 -0.00305911911182
55.3485388 -0.00305911911182
55.438683 -0.00305911911182
55.5288272 -0.00305911911182
55.6189714 -0.00305911911182
55.7091156 -0.00305911911182
55.7992598 -0.00305911911182
55.889404 -0.00305911911182
55.9795482 -0.00305911911182
56.0696924 -0.00305911911182
56.1598366 -0.00305911911182
56.2499808 -0.00305911911182
56.340125 -0.00305911911182
56.4302692 -0.00305911911182
56.5204134 -0.00305911911182
56.6105576 -0.00305911911182
56.7007018 -0.00305911911182
56.790846 -0.00305911911182
56.8809902 -0.00305911911182
56.9711344 -0.00305911911182
57.0612786 -0.00305911911182
57.1514228 -0.00305911911182
57.241567 -0.00305911911182
57.3317112 -0.00305911911182
57.4218554 -0.00305911911182
57.5119996 -0.00305911911182
57.6021438 -0.00305911911182
57.692288 -0.00305911911182
57.7824322 -0.00305911911182
57.8725764 -0.00305911911182
57.9627206 -0.00305911911182
58.0528648 -0.00305911911182
58.143009 -0.00305911911182
58.2331532 -0.00305911911182
58.3232974 -0.00305911911182
58.4134416 -0.00305911911182
58.5035858 -0.00305911911182
58.59373 -0.00305911911182
58.6838742 -0.00305911911182
58.7740184 -0.00305911911182
58.8641626 -0.00305911911182
58.9543068 -0.00305911911182
59.044451 -0.00305911911182
59.1345952 -0.00305911911182
59.2247394 -0.00305911911182
59.3148836 -0.00305911911182
59.4050278 -0.00305911911182
59.495172 -0.00305911911182
59.5853162 -0.00305911911182
59.6754604 -0.00305911911182
59.7656046 -0.00305911911182
59.8557488 -0.00305911911182
59.945893 -0.00305911911182
60.0360372 -0.00305911911182
60.1261814 -0.00305911911182
60.2163256 -0.00305911911182
60.3064698 -0.00305911911182
60.396614 -0.00305911911182
60.4867582 -0.00305911911182
60.5769024 -0.00305911911182
60.6670466 -0.00305911911182
60.7571908 -0.00305911911182
60.847335 -0.00305911911182
60.9374792 -0.00305911911182
61.0276234 -0.00305911911182
61.1177676 -0.00305911911182
61.2079118 -0.00305911911182
61.298056 -0.00305911911182
61.3882002 -0.00305911911182
61.4783444 -0.00305911911182
61.5684886 -0.00305911911182
61.6586328 -0.00305911911182
61.748777 -0.00305911911182
61.8389212 -0.00305911911182
61.9290654 -0.00305911911182
62.0192096 -0.00305911911182
62.1093538 -0.00305911911182
62.199498 -0.00305911911182
62.2896422 -0.00305911911182
62.3797864 -0.00305911911182
62.4699306 -0.00305911911182
62.5600748 -0.00305911911182
62.650219 -0.00305911911182
62.7403632 -0.00305911911182
62.8305074 -0.00305911911182
62.9206516 -0.00305911911182
63.0107958 -0.00305911911182
63.10094 -0.00305911911182
63.1910842 -0.00305911911182
63.2812284 -0.00305911911182
63.3713726 -0.00305911911182
63.4615168 -0.00305911911182
63.551661 -0.00305911911182
63.6418052 -0.00305911911182
63.7319494 -0.00305911911182
63.8220936 -0.00305911911182
63.9122378 -0.00305911911182
64.002382 -0.00305911911182
64.0925262 -0.00305911911182
64.1826704 -0.00305911911182
64.2728146 -0.00305911911182
64.3629588 -0.00305911911182
64.453103 -0.00305911911182
64.5432472 -0.00305911911182
64.6333914 -0.00305911911182
64.7235356 -0.00305911911182
64.8136798 -0.00305911911182
64.903824 -0.00305911911182
64.9939682 -0.00305911911182
65.0841124 -0.00305911911182
65.1742566 -0.00305911911182
65.2644008 -0.00305911911182
65.354545 -0.00305911911182
65.4446892 -0.00305911911182
65.5348334 -0.00305911911182
65.6249776 -0.00305911911182
65.7151218 -0.00305911911182
65.805266 -0.00305911911182
65.8954102 -0.00305911911182
65.9855544 -0.00305911911182
66.0756986 -0.00305911911182
66.1658428 -0.00305911911182
66.255987 -0.00305911911182
66.3461312 -0.00305911911182
66.4362754 -0.00305911911182
66.5264196 -0.00305911911182
66.6165638 -0.00305911911182
66.706708 -0.00305911911182
66.7968522 -0.00305911911182
66.8869964 -0.00305911911182
66.9771406 -0.00305911911182
67.0672848 -0.00305911911182
67.157429 -0.00305911911182
67.2475732 -0.00305911911182
67.3377174 -0.00305911911182
67.4278616 -0.00305911911182
67.5180058 -0.00305911911182
67.60815 -0.00305911911182
67.6982942 -0.00305911911182
67.7884384 -0.00305911911182
67.8785826 -0.00305911911182
67.9687268 -0.00305911911182
68.058871 -0.00305911911182
68.1490152 -0.00305911911182
68.2391594 -0.00305911911182
68.3293036 -0.00305911911182
68.4194478 -0.00305911911182
68.509592 -0.00305911911182
68.5997362 -0.00305911911182
68.6898804 -0.00305911911182
68.7800246 -0.00305911911182
68.8701688 -0.00305911911182
68.960313 -0.00305911911182
69.0504572 -0.00305911911182
69.1406014 -0.00305911911182
69.2307456 -0.00305911911182
69.3208898 -0.00305911911182
69.411034 -0.00305911911182
69.5011782 -0.00305911911182
69.5913224 -0.00305911911182
69.6814666 -0.00305911911182
69.7716108 -0.00305911911182
69.861755 -0.00305911911182
69.9518992 -0.00305911911182
70.0420434 -0.00305911911182
70.1321876 -0.00305911911182
70.2223318 -0.00305911911182
70.312476 -0.00305911911182
70.4026202 -0.00305911911182
70.4927644 -0.00305911911182
70.5829086 -0.00305911911182
70.6730528 -0.00305911911182
70.763197 -0.00305911911182
70.8533412 -0.00305911911182
70.9434854 -0.00305911911182
71.0336296 -0.00305911911182
71.1237738 -0.00305911911182
71.213918 -0.00305911911182
71.3040622 -0.00305911911182
71.3942064 -0.00305911911182
71.4843506 -0.00305911911182
71.5744948 -0.00305911911182
71.664639 -0.00305911911182
71.7547832 -0.00305911911182
71.8449274 -0.00305911911182
71.9350716 -0.00305911911182
72.0252158 -0.00305911911182
72.11536 -0.00305911911182
72.2055042 -0.00305911911182
72.2956484 -0.00305911911182
72.3857926 -0.00305911911182
72.4759368 -0.00305911911182
72.566081 -0.00305911911182
72.6562252 -0.00305911911182
72.7463694 -0.00305911911182
72.8365136 -0.00305911911182
72.9266578 -0.00305911911182
73.016802 -0.00305911911182
73.1069462 -0.00305911911182
73.1970904 -0.00305911911182
73.2872346 -0.00305911911182
73.3773788 -0.00305911911182
73.467523 -0.00305911911182
73.5576672 -0.00305911911182
73.6478114 -0.00305911911182
73.7379556 -0.00305911911182
73.8280998 -0.00305911911182
73.918244 -0.00305911911182
74.0083882 -0.00305911911182
74.0985324 -0.00305911911182
74.1886766 -0.00305911911182
74.2788208 -0.00305911911182
74.368965 -0.00305911911182
74.4591092 -0.00305911911182
74.5492534 -0.00305911911182
74.6393976 -0.00305911911182
74.7295418 -0.00305911911182
74.819686 -0.00305911911182
74.9098302 -0.00305911911182
74.9999744 -0.00305911911182
75.0901186 -0.00305911911182
75.1802628 -0.00305911911182
75.270407 -0.00305911911182
75.3605512 -0.00305911911182
75.4506954 -0.00305911911182
75.5408396 -0.00305911911182
75.6309838 -0.00305911911182
75.721128 -0.00305911911182
75.8112722 -0.00305911911182
75.9014164 -0.00305911911182
75.9915606 -0.00305911911182
76.0817048 -0.00305911911182
76.171849 -0.00305911911182
76.2619932 -0.00305911911182
76.3521374 -0.00305911911182
76.4422816 -0.00305911911182
76.5324258 -0.00305911911182
76.62257 -0.00305911911182
76.7127142 -0.00305911911182
76.8028584 -0.00305911911182
76.8930026 -0.00305911911182
76.9831468 -0.00305911911182
77.073291 -0.00305911911182
77.1634352 -0.00305911911182
77.2535794 -0.00305911911182
77.3437236 -0.00305911911182
77.4338678 -0.00305911911182
77.524012 -0.00305911911182
77.6141562 -0.00305911911182
77.7043004 -0.00305911911182
77.7944446 -0.00305911911182
77.8845888 -0.00305911911182
77.974733 -0.00305911911182
78.0648772 -0.00305911911182
78.1550214 -0.00305911911182
78.2451656 -0.00305911911182
78.3353098 -0.00305911911182
78.425454 -0.00305911911182
78.5155982 -0.00305911911182
78.6057424 -0.00305911911182
78.6958866 -0.00305911911182
78.7860308 -0.00305911911182
78.876175 -0.00305911911182
78.9663192 -0.00305911911182
79.0564634 -0.00305911911182
79.1466076 -0.00305911911182
79.2367518 -0.00305911911182
79.326896 -0.00305911911182
79.4170402 -0.00305911911182
79.5071844 -0.00305911911182
79.5973286 -0.00305911911182
79.6874728 -0.00305911911182
79.777617 -0.00305911911182
79.8677612 -0.00305911911182
79.9579054 -0.00305911911182
80.0480496 -0.00305911911182
80.1381938 -0.00305911911182
80.228338 -0.00305911911182
80.3184822 -0.00305911911182
80.4086264 -0.00305911911182
80.4987706 -0.00305911911182
80.5889148 -0.00305911911182
80.679059 -0.00305911911182
80.7692032 -0.00305911911182
80.8593474 -0.00305911911182
80.9494916 -0.00305911911182
81.0396358 -0.00305911911182
81.12978 -0.00305911911182
81.2199242 -0.00305911911182
81.3100684 -0.00305911911182
81.4002126 -0.00305911911182
81.4903568 -0.00305911911182
81.580501 -0.00305911911182
81.6706452 -0.00305911911182
81.7607894 -0.00305911911182
81.8509336 -0.00305911911182
81.9410778 -0.00305911911182
82.031222 -0.00305911911182
82.1213662 -0.00305911911182
82.2115104 -0.00305911911182
82.3016546 -0.00305911911182
82.3917988 -0.00305911911182
82.481943 -0.00305911911182
82.5720872 -0.00305911911182
82.6622314 -0.00305911911182
82.7523756 -0.00305911911182
82.8425198 -0.00305911911182
82.932664 -0.00305911911182
83.0228082 -0.00305911911182
83.1129524 -0.00305911911182
83.2030966 -0.00305911911182
83.2932408 -0.00305911911182
83.383385 -0.00305911911182
83.4735292 -0.00305911911182
83.5636734 -0.00305911911182
83.6538176 -0.00305911911182
83.7439618 -0.00305911911182
83.834106 -0.00305911911182
83.9242502 -0.00305911911182
84.0143944 -0.00305911911182
84.1045386 -0.00305911911182
84.1946828 -0.00305911911182
84.284827 -0.00305911911182
84.3749712 -0.00305911911182
84.4651154 -0.00305911911182
84.5552596 -0.00305911911182
84.6454038 -0.00305911911182
84.735548 -0.00305911911182
84.8256922 -0.00305911911182
84.9158364 -0.00305911911182
85.0059806 -0.00305911911182
85.0961248 -0.00305911911182
85.186269 -0.00305911911182
85.2764132 -0.00305911911182
85.3665574 -0.00305911911182
85.4567016 -0.00305911911182
85.5468458 -0.00305911911182
85.63699 -0.00305911911182
85.7271342 -0.00305911911182
85.8172784 -0.00305911911182
85.9074226 -0.00305911911182
85.9975668 -0.00305911911182
86.087711 -0.00305911911182
86.1778552 -0.00305911911182
86.2679994 -0.00305911911182
86.3581436 -0.00305911911182
86.4482878 -0.00305911911182
86.538432 -0.00305911911182
86.6285762 -0.00305911911182
86.7187204 -0.00305911911182
86.8088646 -0.00305911911182
86.8990088 -0.00305911911182
86.989153 -0.00305911911182
87.0792972 -0.00305911911182
87.1694414 -0.00305911911182
87.2595856 -0.00305911911182
87.3497298 -0.00305911911182
87.439874 -0.00305911911182
87.5300182 -0.00305911911182
87.6201624 -0.00305911911182
87.7103066 -0.00305911911182
87.8004508 -0.00305911911182
87.890595 -0.00305911911182
87.9807392 -0.00305911911182
88.0708834 -0.00305911911182
88.1610276 -0.00305911911182
88.2511718 -0.00305911911182
88.341316 -0.00305911911182
88.4314602 -0.00305911911182
88.5216044 -0.00305911911182
88.6117486 -0.00305911911182
88.7018928 -0.00305911911182
88.792037 -0.00305911911182
88.8821812 -0.00305911911182
88.9723254 -0.00305911911182
89.0624696 -0.00305911911182
89.1526138 -0.00305911911182
89.242758 -0.00305911911182
89.3329022 -0.00305911911182
89.4230464 -0.00305911911182
89.5131906 -0.00305911911182
89.6033348 -0.00305911911182
89.693479 -0.00305911911182
89.7836232 -0.00305911911182
89.8737674 -0.00305911911182
89.9639116 -0.00305911911182
90.0540558 -0.00305911911182
90.1442 -0.00305911911182
90.2343442 -0.00305911911182
90.3244884 -0.00305911911182
90.4146326 -0.00305911911182
90.5047768 -0.00305911911182
90.594921 -0.00305911911182
90.6850652 -0.00305911911182
90.7752094 -0.00305911911182
90.8653536 -0.00305911911182
90.9554978 -0.00305911911182
91.045642 -0.00305911911182
91.1357862 -0.00305911911182
91.2259304 -0.00305911911182
91.3160746 -0.00305911911182
91.4062188 -0.00305911911182
91.496363 -0.00305911911182
91.5865072 -0.00305911911182
91.6766514 -0.00305911911182
91.7667956 -0.00305911911182
91.8569398 -0.00305911911182
91.947084 -0.00305911911182
92.0372282 -0.00305911911182
92.1273724 -0.00305911911182
92.2175166 -0.00305911911182
