0.0 -0.230399409797
0.09691 0.0382315318308
0.19382 0.311699653255
0.29073 0.539742236158
0.38764 0.689247157009
0.48455 0.755408630291
0.58146 0.758170241431
0.67837 0.72724413871
0.77528 0.684128998081
0.87219 0.629642284889
0.9691 0.543038640978
1.06601 0.393226615725
1.16292 0.156354427477
1.25983 -0.167731655362
1.35674 -0.546583255165
1.45365 -0.918465649369
1.55056 -1.20819065943
1.64747 -1.34913998076
1.74438 -1.29866305464
1.84129 -1.03867075703
1.9382 -0.569688973448
2.03511 0.0870451300401
2.13202 0.876335594733
2.22893 1.69378216997
2.32584 2.37924523479
2.42275 2.72912081385
2.51966 2.5371522589
2.61657 1.66136925086
2.71348 0.0943037970003
2.81039 -1.99495193181
2.9073 -4.26529783607
3.00421 -6.25352366466
3.10112 -7.45804223113
3.19803 -7.44415998094
3.29494 -5.95977828814
3.39185 -3.04041600613
3.48876 0.93678372515
3.58567 5.29156164184
3.68258 9.18075536717
3.77949 11.8037841888
3.8764 12.6086275383
3.97331 11.4335917832
4.07022 8.54236152544
4.16713 4.5433312695
4.26404 0.218645242661
4.36095 -3.68432130438
4.45786 -6.63384357244
4.55477 -8.41099779399
4.65168 -9.09727975761
4.74859 -8.96881567041
4.8455 -8.34778837133
4.94241 -7.47290099908
5.03932 -6.43685505149
5.13623 -5.2063264677
5.23314 -3.70148176468
5.33005 -1.88709545853
5.42696 0.170854517742
5.52387 2.30505613542
5.62078 4.2954626207
5.71769 5.93875872658
5.8146 7.10605000963
5.91151 7.76542223973
6.00842 7.96343648932
6.10533 7.77799898217
6.20224 7.26779039629
6.29915 6.44441930442
6.39606 5.28153582396
6.49297 3.75584696302
6.58988 1.89798273745
6.68679 -0.174838786228
6.7837 -2.26462080436
6.88061 -4.13860589196
6.97752 -5.59685161833
7.07443 -6.53155960428
7.17134 -6.95212511077
7.26825 -6.96608847304
7.36516 -6.72592045769
7.46207 -6.36520043365
7.55898 -5.95035913984
7.65589 -5.46583353151
7.7528 -4.83579751129
7.84971 -3.97096318596
7.94662 -2.8194599878
8.04353 -1.40038997901
8.14044 0.192715416833
8.23735 1.81787823185
8.33426 3.32701324999
8.43117 4.60587975288
8.52808 5.59637066752
8.62499 6.29562987043
8.7219 6.73675472413
8.81881 6.96195810442
8.91572 6.99955080739
9.01263 6.85201120325
9.10954 6.49673669199
9.20645 5.89686110202
9.30336 5.01771000367
9.40027 3.84424934985
9.49718 2.39526946833
9.59409 0.730937176679
9.691 -1.04833986774
9.78791 -2.81233180974
9.88482 -4.41937597369
9.98173 -5.7393662091
10.07864 -6.67651897825
10.17555 -7.18642723724
10.27246 -7.28233743845
10.36937 -7.02778611951
10.46628 -6.51678032478
10.56319 -5.84734218907
10.6601 -5.09711807754
10.75701 -4.30904976948
10.85392 -3.49109782279
10.95083 -2.62855696646
11.04774 -1.70288213363
11.14465 -0.70900527283
11.24156 0.335401896739
11.33847 1.39113095361
11.43538 2.40683593326
11.53229 3.33143759858
11.6292 4.12421888828
11.72611 4.75940053587
11.82302 5.22501931244
11.91993 5.51854086222
12.01684 5.64259533117
12.11375 5.60309682165
12.21066 5.40966451134
12.30757 5.07637138523
12.40448 4.62067355516
12.50139 4.05990473369
12.5983 3.40686258224
12.69521 2.66733578963
12.79212 1.84198305949
12.88903 0.93286031219
12.98594 -0.0478094054289
13.08285 -1.07075023043
13.17976 -2.08842364878
13.27667 -3.04096297705
13.37358 -3.86753413621
13.47049 -4.51892706228
13.5674 -4.96664046132
13.66431 -5.20538114422
13.76122 -5.2488970913
13.85813 -5.12187314651
13.95504 -4.8518680366
14.05195 -4.46445780207
14.14886 -3.98248962447
14.24577 -3.42798753365
14.34268 -2.82407436609
14.43959 -2.19480897389
14.5365 -1.5626006264
14.63341 -0.944711334626
14.73032 -0.351158520107
14.82723 0.214397369738
14.92414 0.750992898994
15.02105 1.25590486774
15.11796 1.72200591156
15.21487 2.13860984482
15.31178 2.49547730987
15.40869 2.78771745013
15.5056 3.01860541136
15.60251 3.19831726556
15.69942 3.33877869133
15.79633 3.44703568745
15.89324 3.52054183574
15.99015 3.5469290641
16.08706 3.50859573107
16.18397 3.38999599039
16.28088 3.18416259113
16.37779 2.89545613746
16.4747 2.53753195233
16.57161 2.1279487597
16.66852 1.68240203804
16.76543 1.21145674862
16.86234 0.721025823229
16.95925 0.215667455432
17.05616 -0.297710153161
17.15307 -0.808149558642
17.24998 -1.30196066596
17.34689 -1.76613521246
17.4438 -2.19164149089
17.54071 -2.57446924494
17.63762 -2.91370020492
17.73453 -3.20775458986
17.83144 -3.45117829381
17.92835 -3.63413836122
18.02526 -3.74525692984
18.12217 -3.77640160187
18.21908 -3.72673625209
18.31599 -3.60352902572
18.4129 -3.41888125607
18.50981 -3.18380276805
18.60672 -2.90266424681
18.70363 -2.57107859173
18.80054 -2.17862428124
18.89745 -1.7153606029
18.99436 -1.1790996052
19.09127 -0.579953942097
19.18818 0.0599856650053
19.28509 0.71158384151
19.382 1.34573800419
19.47891 1.93926426709
19.57582 2.47712786195
19.67273 2.95063306368
19.76964 3.35332036329
19.86655 3.6773714379
19.96346 3.91278932096
20.06037 4.04987036718
20.15728 4.08352337342
20.25419 4.01689525164
20.3511 3.86209371025
20.44801 3.63732479144
20.54492 3.36162556303
20.64183 3.04957130776
20.73874 2.70827794186
20.83565 2.33780816896
20.93256 1.93442726232
21.02947 1.49492745217
21.12638 1.02002939457
21.22329 0.515662024919
21.3202 -0.00783044889421
21.41711 -0.53753692708
21.51402 -1.05966518337
21.61093 -1.5604027365
21.70784 -2.02614056487
21.80475 -2.44379414955
21.90166 -2.80184482712
21.99857 -3.09205512833
22.09548 -3.31106403514
22.19239 -3.46078740411
22.2893 -3.54699312446
22.38621 -3.5763840729
22.48312 -3.55344568793
22.58003 -3.47861983923
22.67694 -3.34880849578
22.77385 -3.16004399666
22.87076 -2.91101139973
22.96767 -2.60561582346
23.06458 -2.25324826014
23.16149 -1.86658831201
23.2584 -1.45806086836
23.35531 -1.03675016244
23.45222 -0.607305285385
23.54913 -0.171300833357
23.64604 0.269772653408
23.74295 0.711533972708
23.83986 1.14532949057
23.93677 1.5591314361
24.03368 1.94019352512
24.13059 2.27806460645
24.2275 2.56646527449
24.32441 2.8032271302
24.42132 2.98856513653
24.51823 3.12280517896
24.61514 3.20487717423
24.71205 3.23234953017
24.80896 3.20286108548
24.90587 3.1160292582
25.00278 2.97469391503
25.09969 2.78477727057
25.1966 2.55382551611
25.29351 2.28899338152
25.39042 1.99547134925
25.48733 1.676054161
25.58424 1.3319299749
25.68115 0.964201285182
25.77806 0.575421820069
25.87497 0.170601751957
25.97188 -0.242486473076
26.06879 -0.65355338855
26.1657 -1.05036947358
26.26261 -1.4196048642
26.35952 -1.74804116657
26.45643 -2.02425664563
26.55334 -2.24061934612
26.65025 -2.39503515158
26.74716 -2.49166294903
26.84407 -2.53996273126
26.94098 -2.55201651
27.03789 -2.53883095301
27.1348 -2.50691206739
27.23171 -2.45645977186
27.32862 -2.38196835865
27.42553 -2.27505606412
27.52244 -2.12842010305
27.61935 -1.93935969548
27.71626 -1.711540836
27.81317 -1.45446935047
27.91008 -1.18110003775
28.00699 -0.904683799089
28.1039 -0.636059231099
28.20081 -0.38215681889
28.29772 -0.145801962687
28.39463 0.0736335831439
28.49154 0.279317899038
28.58845 0.476114175646
28.68536 0.669739894147
28.78227 0.86564207921
28.87918 1.06743172181
28.97609 1.27513295451
29.073 1.48391602658
29.16991 1.68397898196
29.26682 1.86225329449
29.36373 2.00556321148
29.46064 2.10395815254
29.55755 2.15320654715
29.65446 2.155357988
29.75137 2.11714196086
29.84828 2.04689727926
29.94519 1.95135859971
30.0421 1.83366474405
30.13901 1.69338146
30.23592 1.52841867433
30.33283 1.33788891154
30.42974 1.12456663823
30.52665 0.895816853106
30.62356 0.662542855609
30.72047 0.436539389762
30.81738 0.227270985996
30.91429 0.039287868991
31.0112 -0.128790155853
31.10811 -0.283390976826
31.20502 -0.433540728327
31.30193 -0.587670294783
31.39884 -0.75068338613
31.49575 -0.922154456769
31.59266 -1.09614777743
31.68957 -1.26265818974
31.78648 -1.41020217867
31.88339 -1.52875470467
31.9803 -1.61212655383
32.07721 -1.65905517197
32.17412 -1.67270873052
32.27103 -1.65885492666
32.36794 -1.62342802095
32.46485 -1.57044297356
32.56176 -1.50104678628
32.65867 -1.41401218739
32.75558 -1.30736705586
32.85249 -1.18038220664
32.9494 -1.03501999855
33.04631 -0.876224005097
33.14322 -0.710965983856
33.24013 -0.54650412656
33.33704 -0.388601584608
33.43395 -0.240392847942
33.53086 -0.102232034388
33.62777 0.0275916739748
33.72468 0.151710221705
33.82159 0.272610809951
33.9185 0.391978205705
34.01541 0.51048907121
34.11232 0.627874642695
34.20923 0.743010095508
34.30614 0.853899676903
34.40305 0.957607986955
34.49996 1.05031153795
34.59687 1.12763147245
34.69378 1.18527081145
34.79069 1.21980789063
34.8876 1.22939808633
34.98451 1.21416384881
35.08142 1.17618153021
35.17833 1.11911698873
35.27524 1.04763761646
35.37215 0.966712957679
35.46906 0.880858681097
35.56597 0.793360313714
35.66288 0.705579538486
35.75979 0.616562076406
35.8567 0.523228941116
35.95361 0.42133846296
36.05052 0.307132665961
36.14743 0.179227269755
36.24434 0.0400538320811
36.34125 -0.103814197753
36.43816 -0.242771851708
36.53507 -0.366495166978
36.63198 -0.466702982886
36.72889 -0.539381971598
36.8258 -0.585667219171
36.92271 -0.611092830836
37.01962 -0.623560599281
37.11653 -0.630836971363
37.21344 -0.63848532493
37.31035 -0.648857678265
37.40726 -0.661270268352
37.50417 -0.673019415971
37.60108 -0.680662805618
37.69799 -0.681060743194
37.7949 -0.671947895403
37.89181 -0.652103429406
37.98872 -0.621340860958
38.08563 -0.580492469079
38.18254 -0.531391378048
38.27945 -0.476705154799
38.37636 -0.419470977137
38.47327 -0.362342792214
38.57018 -0.306786948036
38.66709 -0.252600053346
38.764 -0.198058646976
38.86091 -0.140748630732
38.95782 -0.0787894526173
39.05473 -0.0119433725327
39.15164 0.0578857104818
39.24855 0.127001426387
39.34546 0.190973469212
39.44237 0.245960084622
39.53928 0.289759416769
39.63619 0.322213002316
39.7331 0.344895450106
39.83001 0.3603240698
39.92692 0.371070621232
40.02383 0.379107708338
40.12074 0.385534729996
40.21765 0.39062391675
40.31456 0.394014518255
40.41147 0.394901086242
40.50838 0.392166838495
40.60529 0.384517103668
40.7022 0.37069642813
40.79911 0.34981025109
40.89602 0.321666483811
40.99293 0.286982122046
41.08984 0.247321890034
41.18675 0.204748222945
41.28366 0.161304492078
41.38057 0.118543643065
41.47748 0.0772973613631
41.57439 0.0377628618198
41.6713 -0.000169973393019
41.76821 -0.0365343348898
41.86512 -0.071030893102
41.96203 -0.102992268112
42.05894 -0.131529632149
42.15585 -0.155737622648
42.25276 -0.174837796213
42.34967 -0.18822214255
42.44658 -0.195454875186
42.54349 -0.196332658707
42.6404 -0.191057821769
42.73731 -0.180472534632
42.83422 -0.166205000337
42.93113 -0.15056258794
43.02804 -0.136098168249
43.12495 -0.124937328528
43.22186 -0.118102236595
43.31877 -0.115118569356
43.41568 -0.114107242414
43.51259 -0.112373509144
43.6095 -0.107297718519
43.70641 -0.0972018132949
43.80332 -0.0818741022463
43.90023 -0.0625768745907
43.99714 -0.0415705108297
44.09405 -0.0213698145576
44.19096 -0.0040271269042
44.28787 0.00931193789675
44.38478 0.0184760372241
44.48169 0.0240175442899
44.5786 0.0268136866295
44.67551 0.0277091396232
44.77242 0.0273257108955
44.86933 0.0260604239481
44.96624 0.0242033157145
45.06315 0.0220684991261
45.16006 0.0200528756674
45.25697 0.0185940444802
45.35388 0.0180577546829
45.45079 0.0186176451288
45.5477 0.0201865087911
45.64461 0.022428254283
45.74152 0.0248424670319
45.83843 0.0268868927408
45.93534 0.0280959080057
46.03225 0.0281631269136
46.12916 0.0269750356154
46.22607 0.0246003065532
46.32298 0.0212499687005
46.41989 0.0172255222359
46.5168 0.0128678488863
46.61371 0.00851344382005
46.71062 0.00445957648914
46.80753 0.000938095084138
46.90444 -0.00190175540615
47.00135 -0.00399977930933
47.09826 -0.00537874102481
47.19517 -0.00612603911424
47.29208 -0.00636700086543
47.38899 -0.00623674442746
47.4859 -0.00585818733842
47.58281 -0.0053311595958
47.67972 -0.00473271882744
47.77663 -0.00412404194739
47.87354 -0.00355713308994
47.97045 -0.00307615032203
48.06736 -0.00271247625454
48.16427 -0.00247722510184
48.26118 -0.00235702408412
48.35809 -0.00231738899433
48.455 -0.00231378962033
48.55191 -0.00231378962033
48.64882 -0.00231378962033
48.74573 -0.00231378962033
48.84264 -0.00231378962033
48.93955 -0.00231378962033
49.03646 -0.00231378962033
49.13337 -0.00231378962033
49.23028 -0.00231378962033
49.32719 -0.00231378962033
49.4241 -0.00231378962033
49.52101 -0.00231378962033
49.61792 -0.00231378962033
49.71483 -0.00231378962033
49.81174 -0.00231378962033
49.90865 -0.00231378962033
50.00556 -0.00231378962033
50.10247 -0.00231378962033
50.19938 -0.00231378962033
50.29629 -0.00231378962033
50.3932 -0.00231378962033
50.49011 -0.00231378962033
50.58702 -0.00231378962033
50.68393 -0.00231378962033
50.78084 -0.00231378962033
50.87775 -0.00231378962033
50.97466 -0.00231378962033
51.07157 -0.00231378962033
51.16848 -0.00231378962033
51.26539 -0.00231378962033
51.3623 -0.00231378962033
51.45921 -0.00231378962033
51.55612 -0.00231378962033
51.65303 -0.00231378962033
51.74994 -0.00231378962033
51.84685 -0.00231378962033
51.94376 -0.00231378962033
52.04067 -0.00231378962033
52.13758 -0.00231378962033
52.23449 -0.00231378962033
52.3314 -0.00231378962033
52.42831 -0.00231378962033
52.52522 -0.00231378962033
52.62213 -0.00231378962033
52.71904 -0.00231378962033
52.81595 -0.00231378962033
52.91286 -0.00231378962033
53.00977 -0.00231378962033
53.10668 -0.00231378962033
53.20359 -0.00231378962033
53.3005 -0.00231378962033
53.39741 -0.00231378962033
53.49432 -0.00231378962033
53.59123 -0.00231378962033
53.68814 -0.00231378962033
53.78505 -0.00231378962033
53.88196 -0.00231378962033
53.97887 -0.00231378962033
54.07578 -0.00231378962033
54.17269 -0.00231378962033
54.2696 -0.00231378962033
54.36651 -0.00231378962033
54.46342 -0.00231378962033
54.56033 -0.00231378962033
54.65724 -0.00231378962033
54.75415 -0.00231378962033
54.85106 -0.00231378962033
54.94797 -0.00231378962033
55.04488 -0.00231378962033
55.14179 -0.00231378962033
55.2387 -0.00231378962033
55.33561 -0.00231378962033
55.43252 -0.00231378962033
55.52943 -0.00231378962033
55.62634 -0.00231378962033
55.72325 -0.00231378962033
55.82016 -0.00231378962033
55.91707 -0.00231378962033
56.01398 -0.00231378962033
56.11089 -0.00231378962033
56.2078 -0.00231378962033
56.30471 -0.00231378962033
56.40162 -0.00231378962033
56.49853 -0.00231378962033
56.59544 -0.00231378962033
56.69235 -0.00231378962033
56.78926 -0.00231378962033
56.88617 -0.00231378962033
56.98308 -0.00231378962033
57.07999 -0.00231378962033
57.1769 -0.00231378962033
57.27381 -0.00231378962033
57.37072 -0.00231378962033
57.46763 -0.00231378962033
57.56454 -0.00231378962033
57.66145 -0.00231378962033
57.75836 -0.00231378962033
57.85527 -0.00231378962033
57.95218 -0.00231378962033
58.04909 -0.00231378962033
58.146 -0.00231378962033
58.24291 -0.00231378962033
58.33982 -0.00231378962033
58.43673 -0.00231378962033
58.53364 -0.00231378962033
58.63055 -0.00231378962033
58.72746 -0.00231378962033
58.82437 -0.00231378962033
58.92128 -0.00231378962033
59.01819 -0.00231378962033
59.1151 -0.00231378962033
59.21201 -0.00231378962033
59.30892 -0.00231378962033
59.40583 -0.00231378962033
59.50274 -0.00231378962033
59.59965 -0.00231378962033
59.69656 -0.00231378962033
59.79347 -0.00231378962033
59.89038 -0.00231378962033
59.98729 -0.00231378962033
60.0842 -0.00231378962033
60.18111 -0.00231378962033
60.27802 -0.00231378962033
60.37493 -0.00231378962033
60.47184 -0.00231378962033
60.56875 -0.00231378962033
60.66566 -0.00231378962033
60.76257 -0.00231378962033
60.85948 -0.00231378962033
60.95639 -0.00231378962033
61.0533 -0.00231378962033
61.15021 -0.00231378962033
61.24712 -0.00231378962033
61.34403 -0.00231378962033
61.44094 -0.00231378962033
61.53785 -0.00231378962033
61.63476 -0.00231378962033
61.73167 -0.00231378962033
61.82858 -0.00231378962033
61.92549 -0.00231378962033
62.0224 -0.00231378962033
62.11931 -0.00231378962033
62.21622 -0.00231378962033
62.31313 -0.00231378962033
62.41004 -0.00231378962033
62.50695 -0.00231378962033
62.60386 -0.00231378962033
62.70077 -0.00231378962033
62.79768 -0.00231378962033
62.89459 -0.00231378962033
62.9915 -0.00231378962033
63.08841 -0.00231378962033
63.18532 -0.00231378962033
63.28223 -0.00231378962033
63.37914 -0.00231378962033
63.47605 -0.00231378962033
63.57296 -0.00231378962033
63.66987 -0.00231378962033
63.76678 -0.00231378962033
63.86369 -0.00231378962033
63.9606 -0.00231378962033
64.05751 -0.00231378962033
64.15442 -0.00231378962033
64.25133 -0.00231378962033
64.34824 -0.00231378962033
64.44515 -0.00231378962033
64.54206 -0.00231378962033
64.63897 -0.00231378962033
64.73588 -0.00231378962033
64.83279 -0.00231378962033
64.9297 -0.00231378962033
65.02661 -0.00231378962033
65.12352 -0.00231378962033
65.22043 -0.00231378962033
65.31734 -0.00231378962033
65.41425 -0.00231378962033
65.51116 -0.00231378962033
65.60807 -0.00231378962033
65.70498 -0.00231378962033
65.80189 -0.00231378962033
65.8988 -0.00231378962033
65.99571 -0.00231378962033
66.09262 -0.00231378962033
66.18953 -0.00231378962033
66.28644 -0.00231378962033
66.38335 -0.00231378962033
66.48026 -0.00231378962033
66.57717 -0.00231378962033
66.67408 -0.00231378962033
66.77099 -0.00231378962033
66.8679 -0.00231378962033
66.96481 -0.00231378962033
67.06172 -0.00231378962033
67.15863 -0.00231378962033
67.25554 -0.00231378962033
67.35245 -0.00231378962033
67.44936 -0.00231378962033
67.54627 -0.00231378962033
67.64318 -0.00231378962033
67.74009 -0.00231378962033
67.837 -0.00231378962033
67.93391 -0.00231378962033
68.03082 -0.00231378962033
68.12773 -0.00231378962033
68.22464 -0.00231378962033
68.32155 -0.00231378962033
68.41846 -0.00231378962033
68.51537 -0.00231378962033
68.61228 -0.00231378962033
68.70919 -0.00231378962033
68.8061 -0.00231378962033
68.90301 -0.00231378962033
68.99992 -0.00231378962033
69.09683 -0.00231378962033
69.19374 -0.00231378962033
69.29065 -0.00231378962033
69.38756 -0.00231378962033
69.48447 -0.00231378962033
69.58138 -0.00231378962033
69.67829 -0.00231378962033
69.7752 -0.00231378962033
69.87211 -0.00231378962033
69.96902 -0.00231378962033
70.06593 -0.00231378962033
70.16284 -0.00231378962033
70.25975 -0.00231378962033
70.35666 -0.00231378962033
70.45357 -0.00231378962033
70.55048 -0.00231378962033
70.64739 -0.00231378962033
70.7443 -0.00231378962033
70.84121 -0.00231378962033
70.93812 -0.00231378962033
71.03503 -0.00231378962033
71.13194 -0.00231378962033
71.22885 -0.00231378962033
71.32576 -0.00231378962033
71.42267 -0.00231378962033
71.51958 -0.00231378962033
71.61649 -0.00231378962033
71.7134 -0.00231378962033
71.81031 -0.00231378962033
71.90722 -0.00231378962033
72.00413 -0.00231378962033
72.10104 -0.00231378962033
72.19795 -0.00231378962033
72.29486 -0.00231378962033
72.39177 -0.00231378962033
72.48868 -0.00231378962033
72.58559 -0.00231378962033
72.6825 -0.00231378962033
72.77941 -0.00231378962033
72.87632 -0.00231378962033
72.97323 -0.00231378962033
73.07014 -0.00231378962033
73.16705 -0.00231378962033
73.26396 -0.00231378962033
73.36087 -0.00231378962033
73.45778 -0.00231378962033
73.55469 -0.00231378962033
73.6516 -0.00231378962033
73.74851 -0.00231378962033
73.84542 -0.00231378962033
73.94233 -0.00231378962033
74.03924 -0.00231378962033
74.13615 -0.00231378962033
74.23306 -0.00231378962033
74.32997 -0.00231378962033
74.42688 -0.00231378962033
74.52379 -0.00231378962033
74.6207 -0.00231378962033
74.71761 -0.00231378962033
74.81452 -0.00231378962033
74.91143 -0.00231378962033
75.00834 -0.00231378962033
75.10525 -0.00231378962033
75.20216 -0.00231378962033
75.29907 -0.00231378962033
75.39598 -0.00231378962033
75.49289 -0.00231378962033
75.5898 -0.00231378962033
75.68671 -0.00231378962033
75.78362 -0.00231378962033
75.88053 -0.00231378962033
75.97744 -0.00231378962033
76.07435 -0.00231378962033
76.17126 -0.00231378962033
76.26817 -0.00231378962033
76.36508 -0.00231378962033
76.46199 -0.00231378962033
76.5589 -0.00231378962033
76.65581 -0.00231378962033
76.75272 -0.00231378962033
76.84963 -0.00231378962033
76.94654 -0.00231378962033
77.04345 -0.00231378962033
77.14036 -0.00231378962033
77.23727 -0.00231378962033
77.33418 -0.00231378962033
77.43109 -0.00231378962033
77.528 -0.00231378962033
77.62491 -0.00231378962033
77.72182 -0.00231378962033
77.81873 -0.00231378962033
77.91564 -0.00231378962033
78.01255 -0.00231378962033
78.10946 -0.00231378962033
78.20637 -0.00231378962033
78.30328 -0.00231378962033
78.40019 -0.00231378962033
78.4971 -0.00231378962033
78.59401 -0.00231378962033
78.69092 -0.00231378962033
78.78783 -0.00231378962033
78.88474 -0.00231378962033
78.98165 -0.00231378962033
79.07856 -0.00231378962033
79.17547 -0.00231378962033
79.27238 -0.00231378962033
79.36929 -0.00231378962033
79.4662 -0.00231378962033
79.56311 -0.00231378962033
79.66002 -0.00231378962033
79.75693 -0.00231378962033
79.85384 -0.00231378962033
79.95075 -0.00231378962033
80.04766 -0.00231378962033
80.14457 -0.00231378962033
80.24148 -0.00231378962033
80.33839 -0.00231378962033
80.4353 -0.00231378962033
80.53221 -0.00231378962033
80.62912 -0.00231378962033
80.72603 -0.00231378962033
80.82294 -0.00231378962033
80.91985 -0.00231378962033
81.01676 -0.00231378962033
81.11367 -0.00231378962033
81.21058 -0.00231378962033
81.30749 -0.00231378962033
81.4044 -0.00231378962033
81.50131 -0.00231378962033
81.59822 -0.00231378962033
81.69513 -0.00231378962033
81.79204 -0.00231378962033
81.88895 -0.00231378962033
81.98586 -0.00231378962033
82.08277 -0.00231378962033
82.17968 -0.00231378962033
82.27659 -0.00231378962033
82.3735 -0.00231378962033
82.47041 -0.00231378962033
82.56732 -0.00231378962033
82.66423 -0.00231378962033
82.76114 -0.00231378962033
82.85805 -0.00231378962033
82.95496 -0.00231378962033
83.05187 -0.00231378962033
83.14878 -0.00231378962033
83.24569 -0.00231378962033
83.3426 -0.00231378962033
83.43951 -0.00231378962033
83.53642 -0.00231378962033
83.63333 -0.00231378962033
83.73024 -0.00231378962033
83.82715 -0.00231378962033
83.92406 -0.00231378962033
84.02097 -0.00231378962033
84.11788 -0.00231378962033
84.21479 -0.00231378962033
84.3117 -0.00231378962033
84.40861 -0.00231378962033
84.50552 -0.00231378962033
84.60243 -0.00231378962033
84.69934 -0.00231378962033
84.79625 -0.00231378962033
84.89316 -0.00231378962033
84.99007 -0.00231378962033
85.08698 -0.00231378962033
85.18389 -0.00231378962033
85.2808 -0.00231378962033
85.37771 -0.00231378962033
85.47462 -0.00231378962033
85.57153 -0.00231378962033
85.66844 -0.00231378962033
85.76535 -0.00231378962033
85.86226 -0.00231378962033
85.95917 -0.00231378962033
86.05608 -0.00231378962033
86.15299 -0.00231378962033
86.2499 -0.00231378962033
86.34681 -0.00231378962033
86.44372 -0.00231378962033
86.54063 -0.00231378962033
86.63754 -0.00231378962033
86.73445 -0.00231378962033
86.83136 -0.00231378962033
86.92827 -0.00231378962033
87.02518 -0.00231378962033
87.12209 -0.00231378962033
87.219 -0.00231378962033
87.31591 -0.00231378962033
87.41282 -0.00231378962033
87.50973 -0.00231378962033
87.60664 -0.00231378962033
87.70355 -0.00231378962033
87.80046 -0.00231378962033
87.89737 -0.00231378962033
87.99428 -0.00231378962033
88.09119 -0.00231378962033
88.1881 -0.00231378962033
88.28501 -0.00231378962033
88.38192 -0.00231378962033
88.47883 -0.00231378962033
88.57574 -0.00231378962033
88.67265 -0.00231378962033
88.76956 -0.00231378962033
88.86647 -0.00231378962033
88.96338 -0.00231378962033
89.06029 -0.00231378962033
89.1572 -0.00231378962033
89.25411 -0.00231378962033
89.35102 -0.00231378962033
89.44793 -0.00231378962033
89.54484 -0.00231378962033
89.64175 -0.00231378962033
89.73866 -0.00231378962033
89.83557 -0.00231378962033
89.93248 -0.00231378962033
90.02939 -0.00231378962033
90.1263 -0.00231378962033
90.22321 -0.00231378962033
90.32012 -0.00231378962033
90.41703 -0.00231378962033
90.51394 -0.00231378962033
90.61085 -0.00231378962033
90.70776 -0.00231378962033
90.80467 -0.00231378962033
90.90158 -0.00231378962033
90.99849 -0.00231378962033
91.0954 -0.00231378962033
91.19231 -0.00231378962033
91.28922 -0.00231378962033
91.38613 -0.00231378962033
91.48304 -0.00231378962033
91.57995 -0.00231378962033
91.67686 -0.00231378962033
91.77377 -0.00231378962033
91.87068 -0.00231378962033
91.96759 -0.00231378962033
92.0645 -0.00231378962033
92.16141 -0.00231378962033
92.25832 -0.00231378962033
92.35523 -0.00231378962033
92.45214 -0.00231378962033
92.54905 -0.00231378962033
92.64596 -0.00231378962033
92.74287 -0.00231378962033
92.83978 -0.00231378962033
92.93669 -0.00231378962033
93.0336 -0.00231378962033
93.13051 -0.00231378962033
93.22742 -0.00231378962033
93.32433 -0.00231378962033
93.42124 -0.00231378962033
93.51815 -0.00231378962033
93.61506 -0.00231378962033
93.71197 -0.00231378962033
93.80888 -0.00231378962033
93.90579 -0.00231378962033
94.0027 -0.00231378962033
94.09961 -0.00231378962033
94.19652 -0.00231378962033
94.29343 -0.00231378962033
94.39034 -0.00231378962033
94.48725 -0.00231378962033
94.58416 -0.00231378962033
94.68107 -0.00231378962033
94.77798 -0.00231378962033
94.87489 -0.00231378962033
94.9718 -0.00231378962033
95.06871 -0.00231378962033
95.16562 -0.00231378962033
95.26253 -0.00231378962033
95.35944 -0.00231378962033
95.45635 -0.00231378962033
95.55326 -0.00231378962033
95.65017 -0.00231378962033
95.74708 -0.00231378962033
95.84399 -0.00231378962033
95.9409 -0.00231378962033
96.03781 -0.00231378962033
96.13472 -0.00231378962033
96.23163 -0.00231378962033
96.32854 -0.00231378962033
96.42545 -0.00231378962033
96.52236 -0.00231378962033
96.61927 -0.00231378962033
96.71618 -0.00231378962033
96.81309 -0.00231378962033
96.91 -0.00231378962033
97.00691 -0.00231378962033
97.10382 -0.00231378962033
97.20073 -0.00231378962033
97.29764 -0.00231378962033
97.39455 -0.00231378962033
97.49146 -0.00231378962033
97.58837 -0.00231378962033
97.68528 -0.00231378962033
97.78219 -0.00231378962033
97.8791 -0.00231378962033
97.97601 -0.00231378962033
98.07292 -0.00231378962033
98.16983 -0.00231378962033
98.26674 -0.00231378962033
98.36365 -0.00231378962033
98.46056 -0.00231378962033
98.55747 -0.00231378962033
98.65438 -0.00231378962033
98.75129 -0.00231378962033
98.8482 -0.00231378962033
98.94511 -0.00231378962033
99.04202 -0.00231378962033
99.13893 -0.00231378962033
