0.0 -0.203773545625
0.094276 0.266732575349
0.188552 0.715688131273
0.282828 1.07025485904
0.377104 1.27923148101
0.47138 1.33106143926
0.565656 1.25395284633
0.659932 1.09928181785
0.754208 0.916831646434
0.848484 0.73303433961
0.94276 0.542509622989
1.037036 0.316943136165
1.131312 0.0264414454218
1.225588 -0.336331025334
1.319864 -0.740020481508
1.41414 -1.1155045278
1.508416 -1.37593918884
1.602692 -1.44751877524
1.696968 -1.29313582494
1.791244 -0.916014143637
1.88552 -0.349700372222
1.979796 0.350186876671
2.074072 1.10641075488
2.168348 1.8167462479
2.262624 2.35151083246
2.3569 2.55887073571
2.451176 2.28924870688
2.545452 1.44154751784
2.639728 0.015060208249
2.734004 -1.85729451281
2.82828 -3.90751170721
2.922556 -5.7612261922
3.016832 -6.99137737379
3.111108 -7.19511464984
3.205384 -6.09332000301
3.29966 -3.63744578209
3.393936 -0.0826765006382
3.488212 4.01917266231
3.582488 7.92338598709
3.676764 10.8653000024
3.77104 12.2480791739
3.865316 11.7889795428
3.959592 9.58337086243
4.053868 6.07037753923
4.148144 1.9112270947
4.24242 -2.18338305139
4.336696 -5.62405027224
4.430972 -8.05914073115
4.525248 -9.4046940194
4.619524 -9.78942339098
4.7138 -9.44793527576
4.808076 -8.60983624334
4.902352 -7.42757593722
4.996628 -5.96436255425
5.090904 -4.23325063905
5.18518 -2.25584422487
5.279456 -0.106480483379
5.373732 2.07754912864
5.468008 4.11987828888
5.562284 5.84909947523
5.65656 7.1428499833
5.750836 7.95346185554
5.845112 8.30456652534
5.939388 8.26022568677
6.033664 7.88118649304
6.12794 7.19002410682
6.222216 6.16360240282
6.316492 4.75840182606
6.410768 2.95798208696
6.505044 0.820147627151
6.59932 -1.50038815329
6.693596 -3.76806950782
6.787872 -5.71816745829
6.882148 -7.12527372012
6.976424 -7.86306761578
7.0707 -7.93399094071
7.164976 -7.45938807802
7.259252 -6.6347822332
7.353528 -5.66676616439
7.447804 -4.71365346424
7.54208 -3.84983071867
7.636356 -3.06436310923
7.730632 -2.29067161932
7.824908 -1.45212972437
7.919184 -0.503542923046
8.01346 0.547633706146
8.107736 1.64579243867
8.202012 2.71106222816
8.296288 3.66919797208
8.390564 4.47390031927
8.48484 5.11323049548
8.579116 5.59949354523
8.673392 5.94907689272
8.767668 6.16237713176
8.861944 6.21313038157
8.95622 6.05216461245
9.050496 5.62447683728
9.144772 4.89275923718
9.239048 3.85749708753
9.333324 2.56535384747
9.4276 1.10294846975
9.521876 -0.420703035616
9.616152 -1.89558911644
9.710428 -3.22810041382
9.804704 -4.35006540332
9.89898 -5.21975334304
9.993256 -5.81820063078
10.087532 -6.14456230417
10.181808 -6.2125937236
10.276084 -6.04832068876
10.37036 -5.68755409914
10.464636 -5.17167832975
10.558912 -4.5413582771
10.653188 -3.82980327998
10.747464 -3.05852124448
10.84174 -2.23799465704
10.936016 -1.37352655441
11.030292 -0.473874757966
11.124568 0.441391996107
11.218844 1.33973843406
11.31312 2.18044132846
11.407396 2.92455527421
11.501672 3.54541685922
11.595948 4.03458138375
11.690224 4.40034630671
11.7845 4.65963518641
11.878776 4.82710835931
11.973052 4.90653702126
12.067328 4.88828022722
12.161604 4.75370261737
12.25588 4.48404125117
12.350156 4.06926861522
12.444432 3.51288548562
12.538708 2.83101955114
12.632984 2.04731495033
12.72726 1.18721935376
12.821536 0.27528453002
12.915812 -0.663023863873
13.010088 -1.59656983467
13.104364 -2.48463526135
13.19864 -3.27771295814
13.292916 -3.92464218569
13.387192 -4.38432581933
13.481468 -4.63746518232
13.575744 -4.6930471983
13.67002 -4.58617192578
13.764296 -4.36740124137
13.858572 -4.08746008349
13.952848 -3.78310130539
14.047124 -3.4693360496
14.1414 -3.14036455475
14.235676 -2.77782911692
14.329952 -2.3621976049
14.424228 -1.88237250947
14.518504 -1.34013891208
14.61278 -0.748869227999
14.707056 -0.128519635253
14.801332 0.499844460105
14.895608 1.11735521431
14.989884 1.70766949201
15.08416 2.25541579046
15.178436 2.74480012835
15.272712 3.15997007872
15.366988 3.48732364247
15.461264 3.71849636845
15.55554 3.85215921156
15.649816 3.89335719309
15.744092 3.85053945318
15.838368 3.73181894961
15.932644 3.542523941
16.02692 3.28543431925
16.121196 2.96358947523
16.215472 2.58404675132
16.309748 2.16030801939
16.404024 1.71170580124
16.4983 1.25956817597
16.592576 0.821665973169
16.686852 0.407403778328
16.781128 0.0159501803176
16.875404 -0.361843954439
16.96968 -0.738620669871
17.063956 -1.12490606396
17.158232 -1.52500137924
17.252508 -1.93572714403
17.346784 -2.3478949703
17.44106 -2.74914576645
17.535336 -3.12640857879
17.629612 -3.46681870093
17.723888 -3.75708240988
17.818164 -3.98231176267
17.91244 -4.12570920467
18.006716 -4.17000071341
18.100992 -4.10050846657
18.195268 -3.90879831723
18.289544 -3.59544748137
18.38382 -3.17082864601
18.478096 -2.65366618071
18.572372 -2.06801000172
18.666648 -1.43975048245
18.760924 -0.79369331741
18.8552 -0.151689657103
18.949476 0.468262119142
19.043752 1.05233089692
19.138028 1.59089536802
19.232304 2.07832637129
19.32658 2.51228864104
19.420856 2.89239957425
19.515132 3.21843086924
19.609408 3.48864947287
19.703684 3.69905602426
19.79796 3.84400409925
19.892236 3.9180482181
19.986512 3.91819596088
20.080788 3.84542584554
20.175064 3.70461168516
20.26934 3.50277858364
20.363616 3.24651573513
20.457892 2.93989314285
20.552168 2.58405112591
20.646444 2.17879953509
20.74072 1.72549305333
20.834996 1.22971398789
20.929272 0.70231609571
21.023548 0.158188438186
21.117824 -0.386715642885
21.2121 -0.918601006476
21.306376 -1.42764921497
21.400652 -1.90749416822
21.494928 -2.35266854113
21.589204 -2.75547274523
21.68348 -3.1041334681
21.777756 -3.38356807763
21.872032 -3.57880818594
21.966308 -3.67978390275
22.060584 -3.68540352797
22.15486 -3.60506336777
22.249136 -3.45679082288
22.343412 -3.26264243609
22.437688 -3.04307816512
22.531964 -2.81232926969
22.62624 -2.57619731819
22.720516 -2.33261396438
22.814792 -2.07422024829
22.909068 -1.79167219863
23.003344 -1.47651053527
23.09762 -1.1230419009
23.191896 -0.729343804099
23.286172 -0.297838982874
23.380448 0.16424647554
23.474724 0.644648374076
23.569 1.12651683504
23.663276 1.59000811475
23.757552 2.01503021728
23.851828 2.38452325347
23.946104 2.68721045332
24.04038 2.91880512557
24.134656 3.08123907927
24.228932 3.18031917004
24.323208 3.22288682683
24.417484 3.21469434167
24.51176 3.15974544652
24.606036 3.06102848136
24.700312 2.92184280326
24.794588 2.74667556352
24.888864 2.54095030233
24.98314 2.30972666336
25.077416 2.05614658347
25.171692 1.78067973185
25.265968 1.48185305056
25.360244 1.15833701679
25.45452 0.811442804884
25.548796 0.446722543181
25.643072 0.0736948732872
25.737348 -0.296388205835
25.831624 -0.653798077112
25.9259 -0.993058954915
26.020176 -1.31373213492
26.114452 -1.61869488702
26.208728 -1.91054401103
26.303004 -2.18770538586
26.39728 -2.44207564354
26.491556 -2.65942798104
26.585832 -2.82264755351
26.680108 -2.91665456175
26.774384 -2.9331628978
26.86866 -2.87350141011
26.962936 -2.74851921076
27.057212 -2.57572487194
27.151488 -2.37478181135
27.245764 -2.16292815746
27.34004 -1.95170529838
27.434316 -1.74573508284
27.528592 -1.5435072095
27.622868 -1.33954016752
27.717144 -1.12703346901
27.81142 -0.900226406002
27.905696 -0.655979636096
27.999972 -0.394429006525
28.094248 -0.11880836464
28.188524 0.165331132778
28.2828 0.451230501086
28.377076 0.73203230731
28.471352 1.00169039132
28.565628 1.25555041548
28.659904 1.49030710754
28.75418 1.70352631058
28.848456 1.89298315591
28.942732 2.05616097145
29.037008 2.1901825473
29.131284 2.29222783609
29.22556 2.36022655293
29.319836 2.39344023728
29.414112 2.39257310379
29.508388 2.35928141185
29.602664 2.29527843
29.69694 2.20148272701
29.791216 2.07768582819
29.885492 1.92298731047
29.979768 1.73686474458
30.074044 1.5204041299
30.16832 1.27709392065
30.262596 1.01275600139
30.356872 0.734576819282
30.451148 0.449627191761
30.545424 0.163516527322
30.6397 -0.120207862832
30.733976 -0.399620842867
30.828252 -0.673099735642
30.922528 -0.937684414818
31.016804 -1.18784865733
31.11108 -1.41528908338
31.205356 -1.60996815632
31.299632 -1.76217898132
31.393908 -1.86500863339
31.488184 -1.9164024791
31.58246 -1.92012883764
31.676736 -1.88527006132
31.771012 -1.82430927191
31.865288 -1.7503002201
31.959564 -1.67387787128
32.05384 -1.60091731877
32.148116 -1.53147109325
32.242392 -1.46026315641
32.336668 -1.37858980435
32.430944 -1.27709230727
32.52522 -1.14863402825
32.619496 -0.990506620295
32.713772 -0.80540996654
32.808048 -0.601027961392
32.902324 -0.388429917181
32.9966 -0.179827325875
33.090876 0.0136854548433
33.185152 0.183889612917
33.279428 0.32642840582
33.373704 0.441009981172
33.46798 0.530982425103
33.562256 0.602475511656
33.656532 0.663252840434
33.750808 0.721361738212
33.845084 0.783676774001
33.93936 0.854516420543
34.033636 0.934614190242
34.127912 1.0207562788
34.222188 1.10629323552
34.316464 1.18249940292
34.41074 1.24047308311
34.505016 1.27306409115
34.599292 1.27628356916
34.693568 1.24982009026
34.787844 1.19659286474
34.88212 1.12159238035
34.976396 1.03046272776
35.070672 0.92829529904
35.164948 0.818943756575
35.259224 0.704922763933
35.3535 0.587733162566
35.447776 0.468350236985
35.542052 0.347639386266
35.636328 0.226578881218
35.730604 0.10629490563
35.82488 -0.0120126225352
35.919156 -0.127170093982
36.013432 -0.238107773875
36.107708 -0.343897576744
36.201984 -0.443737037075
36.29626 -0.536853660331
36.390536 -0.622311857508
36.484812 -0.698756053099
36.579088 -0.764202720326
36.673364 -0.816047201983
36.76764 -0.85141918423
36.861916 -0.867884789998
36.956192 -0.864301436992
37.050468 -0.841484226655
37.144744 -0.802339757348
37.23902 -0.751302029754
37.333296 -0.693205267589
37.427572 -0.632010875176
37.521848 -0.569919442722
37.616124 -0.50726301982
37.7104 -0.44322955084
37.804676 -0.377074993167
37.898952 -0.309225436016
37.993228 -0.241700084044
38.087504 -0.177600819906
38.18178 -0.119874136819
38.276056 -0.069933203464
38.370332 -0.0268357849144
38.464608 0.0125193554277
38.558884 0.0521872968465
38.65316 0.095458771224
38.747436 0.143385246625
38.841712 0.194206818947
38.935988 0.243932160997
39.030264 0.287795308672
39.12454 0.321930182676
39.218816 0.344542112521
39.313092 0.35613448028
39.407368 0.358817293403
39.501644 0.355144531462
39.59592 0.34709571645
39.690196 0.335668167525
39.784472 0.321177076308
39.878748 0.30397351996
39.973024 0.285084897643
40.0673 0.26635242731
40.161576 0.249934188112
40.255852 0.237396579137
40.350128 0.228847424157
40.444404 0.222558995712
40.53868 0.215302169097
40.632956 0.203286308757
40.727232 0.183336243428
40.821508 0.15385717052
40.915784 0.115261236709
41.01006 0.0697771094562
41.104336 0.0208071958672
41.198612 -0.0278730660859
41.292888 -0.0728009376875
41.387164 -0.11125409472
41.48144 -0.141426379941
41.575716 -0.162445428206
41.669992 -0.174323456985
41.764268 -0.177870283693
41.858544 -0.174538276648
41.95282 -0.166163053993
42.047096 -0.154617590403
42.141372 -0.141471169503
42.235648 -0.127780632684
42.329924 -0.114103354261
42.4242 -0.100720013646
42.518476 -0.0879441725815
42.612752 -0.0763404279293
42.707028 -0.0667116014115
42.801304 -0.0598345595998
42.89558 -0.0560639970122
42.989856 -0.0550094675226
43.084132 -0.0554745947837
43.178408 -0.0557327671508
43.272684 -0.054055841582
43.36696 -0.0492891819563
43.461236 -0.0412382131844
43.555512 -0.0307115576851
43.649788 -0.0192139298283
43.744064 -0.00842716525631
43.83834 0.000306250812516
43.932616 0.00630562552394
44.026892 0.00959168656833
44.121168 0.010682748554
44.215444 0.0102795308819
44.30972 0.00899094063454
44.403996 0.00720240705129
44.498272 0.00510156395342
44.592548 0.00279992764618
44.686824 0.000457739445029
44.7811 -0.00166107625351
44.875376 -0.00322545754226
44.969652 -0.00393530351403
45.063928 -0.00362489389212
45.158204 -0.00232205911716
45.25248 -0.000242651908633
45.346756 0.00226802144681
45.441032 0.00481650816623
45.535308 0.00703529069982
45.629584 0.00863324559869
45.72386 0.00942170810111
45.818136 0.00932399858276
45.912412 0.00837556504062
46.006688 0.00671595034377
46.100964 0.00456906670947
46.19524 0.00220895230891
46.289516 -8.61095192944e-05
46.383792 -0.00208155707405
46.478068 -0.00362399200738
46.572344 -0.00465814713269
46.66662 -0.00522042114404
46.760896 -0.0054136946625
46.855172 -0.00537301987312
46.949448 -0.0052324217774
47.043724 -0.00510034575596
47.138 -0.0050472673903
47.232276 -0.0050472673903
47.326552 -0.0050472673903
47.420828 -0.0050472673903
47.515104 -0.0050472673903
47.60938 -0.0050472673903
47.703656 -0.0050472673903
47.797932 -0.0050472673903
47.892208 -0.0050472673903
47.986484 -0.0050472673903
48.08076 -0.0050472673903
48.175036 -0.0050472673903
48.269312 -0.0050472673903
48.363588 -0.0050472673903
48.457864 -0.0050472673903
48.55214 -0.0050472673903
48.646416 -0.0050472673903
48.740692 -0.0050472673903
48.834968 -0.0050472673903
48.929244 -0.0050472673903
49.02352 -0.0050472673903
49.117796 -0.0050472673903
49.212072 -0.0050472673903
49.306348 -0.0050472673903
49.400624 -0.0050472673903
49.4949 -0.0050472673903
49.589176 -0.0050472673903
49.683452 -0.0050472673903
49.777728 -0.0050472673903
49.872004 -0.0050472673903
49.96628 -0.0050472673903
50.060556 -0.0050472673903
50.154832 -0.0050472673903
50.249108 -0.0050472673903
50.343384 -0.0050472673903
50.43766 -0.0050472673903
50.531936 -0.0050472673903
50.626212 -0.0050472673903
50.720488 -0.0050472673903
50.814764 -0.0050472673903
50.90904 -0.0050472673903
51.003316 -0.0050472673903
51.097592 -0.0050472673903
51.191868 -0.0050472673903
51.286144 -0.0050472673903
51.38042 -0.0050472673903
51.474696 -0.0050472673903
51.568972 -0.0050472673903
51.663248 -0.0050472673903
51.757524 -0.0050472673903
51.8518 -0.0050472673903
51.946076 -0.0050472673903
52.040352 -0.0050472673903
52.134628 -0.0050472673903
52.228904 -0.0050472673903
52.32318 -0.0050472673903
52.417456 -0.0050472673903
52.511732 -0.0050472673903
52.606008 -0.0050472673903
52.700284 -0.0050472673903
52.79456 -0.0050472673903
52.888836 -0.0050472673903
52.983112 -0.0050472673903
53.077388 -0.0050472673903
53.171664 -0.0050472673903
53.26594 -0.0050472673903
53.360216 -0.0050472673903
53.454492 -0.0050472673903
53.548768 -0.0050472673903
53.643044 -0.0050472673903
53.73732 -0.0050472673903
53.831596 -0.0050472673903
53.925872 -0.0050472673903
54.020148 -0.0050472673903
54.114424 -0.0050472673903
54.2087 -0.0050472673903
54.302976 -0.0050472673903
54.397252 -0.0050472673903
54.491528 -0.0050472673903
54.585804 -0.0050472673903
54.68008 -0.0050472673903
54.774356 -0.0050472673903
54.868632 -0.0050472673903
54.962908 -0.0050472673903
55.057184 -0.0050472673903
55.15146 -0.0050472673903
55.245736 -0.0050472673903
55.340012 -0.0050472673903
55.434288 -0.0050472673903
55.528564 -0.0050472673903
55.62284 -0.0050472673903
55.717116 -0.0050472673903
55.811392 -0.0050472673903
55.905668 -0.0050472673903
55.999944 -0.0050472673903
56.09422 -0.0050472673903
56.188496 -0.0050472673903
56.282772 -0.0050472673903
56.377048 -0.0050472673903
56.471324 -0.0050472673903
56.5656 -0.0050472673903
56.659876 -0.0050472673903
56.754152 -0.0050472673903
56.848428 -0.0050472673903
56.942704 -0.0050472673903
57.03698 -0.0050472673903
57.131256 -0.0050472673903
57.225532 -0.0050472673903
57.319808 -0.0050472673903
57.414084 -0.0050472673903
57.50836 -0.0050472673903
57.602636 -0.0050472673903
57.696912 -0.0050472673903
57.791188 -0.0050472673903
57.885464 -0.0050472673903
57.97974 -0.0050472673903
58.074016 -0.0050472673903
58.168292 -0.0050472673903
58.262568 -0.0050472673903
58.356844 -0.0050472673903
58.45112 -0.0050472673903
58.545396 -0.0050472673903
58.639672 -0.0050472673903
58.733948 -0.0050472673903
58.828224 -0.0050472673903
58.9225 -0.0050472673903
59.016776 -0.0050472673903
59.111052 -0.0050472673903
59.205328 -0.0050472673903
59.299604 -0.0050472673903
59.39388 -0.0050472673903
59.488156 -0.0050472673903
59.582432 -0.0050472673903
59.676708 -0.0050472673903
59.770984 -0.0050472673903
59.86526 -0.0050472673903
59.959536 -0.0050472673903
60.053812 -0.0050472673903
60.148088 -0.0050472673903
60.242364 -0.0050472673903
60.33664 -0.0050472673903
60.430916 -0.0050472673903
60.525192 -0.0050472673903
60.619468 -0.0050472673903
60.713744 -0.0050472673903
60.80802 -0.0050472673903
60.902296 -0.0050472673903
60.996572 -0.0050472673903
61.090848 -0.0050472673903
61.185124 -0.0050472673903
61.2794 -0.0050472673903
61.373676 -0.0050472673903
61.467952 -0.0050472673903
61.562228 -0.0050472673903
61.656504 -0.0050472673903
61.75078 -0.0050472673903
61.845056 -0.0050472673903
61.939332 -0.0050472673903
62.033608 -0.0050472673903
62.127884 -0.0050472673903
62.22216 -0.0050472673903
62.316436 -0.0050472673903
62.410712 -0.0050472673903
62.504988 -0.0050472673903
62.599264 -0.0050472673903
62.69354 -0.0050472673903
62.787816 -0.0050472673903
62.882092 -0.0050472673903
62.976368 -0.0050472673903
63.070644 -0.0050472673903
63.16492 -0.0050472673903
63.259196 -0.0050472673903
63.353472 -0.0050472673903
63.447748 -0.0050472673903
63.542024 -0.0050472673903
63.6363 -0.0050472673903
63.730576 -0.0050472673903
63.824852 -0.0050472673903
63.919128 -0.0050472673903
64.013404 -0.0050472673903
64.10768 -0.0050472673903
64.201956 -0.0050472673903
64.296232 -0.0050472673903
64.390508 -0.0050472673903
64.484784 -0.0050472673903
64.57906 -0.0050472673903
64.673336 -0.0050472673903
64.767612 -0.0050472673903
64.861888 -0.0050472673903
64.956164 -0.0050472673903
65.05044 -0.0050472673903
65.144716 -0.0050472673903
65.238992 -0.0050472673903
65.333268 -0.0050472673903
65.427544 -0.0050472673903
65.52182 -0.0050472673903
65.616096 -0.0050472673903
65.710372 -0.0050472673903
65.804648 -0.0050472673903
65.898924 -0.0050472673903
65.9932 -0.0050472673903
66.087476 -0.0050472673903
66.181752 -0.0050472673903
66.276028 -0.0050472673903
66.370304 -0.0050472673903
66.46458 -0.0050472673903
66.558856 -0.0050472673903
66.653132 -0.0050472673903
66.747408 -0.0050472673903
66.841684 -0.0050472673903
66.93596 -0.0050472673903
67.030236 -0.0050472673903
67.124512 -0.0050472673903
67.218788 -0.0050472673903
67.313064 -0.0050472673903
67.40734 -0.0050472673903
67.501616 -0.0050472673903
67.595892 -0.0050472673903
67.690168 -0.0050472673903
67.784444 -0.0050472673903
67.87872 -0.0050472673903
67.972996 -0.0050472673903
68.067272 -0.0050472673903
68.161548 -0.0050472673903
68.255824 -0.0050472673903
68.3501 -0.0050472673903
68.444376 -0.0050472673903
68.538652 -0.0050472673903
68.632928 -0.0050472673903
68.727204 -0.0050472673903
68.82148 -0.0050472673903
68.915756 -0.0050472673903
69.010032 -0.0050472673903
69.104308 -0.0050472673903
69.198584 -0.0050472673903
69.29286 -0.0050472673903
69.387136 -0.0050472673903
69.481412 -0.0050472673903
69.575688 -0.0050472673903
69.669964 -0.0050472673903
69.76424 -0.0050472673903
69.858516 -0.0050472673903
69.952792 -0.0050472673903
70.047068 -0.0050472673903
70.141344 -0.0050472673903
70.23562 -0.0050472673903
70.329896 -0.0050472673903
70.424172 -0.0050472673903
70.518448 -0.0050472673903
70.612724 -0.0050472673903
70.707 -0.0050472673903
70.801276 -0.0050472673903
70.895552 -0.0050472673903
70.989828 -0.0050472673903
71.084104 -0.0050472673903
71.17838 -0.0050472673903
71.272656 -0.0050472673903
71.366932 -0.0050472673903
71.461208 -0.0050472673903
71.555484 -0.0050472673903
71.64976 -0.0050472673903
71.744036 -0.0050472673903
71.838312 -0.0050472673903
71.932588 -0.0050472673903
72.026864 -0.0050472673903
72.12114 -0.0050472673903
72.215416 -0.0050472673903
72.309692 -0.0050472673903
72.403968 -0.0050472673903
72.498244 -0.0050472673903
72.59252 -0.0050472673903
72.686796 -0.0050472673903
72.781072 -0.0050472673903
72.875348 -0.0050472673903
72.969624 -0.0050472673903
73.0639 -0.0050472673903
73.158176 -0.0050472673903
73.252452 -0.0050472673903
73.346728 -0.0050472673903
73.441004 -0.0050472673903
73.53528 -0.0050472673903
73.629556 -0.0050472673903
73.723832 -0.0050472673903
73.818108 -0.0050472673903
73.912384 -0.0050472673903
74.00666 -0.0050472673903
74.100936 -0.0050472673903
74.195212 -0.0050472673903
74.289488 -0.0050472673903
74.383764 -0.0050472673903
74.47804 -0.0050472673903
74.572316 -0.0050472673903
74.666592 -0.0050472673903
74.760868 -0.0050472673903
74.855144 -0.0050472673903
74.94942 -0.0050472673903
75.043696 -0.0050472673903
75.137972 -0.0050472673903
75.232248 -0.0050472673903
75.326524 -0.0050472673903
75.4208 -0.0050472673903
75.515076 -0.0050472673903
75.609352 -0.0050472673903
75.703628 -0.0050472673903
75.797904 -0.0050472673903
75.89218 -0.0050472673903
75.986456 -0.0050472673903
76.080732 -0.0050472673903
76.175008 -0.0050472673903
76.269284 -0.0050472673903
76.36356 -0.0050472673903
76.457836 -0.0050472673903
76.552112 -0.0050472673903
76.646388 -0.0050472673903
76.740664 -0.0050472673903
76.83494 -0.0050472673903
76.929216 -0.0050472673903
77.023492 -0.0050472673903
77.117768 -0.0050472673903
77.212044 -0.0050472673903
77.30632 -0.0050472673903
77.400596 -0.0050472673903
77.494872 -0.0050472673903
77.589148 -0.0050472673903
77.683424 -0.0050472673903
77.7777 -0.0050472673903
77.871976 -0.0050472673903
77.966252 -0.0050472673903
78.060528 -0.0050472673903
78.154804 -0.0050472673903
78.24908 -0.0050472673903
78.343356 -0.0050472673903
78.437632 -0.0050472673903
78.531908 -0.0050472673903
78.626184 -0.0050472673903
78.72046 -0.0050472673903
78.814736 -0.0050472673903
78.909012 -0.0050472673903
79.003288 -0.0050472673903
79.097564 -0.0050472673903
79.19184 -0.0050472673903
79.286116 -0.0050472673903
79.380392 -0.0050472673903
79.474668 -0.0050472673903
79.568944 -0.0050472673903
79.66322 -0.0050472673903
79.757496 -0.0050472673903
79.851772 -0.0050472673903
79.946048 -0.0050472673903
80.040324 -0.0050472673903
80.1346 -0.0050472673903
80.228876 -0.0050472673903
80.323152 -0.0050472673903
80.417428 -0.0050472673903
80.511704 -0.0050472673903
80.60598 -0.0050472673903
80.700256 -0.0050472673903
80.794532 -0.0050472673903
80.888808 -0.0050472673903
80.983084 -0.0050472673903
81.07736 -0.0050472673903
81.171636 -0.0050472673903
81.265912 -0.0050472673903
81.360188 -0.0050472673903
81.454464 -0.0050472673903
81.54874 -0.0050472673903
81.643016 -0.0050472673903
81.737292 -0.0050472673903
81.831568 -0.0050472673903
81.925844 -0.0050472673903
82.02012 -0.0050472673903
82.114396 -0.0050472673903
82.208672 -0.0050472673903
82.302948 -0.0050472673903
82.397224 -0.0050472673903
82.4915 -0.0050472673903
82.585776 -0.0050472673903
82.680052 -0.0050472673903
82.774328 -0.0050472673903
82.868604 -0.0050472673903
82.96288 -0.0050472673903
83.057156 -0.0050472673903
83.151432 -0.0050472673903
83.245708 -0.0050472673903
83.339984 -0.0050472673903
83.43426 -0.0050472673903
83.528536 -0.0050472673903
83.622812 -0.0050472673903
83.717088 -0.0050472673903
83.811364 -0.0050472673903
83.90564 -0.0050472673903
83.999916 -0.0050472673903
84.094192 -0.0050472673903
84.188468 -0.0050472673903
84.282744 -0.0050472673903
84.37702 -0.0050472673903
84.471296 -0.0050472673903
84.565572 -0.0050472673903
84.659848 -0.0050472673903
84.754124 -0.0050472673903
84.8484 -0.0050472673903
84.942676 -0.0050472673903
85.036952 -0.0050472673903
85.131228 -0.0050472673903
85.225504 -0.0050472673903
85.31978 -0.0050472673903
85.414056 -0.0050472673903
85.508332 -0.0050472673903
85.602608 -0.0050472673903
85.696884 -0.0050472673903
85.79116 -0.0050472673903
85.885436 -0.0050472673903
85.979712 -0.0050472673903
86.073988 -0.0050472673903
86.168264 -0.0050472673903
86.26254 -0.0050472673903
86.356816 -0.0050472673903
86.451092 -0.0050472673903
86.545368 -0.0050472673903
86.639644 -0.0050472673903
86.73392 -0.0050472673903
86.828196 -0.0050472673903
86.922472 -0.0050472673903
87.016748 -0.0050472673903
87.111024 -0.0050472673903
87.2053 -0.0050472673903
87.299576 -0.0050472673903
87.393852 -0.0050472673903
87.488128 -0.0050472673903
87.582404 -0.0050472673903
87.67668 -0.0050472673903
87.770956 -0.0050472673903
87.865232 -0.0050472673903
87.959508 -0.0050472673903
88.053784 -0.0050472673903
88.14806 -0.0050472673903
88.242336 -0.0050472673903
88.336612 -0.0050472673903
88.430888 -0.0050472673903
88.525164 -0.0050472673903
88.61944 -0.0050472673903
88.713716 -0.0050472673903
88.807992 -0.0050472673903
88.902268 -0.0050472673903
88.996544 -0.0050472673903
89.09082 -0.0050472673903
89.185096 -0.0050472673903
89.279372 -0.0050472673903
89.373648 -0.0050472673903
89.467924 -0.0050472673903
89.5622 -0.0050472673903
89.656476 -0.0050472673903
89.750752 -0.0050472673903
89.845028 -0.0050472673903
89.939304 -0.0050472673903
90.03358 -0.0050472673903
90.127856 -0.0050472673903
90.222132 -0.0050472673903
90.316408 -0.0050472673903
90.410684 -0.0050472673903
90.50496 -0.0050472673903
90.599236 -0.0050472673903
90.693512 -0.0050472673903
90.787788 -0.0050472673903
90.882064 -0.0050472673903
90.97634 -0.0050472673903
91.070616 -0.0050472673903
91.164892 -0.0050472673903
91.259168 -0.0050472673903
91.353444 -0.0050472673903
91.44772 -0.0050472673903
91.541996 -0.0050472673903
91.636272 -0.0050472673903
91.730548 -0.0050472673903
91.824824 -0.0050472673903
91.9191 -0.0050472673903
92.013376 -0.0050472673903
92.107652 -0.0050472673903
92.201928 -0.0050472673903
92.296204 -0.0050472673903
92.39048 -0.0050472673903
92.484756 -0.0050472673903
92.579032 -0.0050472673903
92.673308 -0.0050472673903
92.767584 -0.0050472673903
92.86186 -0.0050472673903
92.956136 -0.0050472673903
93.050412 -0.0050472673903
93.144688 -0.0050472673903
93.238964 -0.0050472673903
93.33324 -0.0050472673903
93.427516 -0.0050472673903
93.521792 -0.0050472673903
93.616068 -0.0050472673903
93.710344 -0.0050472673903
93.80462 -0.0050472673903
93.898896 -0.0050472673903
93.993172 -0.0050472673903
94.087448 -0.0050472673903
94.181724 -0.0050472673903
94.276 -0.0050472673903
94.370276 -0.0050472673903
94.464552 -0.0050472673903
94.558828 -0.0050472673903
94.653104 -0.0050472673903
94.74738 -0.0050472673903
94.841656 -0.0050472673903
94.935932 -0.0050472673903
95.030208 -0.0050472673903
95.124484 -0.0050472673903
95.21876 -0.0050472673903
95.313036 -0.0050472673903
95.407312 -0.0050472673903
95.501588 -0.0050472673903
95.595864 -0.0050472673903
95.69014 -0.0050472673903
95.784416 -0.0050472673903
95.878692 -0.0050472673903
95.972968 -0.0050472673903
96.067244 -0.0050472673903
96.16152 -0.0050472673903
96.255796 -0.0050472673903
96.350072 -0.0050472673903
96.444348 -0.0050472673903
