0.0 0.0815689628817
0.0954 0.378070390858
0.1908 0.647562660367
0.2862 0.852192333078
0.3816 0.96207683072
0.477 0.965771110429
0.5724 0.87362692116
0.6678 0.71277598351
0.7632 0.515931112178
0.8586 0.308585495584
0.954 0.100690082566
1.0494 -0.112878358055
1.1448 -0.343216667795
1.2402 -0.5934507825
1.3356 -0.846296902605
1.431 -1.06031589988
1.5264 -1.17866508332
1.6218 -1.14732987119
1.7172 -0.932843718103
1.8126 -0.530885782213
1.908 0.0327327830269
2.0034 0.702437206036
2.0988 1.39302228143
2.1942 1.99201408574
2.2896 2.36592264981
2.385 2.37345231385
2.4804 1.89190215153
2.5758 0.857705272561
2.6712 -0.690160300424
2.7666 -2.58176348679
2.862 -4.51595629373
2.9574 -6.09330692321
3.0528 -6.88222664473
3.1482 -6.51340504302
3.2436 -4.78963952795
3.339 -1.78372155357
3.4344 2.11664902556
3.5298 6.25172691848
3.6252 9.82352854601
3.7206 12.0855829383
3.816 12.5312713892
3.9114 11.023827361
4.0068 7.82969518814
4.1022 3.54616279617
4.1976 -1.05455118925
4.293 -5.21755164477
4.3884 -8.37578522735
4.4838 -10.2493365353
4.5792 -10.8502425002
4.6746 -10.4041957335
4.77 -9.22850774663
4.8654 -7.61570734242
4.9608 -5.76311272013
5.0562 -3.76527172401
5.1516 -1.65750416801
5.247 0.521434513578
5.3424 2.68201572858
5.4378 4.67322567287
5.5332 6.31060278229
5.6286 7.42868789932
5.724 7.93443116805
5.8194 7.83837451533
5.9148 7.24951438202
6.0102 6.33468416391
6.1056 5.25880492954
6.201 4.13121971549
6.2964 2.98096702657
6.3918 1.77106310242
6.4872 0.444420339884
6.5826 -1.02018422872
6.678 -2.56851565536
6.7734 -4.06688004121
6.8688 -5.33677725021
6.9642 -6.21399140634
7.0596 -6.60716370921
7.155 -6.53097410716
7.2504 -6.09938852121
7.3458 -5.48057568749
7.4412 -4.83101637583
7.5366 -4.23552284013
7.632 -3.67827473127
7.7274 -3.05765983838
7.8228 -2.2391467253
7.9182 -1.12391904358
8.0136 0.295874147149
8.109 1.91857737477
8.2044 3.55846324552
8.2998 5.00363942366
8.3952 6.08201340932
8.4906 6.70898661865
8.586 6.8995762012
8.6814 6.74326599061
8.7768 6.35531891765
8.8722 5.82689052926
8.9676 5.19481806614
9.063 4.44181231719
9.1584 3.5237380174
9.2538 2.40894158233
9.3492 1.11029266451
9.4446 -0.304470118013
9.54 -1.72725740849
9.6354 -3.04056450927
9.7308 -4.14976826645
9.8262 -5.00287351741
9.9216 -5.59150905067
10.017 -5.93654959813
10.1124 -6.06810741487
10.2078 -6.0102236454
10.3032 -5.77609840935
10.3986 -5.37318476939
10.494 -4.81242080556
10.5894 -4.11460675342
10.6848 -3.30980169307
10.7802 -2.43064863189
10.8756 -1.50454483081
10.971 -0.550183292753
11.0664 0.418966936535
11.1618 1.38622162213
11.2572 2.32366215709
11.3526 3.19018950945
11.448 3.93815777443
11.5434 4.5261466975
11.6388 4.93157430712
11.7342 5.1564965248
11.8296 5.22333861601
11.925 5.16249819591
12.0204 4.99791377736
12.1158 4.73765778507
12.2112 4.37394234016
12.3066 3.89202349451
12.402 3.28295723837
12.4974 2.55341429225
12.5928 1.7276848917
12.6882 0.841462219191
12.7836 -0.068521905777
12.879 -0.972864757381
12.9744 -1.85116057424
13.0698 -2.68639552476
13.1652 -3.45598449257
13.2606 -4.12565513326
13.356 -4.65113850773
13.4514 -4.9884676792
13.5468 -5.10884051641
13.6422 -5.01108257861
13.7376 -4.7253521115
13.833 -4.30560596279
13.9284 -3.8135451813
14.0238 -3.30067728281
14.1192 -2.79585041116
14.2146 -2.30286789495
14.31 -1.80804725545
14.4054 -1.29324396498
14.5008 -0.747976541124
14.5962 -0.175559105114
14.6916 0.408342502568
14.787 0.982512330516
14.8824 1.52793674737
14.9778 2.0324232175
15.0732 2.4903510773
15.1686 2.89871958901
15.264 3.25250934756
15.3594 3.54231832783
15.4548 3.7555440022
15.5502 3.88019426933
15.6456 3.90901028145
15.741 3.84167728915
15.8364 3.68426057364
15.9318 3.44669250302
16.0272 3.14010849972
16.1226 2.77556174654
16.218 2.36441756298
16.3134 1.91940212271
16.4088 1.45474492477
16.5042 0.984468197519
16.5996 0.51925045074
16.695 0.0635356553508
16.7904 -0.385164881916
16.8858 -0.83378812712
16.9812 -1.28876248939
17.0766 -1.75076001553
17.172 -2.21169655273
17.2674 -2.65549048263
17.3628 -3.06219614765
17.4582 -3.41339938902
17.5536 -3.69616371037
17.649 -3.90369238637
17.7444 -4.03274703384
17.8398 -4.07969570279
17.9352 -4.03782887884
18.0306 -3.89784694833
18.126 -3.65159228795
18.2214 -3.2971929107
18.3168 -2.84286968878
18.4122 -2.30725454448
18.5076 -1.71585294387
18.603 -1.09527948685
18.6984 -0.46800414683
18.7938 0.150032743376
18.8892 0.748220192495
18.9846 1.31775351041
19.08 1.84826335437
19.1754 2.32684932433
19.2708 2.74025333299
19.3662 3.07896204731
19.4616 3.34076008541
19.557 3.53139631256
19.6524 3.66152114059
19.7478 3.74109543649
19.8432 3.77394415893
19.9386 3.75521553183
20.034 3.67314001629
20.1294 3.51437201299
20.2248 3.27044218728
20.3202 2.94235081319
20.4156 2.54132085019
20.511 2.08565470626
20.6064 1.59548538521
20.7018 1.08804669664
20.7972 0.575541217546
20.8926 0.0661268720861
20.988 -0.433149995228
21.0834 -0.913576173872
21.1788 -1.36396860355
21.2742 -1.77240039694
21.3696 -2.12949350682
21.465 -2.43138614822
21.5604 -2.6806205603
21.6558 -2.88428795555
21.7512 -3.05019575468
21.8466 -3.18282196213
21.942 -3.28089350239
22.0374 -3.33758471274
22.1328 -3.34306659324
22.2282 -3.288115442
22.3236 -3.16719416075
22.419 -2.97991045376
22.5144 -2.73067996457
22.6098 -2.42724529125
22.7052 -2.07901787314
22.8006 -1.69594765348
22.896 -1.28804732191
22.9914 -0.865209447607
23.0868 -0.436851044423
23.1822 -0.0112192759826
23.2776 0.40535309438
23.373 0.80868520557
23.4684 1.19605544295
23.5638 1.56464753475
23.6592 1.90977220473
23.7546 2.22379354705
23.85 2.49649457969
23.9454 2.71699224109
24.0408 2.8765610394
24.1362 2.97123193125
24.2316 3.00305855365
24.327 2.97948263558
24.4224 2.9110222824
24.5178 2.8081733583
24.6132 2.6786595083
24.7086 2.52591949514
24.804 2.34915123699
24.8994 2.14463947541
24.9948 1.90773936004
25.0902 1.63486662871
25.1856 1.32506522
25.281 0.980993294193
25.3764 0.609327175965
25.4718 0.220590988223
25.5672 -0.171635930725
25.6626 -0.552170742888
25.758 -0.9062268729
25.8534 -1.22161318221
25.9488 -1.49059578233
26.0442 -1.71088615782
26.1396 -1.88545217177
26.235 -2.02122536171
26.3304 -2.12712373831
26.4258 -2.2119634887
26.5212 -2.28274242969
26.6166 -2.34352489101
26.712 -2.39490505496
26.8074 -2.4339151592
26.9028 -2.45430890443
26.9982 -2.44729454012
27.0936 -2.40285895398
27.189 -2.31170056714
27.2844 -2.16749141444
27.3798 -1.96887131559
27.4752 -1.72045040748
27.5706 -1.43230212483
27.666 -1.11793977344
27.7614 -0.791379585295
27.8568 -0.464308774656
27.9522 -0.144371641108
28.0476 0.164871771428
28.143 0.462476329132
28.2384 0.747934182177
28.3338 1.01935071028
28.4292 1.27279463582
28.5246 1.50302930093
28.62 1.705155337
28.7154 1.87616841069
28.8108 2.015902703
28.9062 2.1268242221
29.0016 2.21254677862
29.097 2.27604820524
29.1924 2.31824775732
29.2878 2.33745970305
29.3832 2.32981348927
29.4786 2.29035092923
29.574 2.21434233056
29.6694 2.09843182479
29.7648 1.94142287604
29.8602 1.74469677338
29.9556 1.51232035969
30.051 1.25085043998
30.1464 0.96877380881
30.2418 0.675538214247
30.3372 0.380268101476
30.4326 0.0904566749821
30.528 -0.188945793932
30.6234 -0.455680901306
30.7188 -0.709455569885
30.8142 -0.950581221431
30.9096 -1.17850144968
31.005 -1.39078987343
31.1004 -1.5829951895
31.1958 -1.74933945232
31.2912 -1.88392368538
31.3866 -1.98193408863
31.482 -2.04043598712
31.5774 -2.05861400909
31.6728 -2.03759714607
31.7682 -1.98013845487
31.8636 -1.89034734607
31.959 -1.77347565235
32.0544 -1.63559250772
32.1498 -1.48297801985
32.2452 -1.32124062002
32.3406 -1.15440900021
32.436 -0.984396320239
32.5314 -0.81115851135
32.6268 -0.633577726069
32.7222 -0.450741365654
32.8176 -0.263060587957
32.913 -0.0727235215418
33.0084 0.116698515441
33.1038 0.301240670435
33.1992 0.477569925928
33.2946 0.643476551972
33.39 0.79756831143
33.4854 0.938367012068
33.5808 1.06337393021
33.6762 1.16873233557
33.7716 1.24982346319
33.867 1.3026318314
33.9624 1.32527225927
34.0578 1.31892878664
34.1532 1.2877042998
34.2486 1.23740013331
34.344 1.1737693101
34.4394 1.10104004016
34.5348 1.02135307521
34.6302 0.93527758535
34.7256 0.843018229894
34.821 0.745591191203
34.9164 0.64530120706
35.0118 0.545258454997
35.1072 0.448210944216
35.2026 0.355348387978
35.298 0.26576030118
35.3934 0.176897897115
35.4888 0.085877277375
35.5842 -0.00896288650683
35.6796 -0.106961901837
35.775 -0.204986559303
35.8704 -0.298277270498
35.9658 -0.381901429111
36.0612 -0.452198981499
36.1566 -0.507674562579
36.252 -0.549087048497
36.3474 -0.578842423495
36.4428 -0.600036902211
36.5382 -0.6155356231
36.6336 -0.627336710973
36.729 -0.636274112423
36.8244 -0.641977310668
36.9198 -0.642991247164
37.0152 -0.637035092394
37.1106 -0.62145330482
37.206 -0.593901504103
37.3014 -0.553193361226
37.3968 -0.500076023743
37.4922 -0.437609764411
37.5876 -0.370889240044
37.683 -0.306063920384
37.7784 -0.248904239513
37.8738 -0.203376861266
37.9692 -0.170720914286
38.0646 -0.149331376804
38.16 -0.13543818598
38.2554 -0.124269095714
38.3508 -0.111239282663
38.4462 -0.0927782994921
38.5416 -0.0666345812697
38.637 -0.0317619099193
38.7324 0.011943645167
38.8278 0.0637959642599
38.9232 0.122256749889
39.0186 0.184759861745
39.114 0.2476541795
39.2094 0.306479845697
39.3048 0.356635352159
39.4002 0.394280277107
39.4956 0.4171654955
39.591 0.4250735408
39.6864 0.419696455454
39.7818 0.404008259834
39.8772 0.381392615653
39.9726 0.354865990053
40.068 0.326658045201
40.1634 0.298218207041
40.2588 0.270509210617
40.3542 0.244327588809
40.4496 0.220413073106
40.545 0.199256222329
40.6404 0.18070716392
40.7358 0.163628493856
40.8312 0.145851157369
40.9266 0.124574092054
41.022 0.0971507086457
41.1174 0.0620181275206
41.2128 0.0194326433596
41.3082 -0.0282813740675
41.4036 -0.0770989535172
41.499 -0.12219137961
41.5944 -0.159079703902
41.6898 -0.184687105841
41.7852 -0.197975921079
41.8806 -0.200005528445
41.976 -0.193443881806
42.0714 -0.181734663992
42.1668 -0.168206036928
42.2622 -0.155384679273
42.3576 -0.144670834064
42.453 -0.1363867347
42.5484 -0.130089182091
42.6438 -0.124977821222
42.7392 -0.120243929984
42.8346 -0.115270364493
42.93 -0.109674741624
43.0254 -0.103249253692
43.1208 -0.095871998146
43.2162 -0.0874479822011
43.3116 -0.0779009150876
43.407 -0.0672022625463
43.5024 -0.0554078493142
43.5978 -0.0426776041161
43.6932 -0.0292719924051
43.7886 -0.015535369886
43.884 -0.00188140246834
43.9794 0.0112127670488
44.0748 0.0232115003517
44.1702 0.0335423661038
44.2656 0.0416492079367
44.361 0.0470760716572
44.4564 0.0495623932672
44.5518 0.0491179983997
44.6472 0.0460492101666
44.7426 0.0409238592671
44.838 0.0344847821653
44.9334 0.027537522903
45.0288 0.0208413519898
45.1242 0.0150239365437
45.2196 0.0105261472469
45.315 0.0075732792747
45.4104 0.00616718693771
45.5058 0.00609876489545
45.6012 0.00698541714378
45.6966 0.00833727595461
45.792 0.00964722813532
45.8874 0.0104875460749
45.9828 0.0105877896547
46.0782 0.00987086875138
46.1736 0.00843742644493
46.269 0.00650739642384
46.3644 0.00434274484327
46.4598 0.00217969324206
46.5552 0.000190468905451
46.6506 -0.00152134066305
46.746 -0.00290295125392
46.8414 -0.00393019801985
46.9368 -0.00459556142613
47.0322 -0.00491032399886
47.1276 -0.00491406652942
47.223 -0.00468008464905
47.3184 -0.00430863277953
47.4138 -0.00390810699867
47.5092 -0.00357171127314
47.6046 -0.00335932414085
47.7 -0.00329054755589
47.7954 -0.00329054755589
47.8908 -0.00329054755589
47.9862 -0.00329054755589
48.0816 -0.00329054755589
48.177 -0.00329054755589
48.2724 -0.00329054755589
48.3678 -0.00329054755589
48.4632 -0.00329054755589
48.5586 -0.00329054755589
48.654 -0.00329054755589
48.7494 -0.00329054755589
48.8448 -0.00329054755589
48.9402 -0.00329054755589
49.0356 -0.00329054755589
49.131 -0.00329054755589
49.2264 -0.00329054755589
49.3218 -0.00329054755589
49.4172 -0.00329054755589
49.5126 -0.00329054755589
49.608 -0.00329054755589
49.7034 -0.00329054755589
49.7988 -0.00329054755589
49.8942 -0.00329054755589
49.9896 -0.00329054755589
50.085 -0.00329054755589
50.1804 -0.00329054755589
50.2758 -0.00329054755589
50.3712 -0.00329054755589
50.4666 -0.00329054755589
50.562 -0.00329054755589
50.6574 -0.00329054755589
50.7528 -0.00329054755589
50.8482 -0.00329054755589
50.9436 -0.00329054755589
51.039 -0.00329054755589
51.1344 -0.00329054755589
51.2298 -0.00329054755589
51.3252 -0.00329054755589
51.4206 -0.00329054755589
51.516 -0.00329054755589
51.6114 -0.00329054755589
51.7068 -0.00329054755589
51.8022 -0.00329054755589
51.8976 -0.00329054755589
51.993 -0.00329054755589
52.0884 -0.00329054755589
52.1838 -0.00329054755589
52.2792 -0.00329054755589
52.3746 -0.00329054755589
52.47 -0.00329054755589
52.5654 -0.00329054755589
52.6608 -0.00329054755589
52.7562 -0.00329054755589
52.8516 -0.00329054755589
52.947 -0.00329054755589
53.0424 -0.00329054755589
53.1378 -0.00329054755589
53.2332 -0.00329054755589
53.3286 -0.00329054755589
53.424 -0.00329054755589
53.5194 -0.00329054755589
53.6148 -0.00329054755589
53.7102 -0.00329054755589
53.8056 -0.00329054755589
53.901 -0.00329054755589
53.9964 -0.00329054755589
54.0918 -0.00329054755589
54.1872 -0.00329054755589
54.2826 -0.00329054755589
54.378 -0.00329054755589
54.4734 -0.00329054755589
54.5688 -0.00329054755589
54.6642 -0.00329054755589
54.7596 -0.00329054755589
54.855 -0.00329054755589
54.9504 -0.00329054755589
55.0458 -0.00329054755589
55.1412 -0.00329054755589
55.2366 -0.00329054755589
55.332 -0.00329054755589
55.4274 -0.00329054755589
55.5228 -0.00329054755589
55.6182 -0.00329054755589
55.7136 -0.00329054755589
55.809 -0.00329054755589
55.9044 -0.00329054755589
55.9998 -0.00329054755589
56.0952 -0.00329054755589
56.1906 -0.00329054755589
56.286 -0.00329054755589
56.3814 -0.00329054755589
56.4768 -0.00329054755589
56.5722 -0.00329054755589
56.6676 -0.00329054755589
56.763 -0.00329054755589
56.8584 -0.00329054755589
56.9538 -0.00329054755589
57.0492 -0.00329054755589
57.1446 -0.00329054755589
57.24 -0.00329054755589
57.3354 -0.00329054755589
57.4308 -0.00329054755589
57.5262 -0.00329054755589
57.6216 -0.00329054755589
57.717 -0.00329054755589
57.8124 -0.00329054755589
57.9078 -0.00329054755589
58.0032 -0.00329054755589
58.0986 -0.00329054755589
58.194 -0.00329054755589
58.2894 -0.00329054755589
58.3848 -0.00329054755589
58.4802 -0.00329054755589
58.5756 -0.00329054755589
58.671 -0.00329054755589
58.7664 -0.00329054755589
58.8618 -0.00329054755589
58.9572 -0.00329054755589
59.0526 -0.00329054755589
59.148 -0.00329054755589
59.2434 -0.00329054755589
59.3388 -0.00329054755589
59.4342 -0.00329054755589
59.5296 -0.00329054755589
59.625 -0.00329054755589
59.7204 -0.00329054755589
59.8158 -0.00329054755589
59.9112 -0.00329054755589
60.0066 -0.00329054755589
60.102 -0.00329054755589
60.1974 -0.00329054755589
60.2928 -0.00329054755589
60.3882 -0.00329054755589
60.4836 -0.00329054755589
60.579 -0.00329054755589
60.6744 -0.00329054755589
60.7698 -0.00329054755589
60.8652 -0.00329054755589
60.9606 -0.00329054755589
61.056 -0.00329054755589
61.1514 -0.00329054755589
61.2468 -0.00329054755589
61.3422 -0.00329054755589
61.4376 -0.00329054755589
61.533 -0.00329054755589
61.6284 -0.00329054755589
61.7238 -0.00329054755589
61.8192 -0.00329054755589
61.9146 -0.00329054755589
62.01 -0.00329054755589
62.1054 -0.00329054755589
62.2008 -0.00329054755589
62.2962 -0.00329054755589
62.3916 -0.00329054755589
62.487 -0.00329054755589
62.5824 -0.00329054755589
62.6778 -0.00329054755589
62.7732 -0.00329054755589
62.8686 -0.00329054755589
62.964 -0.00329054755589
63.0594 -0.00329054755589
63.1548 -0.00329054755589
63.2502 -0.00329054755589
63.3456 -0.00329054755589
63.441 -0.00329054755589
63.5364 -0.00329054755589
63.6318 -0.00329054755589
63.7272 -0.00329054755589
63.8226 -0.00329054755589
63.918 -0.00329054755589
64.0134 -0.00329054755589
64.1088 -0.00329054755589
64.2042 -0.00329054755589
64.2996 -0.00329054755589
64.395 -0.00329054755589
64.4904 -0.00329054755589
64.5858 -0.00329054755589
64.6812 -0.00329054755589
64.7766 -0.00329054755589
64.872 -0.00329054755589
64.9674 -0.00329054755589
65.0628 -0.00329054755589
65.1582 -0.00329054755589
65.2536 -0.00329054755589
65.349 -0.00329054755589
65.4444 -0.00329054755589
65.5398 -0.00329054755589
65.6352 -0.00329054755589
65.7306 -0.00329054755589
65.826 -0.00329054755589
65.9214 -0.00329054755589
66.0168 -0.00329054755589
66.1122 -0.00329054755589
66.2076 -0.00329054755589
66.303 -0.00329054755589
66.3984 -0.00329054755589
66.4938 -0.00329054755589
66.5892 -0.00329054755589
66.6846 -0.00329054755589
66.78 -0.00329054755589
66.8754 -0.00329054755589
66.9708 -0.00329054755589
67.0662 -0.00329054755589
67.1616 -0.00329054755589
67.257 -0.00329054755589
67.3524 -0.00329054755589
67.4478 -0.00329054755589
67.5432 -0.00329054755589
67.6386 -0.00329054755589
67.734 -0.00329054755589
67.8294 -0.00329054755589
67.9248 -0.00329054755589
68.0202 -0.00329054755589
68.1156 -0.00329054755589
68.211 -0.00329054755589
68.3064 -0.00329054755589
68.4018 -0.00329054755589
68.4972 -0.00329054755589
68.5926 -0.00329054755589
68.688 -0.00329054755589
68.7834 -0.00329054755589
68.8788 -0.00329054755589
68.9742 -0.00329054755589
69.0696 -0.00329054755589
69.165 -0.00329054755589
69.2604 -0.00329054755589
69.3558 -0.00329054755589
69.4512 -0.00329054755589
69.5466 -0.00329054755589
69.642 -0.00329054755589
69.7374 -0.00329054755589
69.8328 -0.00329054755589
69.9282 -0.00329054755589
70.0236 -0.00329054755589
70.119 -0.00329054755589
70.2144 -0.00329054755589
70.3098 -0.00329054755589
70.4052 -0.00329054755589
70.5006 -0.00329054755589
70.596 -0.00329054755589
70.6914 -0.00329054755589
70.7868 -0.00329054755589
70.8822 -0.00329054755589
70.9776 -0.00329054755589
71.073 -0.00329054755589
71.1684 -0.00329054755589
71.2638 -0.00329054755589
71.3592 -0.00329054755589
71.4546 -0.00329054755589
71.55 -0.00329054755589
71.6454 -0.00329054755589
71.7408 -0.00329054755589
71.8362 -0.00329054755589
71.9316 -0.00329054755589
72.027 -0.00329054755589
72.1224 -0.00329054755589
72.2178 -0.00329054755589
72.3132 -0.00329054755589
72.4086 -0.00329054755589
72.504 -0.00329054755589
72.5994 -0.00329054755589
72.6948 -0.00329054755589
72.7902 -0.00329054755589
72.8856 -0.00329054755589
72.981 -0.00329054755589
73.0764 -0.00329054755589
73.1718 -0.00329054755589
73.2672 -0.00329054755589
73.3626 -0.00329054755589
73.458 -0.00329054755589
73.5534 -0.00329054755589
73.6488 -0.00329054755589
73.7442 -0.00329054755589
73.8396 -0.00329054755589
73.935 -0.00329054755589
74.0304 -0.00329054755589
74.1258 -0.00329054755589
74.2212 -0.00329054755589
74.3166 -0.00329054755589
74.412 -0.00329054755589
74.5074 -0.00329054755589
74.6028 -0.00329054755589
74.6982 -0.00329054755589
74.7936 -0.00329054755589
74.889 -0.00329054755589
74.9844 -0.00329054755589
75.0798 -0.00329054755589
75.1752 -0.00329054755589
75.2706 -0.00329054755589
75.366 -0.00329054755589
75.4614 -0.00329054755589
75.5568 -0.00329054755589
75.6522 -0.00329054755589
75.7476 -0.00329054755589
75.843 -0.00329054755589
75.9384 -0.00329054755589
76.0338 -0.00329054755589
76.1292 -0.00329054755589
76.2246 -0.00329054755589
76.32 -0.00329054755589
76.4154 -0.00329054755589
76.5108 -0.00329054755589
76.6062 -0.00329054755589
76.7016 -0.00329054755589
76.797 -0.00329054755589
76.8924 -0.00329054755589
76.9878 -0.00329054755589
77.0832 -0.00329054755589
77.1786 -0.00329054755589
77.274 -0.00329054755589
77.3694 -0.00329054755589
77.4648 -0.00329054755589
77.5602 -0.00329054755589
77.6556 -0.00329054755589
77.751 -0.00329054755589
77.8464 -0.00329054755589
77.9418 -0.00329054755589
78.0372 -0.00329054755589
78.1326 -0.00329054755589
78.228 -0.00329054755589
78.3234 -0.00329054755589
78.4188 -0.00329054755589
78.5142 -0.00329054755589
78.6096 -0.00329054755589
78.705 -0.00329054755589
78.8004 -0.00329054755589
78.8958 -0.00329054755589
78.9912 -0.00329054755589
79.0866 -0.00329054755589
79.182 -0.00329054755589
79.2774 -0.00329054755589
79.3728 -0.00329054755589
79.4682 -0.00329054755589
79.5636 -0.00329054755589
79.659 -0.00329054755589
79.7544 -0.00329054755589
79.8498 -0.00329054755589
79.9452 -0.00329054755589
80.0406 -0.00329054755589
80.136 -0.00329054755589
80.2314 -0.00329054755589
80.3268 -0.00329054755589
80.4222 -0.00329054755589
80.5176 -0.00329054755589
80.613 -0.00329054755589
80.7084 -0.00329054755589
80.8038 -0.00329054755589
80.8992 -0.00329054755589
80.9946 -0.00329054755589
81.09 -0.00329054755589
81.1854 -0.00329054755589
81.2808 -0.00329054755589
81.3762 -0.00329054755589
81.4716 -0.00329054755589
81.567 -0.00329054755589
81.6624 -0.00329054755589
81.7578 -0.00329054755589
81.8532 -0.00329054755589
81.9486 -0.00329054755589
82.044 -0.00329054755589
82.1394 -0.00329054755589
82.2348 -0.00329054755589
82.3302 -0.00329054755589
82.4256 -0.00329054755589
82.521 -0.00329054755589
82.6164 -0.00329054755589
82.7118 -0.00329054755589
82.8072 -0.00329054755589
82.9026 -0.00329054755589
82.998 -0.00329054755589
83.0934 -0.00329054755589
83.1888 -0.00329054755589
83.2842 -0.00329054755589
83.3796 -0.00329054755589
83.475 -0.00329054755589
83.5704 -0.00329054755589
83.6658 -0.00329054755589
83.7612 -0.00329054755589
83.8566 -0.00329054755589
83.952 -0.00329054755589
84.0474 -0.00329054755589
84.1428 -0.00329054755589
84.2382 -0.00329054755589
84.3336 -0.00329054755589
84.429 -0.00329054755589
84.5244 -0.00329054755589
84.6198 -0.00329054755589
84.7152 -0.00329054755589
84.8106 -0.00329054755589
84.906 -0.00329054755589
85.0014 -0.00329054755589
85.0968 -0.00329054755589
85.1922 -0.00329054755589
85.2876 -0.00329054755589
85.383 -0.00329054755589
85.4784 -0.00329054755589
85.5738 -0.00329054755589
85.6692 -0.00329054755589
85.7646 -0.00329054755589
85.86 -0.00329054755589
85.9554 -0.00329054755589
86.0508 -0.00329054755589
86.1462 -0.00329054755589
86.2416 -0.00329054755589
86.337 -0.00329054755589
86.4324 -0.00329054755589
86.5278 -0.00329054755589
86.6232 -0.00329054755589
86.7186 -0.00329054755589
86.814 -0.00329054755589
86.9094 -0.00329054755589
87.0048 -0.00329054755589
87.1002 -0.00329054755589
87.1956 -0.00329054755589
87.291 -0.00329054755589
87.3864 -0.00329054755589
87.4818 -0.00329054755589
87.5772 -0.00329054755589
87.6726 -0.00329054755589
87.768 -0.00329054755589
87.8634 -0.00329054755589
87.9588 -0.00329054755589
88.0542 -0.00329054755589
88.1496 -0.00329054755589
88.245 -0.00329054755589
88.3404 -0.00329054755589
88.4358 -0.00329054755589
88.5312 -0.00329054755589
88.6266 -0.00329054755589
88.722 -0.00329054755589
88.8174 -0.00329054755589
88.9128 -0.00329054755589
89.0082 -0.00329054755589
89.1036 -0.00329054755589
89.199 -0.00329054755589
89.2944 -0.00329054755589
89.3898 -0.00329054755589
89.4852 -0.00329054755589
89.5806 -0.00329054755589
89.676 -0.00329054755589
89.7714 -0.00329054755589
89.8668 -0.00329054755589
89.9622 -0.00329054755589
90.0576 -0.00329054755589
90.153 -0.00329054755589
90.2484 -0.00329054755589
90.3438 -0.00329054755589
90.4392 -0.00329054755589
90.5346 -0.00329054755589
90.63 -0.00329054755589
90.7254 -0.00329054755589
90.8208 -0.00329054755589
90.9162 -0.00329054755589
91.0116 -0.00329054755589
91.107 -0.00329054755589
91.2024 -0.00329054755589
91.2978 -0.00329054755589
91.3932 -0.00329054755589
91.4886 -0.00329054755589
91.584 -0.00329054755589
91.6794 -0.00329054755589
91.7748 -0.00329054755589
91.8702 -0.00329054755589
91.9656 -0.00329054755589
92.061 -0.00329054755589
92.1564 -0.00329054755589
92.2518 -0.00329054755589
92.3472 -0.00329054755589
92.4426 -0.00329054755589
92.538 -0.00329054755589
92.6334 -0.00329054755589
92.7288 -0.00329054755589
92.8242 -0.00329054755589
92.9196 -0.00329054755589
93.015 -0.00329054755589
93.1104 -0.00329054755589
93.2058 -0.00329054755589
93.3012 -0.00329054755589
93.3966 -0.00329054755589
93.492 -0.00329054755589
93.5874 -0.00329054755589
93.6828 -0.00329054755589
93.7782 -0.00329054755589
93.8736 -0.00329054755589
93.969 -0.00329054755589
94.0644 -0.00329054755589
94.1598 -0.00329054755589
94.2552 -0.00329054755589
94.3506 -0.00329054755589
94.446 -0.00329054755589
94.5414 -0.00329054755589
94.6368 -0.00329054755589
94.7322 -0.00329054755589
94.8276 -0.00329054755589
94.923 -0.00329054755589
95.0184 -0.00329054755589
95.1138 -0.00329054755589
95.2092 -0.00329054755589
95.3046 -0.00329054755589
95.4 -0.00329054755589
95.4954 -0.00329054755589
95.5908 -0.00329054755589
95.6862 -0.00329054755589
95.7816 -0.00329054755589
95.877 -0.00329054755589
95.9724 -0.00329054755589
96.0678 -0.00329054755589
96.1632 -0.00329054755589
96.2586 -0.00329054755589
96.354 -0.00329054755589
96.4494 -0.00329054755589
96.5448 -0.00329054755589
96.6402 -0.00329054755589
96.7356 -0.00329054755589
96.831 -0.00329054755589
96.9264 -0.00329054755589
97.0218 -0.00329054755589
97.1172 -0.00329054755589
97.2126 -0.00329054755589
97.308 -0.00329054755589
97.4034 -0.00329054755589
97.4988 -0.00329054755589
97.5942 -0.00329054755589
