0.0 0.0842519941411
0.09653 0.385121905846
0.19306 0.663938755837
0.28959 0.875856175832
0.38612 0.987445754241
0.48265 0.989398420802
0.57918 0.899892209967
0.67571 0.756953821802
0.77224 0.602551584057
0.86877 0.464454492668
0.9653 0.344205095399
1.06183 0.217705794932
1.15836 0.0491293029402
1.25489 -0.18666635807
1.35142 -0.48258182217
1.44795 -0.790019229014
1.54448 -1.02918818266
1.64101 -1.11630933385
1.73754 -0.993760301651
1.83407 -0.648368877422
1.9306 -0.115081878119
2.02713 0.528464513812
2.12366 1.17285505558
2.22019 1.69155330859
2.31672 1.95532298483
2.41325 1.84524922644
2.50978 1.27080656517
2.60631 0.19807077431
2.70284 -1.31802295354
2.79937 -3.11112151439
2.8959 -4.90125033215
2.99243 -6.31817635749
3.08896 -6.95425708711
3.18549 -6.44872112447
3.28202 -4.59710203254
3.37855 -1.46011104943
3.47508 2.57550587743
3.57161 6.83005838785
3.66814 10.4689726682
3.76467 12.7097882733
3.8612 13.0316102881
3.95773 11.318312044
4.05426 7.88903491204
4.15079 3.40652291713
4.24732 -1.30672263495
4.34385 -5.48451114035
4.44038 -8.59507896449
4.53691 -10.4262059859
4.63344 -11.0584834525
4.72997 -10.7515522687
4.8265 -9.79938074655
4.92303 -8.41579504421
5.01956 -6.69164296229
5.11609 -4.6297009759
5.21262 -2.22726612274
5.30915 0.442985307635
5.40568 3.19628442135
5.50221 5.75900763231
5.59874 7.83811077612
5.69527 9.20436957783
5.7918 9.75442617358
5.88833 9.52830092226
5.98486 8.67851195878
6.08139 7.40643043707
6.17792 5.8940346744
6.27445 4.25936542303
6.37098 2.5515929642
6.46751 0.782563552666
6.56404 -1.02498924822
6.66057 -2.79907271165
6.7571 -4.41071490407
6.85363 -5.70217779133
6.95016 -6.53841323607
7.04669 -6.85783064863
7.14322 -6.6989741819
7.23975 -6.19087961255
7.33628 -5.51058107616
7.43281 -4.82426551438
7.52934 -4.23442613328
7.62587 -3.75241560896
7.7224 -3.30574085277
7.81893 -2.77622248622
7.91546 -2.05332380956
8.01199 -1.08152982298
8.10852 0.116021414435
8.20505 1.44500847082
8.30158 2.77269582919
8.39811 3.97039118114
8.49464 4.94786048417
8.59117 5.66759287786
8.6877 6.13659589193
8.78423 6.38281447546
8.88076 6.4287167589
8.97729 6.27418822052
9.07382 5.89548583877
9.17035 5.25955751572
9.26688 4.34659862747
9.36341 3.17056961882
9.45994 1.78859979436
9.55647 0.295342083127
9.653 -1.19503435103
9.74953 -2.57173922866
9.84606 -3.74659068175
9.94259 -4.66385813325
10.03912 -5.30011508473
10.13565 -5.65780680561
10.23218 -5.7574797218
10.32871 -5.63186507135
10.42524 -5.32207800763
10.52177 -4.87418416807
10.6183 -4.33429128148
10.71483 -3.74182993338
10.81136 -3.12282443295
10.90789 -2.48631881861
11.00442 -1.82654599174
11.10095 -1.13093039938
11.19748 -0.39095391545
11.29401 0.388835718279
11.39054 1.18775317375
11.48707 1.97318300537
11.5836 2.70988338428
11.68013 3.36960163064
11.77666 3.93605845616
11.87319 4.40299254463
11.96972 4.76693171961
12.06625 5.01930599718
12.16278 5.14276539385
12.25931 5.11409303243
12.35584 4.91238436126
12.45237 4.52822816635
12.5489 3.96907314822
12.64543 3.25810932478
12.74196 2.42764038551
12.83849 1.5109907425
12.93502 0.537689375882
13.03155 -0.46541770924
13.12808 -1.46820123811
13.22461 -2.43077660184
13.32114 -3.30176006815
13.41767 -4.02430546201
13.5142 -4.54876470287
13.61073 -4.84684282576
13.70726 -4.92061675989
13.80379 -4.80171594808
13.90032 -4.54044509732
13.99685 -4.18938449594
14.09338 -3.78857168582
14.18991 -3.35842219779
14.28644 -2.90258643566
14.38297 -2.41802716837
14.4795 -1.90626295405
14.57603 -1.37962739458
14.67256 -0.859478174929
14.76909 -0.367816294807
14.86562 0.0826820946286
14.96215 0.494486941086
15.05868 0.883507901624
15.15521 1.27055389174
15.25174 1.67022880943
15.34827 2.08275256399
15.4448 2.49252748736
15.54133 2.87373216176
15.63786 3.19976601553
15.73439 3.45177886788
15.83092 3.62248576644
15.92745 3.71427181003
16.02398 3.73359264765
16.12051 3.68526158135
16.21704 3.56967903709
16.31357 3.38392917198
16.4101 3.1253105604
16.50663 2.79465985031
16.60316 2.39736250277
16.69969 1.94173931275
16.79622 1.43633946291
16.89275 0.888383475676
16.98928 0.304754104528
17.08581 -0.304907066254
17.18234 -0.925081471754
17.27887 -1.53367777282
17.3754 -2.10497680565
17.47193 -2.61530296257
17.56846 -3.04873560243
17.66499 -3.39986696005
17.76152 -3.67204204795
17.85805 -3.87193126145
17.95458 -4.00332837035
18.05111 -4.06354527408
18.14764 -4.04436673908
18.24417 -3.93698518226
18.3407 -3.73807721586
18.43723 -3.45349920885
18.53376 -3.09738893166
18.63029 -2.6870606356
18.72682 -2.23652209369
18.82335 -1.75233462345
18.91988 -1.2343349225
19.01641 -0.681058964691
19.11294 -0.0970096714291
19.20947 0.502310192098
19.306 1.09070751587
19.40253 1.6373685102
19.49906 2.11610619264
19.59559 2.51347770513
19.69212 2.83191994179
19.78865 3.08644171684
19.88518 3.29647914924
19.98171 3.47669590388
20.07824 3.63074167027
20.17477 3.75027550685
20.2713 3.81891977476
20.36783 3.81864946562
20.46436 3.73548439725
20.56089 3.56237692719
20.65742 3.29910435778
20.75395 2.95060121757
20.85048 2.52560781667
20.94701 2.03665341581
21.04354 1.50091547568
21.14007 0.940426260643
21.2366 0.380169202472
21.33313 -0.156180582085
21.42966 -0.651496077362
21.52619 -1.09903317097
21.62272 -1.50277031
21.71925 -1.87370272186
21.81578 -2.22352522232
21.91231 -2.55847352832
22.00884 -2.87602094846
22.10537 -3.16565947901
22.2019 -3.41292422088
22.29843 -3.60427806049
22.39496 -3.73029172247
22.49149 -3.78579569555
22.58802 -3.76760364119
22.68455 -3.67188752634
22.78108 -3.49345807378
22.87761 -3.22796271908
22.97414 -2.87607607248
23.07067 -2.44726748065
23.1672 -1.96060241727
23.26373 -1.44142639934
23.36026 -0.914980160864
23.45679 -0.399800011107
23.55332 0.0958658600979
23.64985 0.572731669253
23.74638 1.03475934696
23.84291 1.48183105592
23.93944 1.90450273248
24.03597 2.28361187364
24.1325 2.59519759577
24.22903 2.81863443317
24.32556 2.94434593152
24.42209 2.97767753262
24.51862 2.93731226984
24.61515 2.84907666504
24.71168 2.73790550116
24.80821 2.62125106275
24.90474 2.50621774324
25.00127 2.39080475644
25.0978 2.26784560097
25.19433 2.12937750827
25.29086 1.96952724787
25.38739 1.78519313133
25.48392 1.57509508781
25.58045 1.33847220212
25.67698 1.07455943056
25.77351 0.783206270424
25.87004 0.466154458052
25.96657 0.128079354584
26.0631 -0.22329195485
26.15963 -0.578051478521
26.25616 -0.925439257685
26.35269 -1.25490926434
26.44922 -1.55652117677
26.54575 -1.82082478641
26.64228 -2.03885102567
26.73881 -2.20283132689
26.83534 -2.30780659119
26.93187 -2.35362512717
27.0284 -2.34636474574
27.12493 -2.29824214441
27.22146 -2.22561229819
27.31799 -2.14544966969
27.41452 -2.07135057766
27.51105 -2.01029859335
27.60758 -1.96113067102
27.70411 -1.91502022493
27.80064 -1.85766630921
27.89717 -1.77249882756
27.9937 -1.64414970064
28.09023 -1.46158869336
28.18676 -1.22049837196
28.28329 -0.924552584855
28.37982 -0.585298107974
28.47635 -0.220455779504
28.57288 0.149228521717
28.66941 0.503969468017
28.76594 0.828701903717
28.86247 1.11541968374
28.959 1.36326859334
29.05553 1.57628160183
29.15206 1.75991491205
29.24859 1.91781991328
29.34512 2.04998840018
29.44165 2.15321014297
29.53818 2.22332443998
29.63471 2.25792211684
29.73124 2.25795149278
29.82777 2.22729883002
29.9243 2.17054483199
30.02083 2.09014949081
30.11736 1.98471571045
30.21389 1.84948775405
30.31042 1.67908624861
30.40695 1.47126110814
30.50348 1.22980467577
30.60001 0.965068003419
30.69654 0.69163817708
30.79307 0.424112829837
30.8896 0.172853825447
30.98613 -0.0583667438332
31.08266 -0.27181961682
31.17919 -0.472751603315
31.27572 -0.665364234042
31.37225 -0.849801168737
31.46878 -1.02153999853
31.56531 -1.17335364781
31.66184 -1.29873699323
31.75837 -1.39501044849
31.8549 -1.46453011361
31.95143 -1.51341541869
32.04796 -1.54844371864
32.14449 -1.57364725439
32.24102 -1.58827023277
32.33755 -1.58707772906
32.43408 -1.56290281178
32.53061 -1.51030492167
32.62714 -1.428741434
32.72367 -1.32389480088
32.8202 -1.20659009052
32.91673 -1.08970274034
33.01326 -0.984188891813
33.10979 -0.895616266982
33.20632 -0.822308492506
33.30285 -0.755613045379
33.39938 -0.682122716055
33.49591 -0.587151156632
33.59244 -0.458507958416
33.68897 -0.289646058869
33.7855 -0.0814944840479
33.88203 0.157355115146
33.97856 0.412059580828
34.07509 0.664151633221
34.17162 0.89477187681
34.26815 1.0878057822
34.36468 1.23229643504
34.46121 1.32371346257
34.55774 1.36394904689
34.65427 1.360200012
34.7508 1.32310196814
34.84733 1.26456452247
34.94386 1.1957233034
35.04039 1.12532192828
35.13692 1.0587197632
35.23345 0.997619606967
35.32998 0.940517213935
35.42651 0.883766592571
35.52304 0.823021460074
35.61957 0.754686296175
35.7161 0.676959598057
35.81263 0.590144099063
35.90916 0.496144889277
36.00569 0.397400836733
36.10222 0.295754196622
36.19875 0.191815159918
36.29528 0.0851635727233
36.39181 -0.0246765139092
36.48834 -0.13696531905
36.58487 -0.248858888492
36.6814 -0.355455608148
36.77793 -0.450906805831
36.87446 -0.530197425954
36.97099 -0.590838396906
37.06752 -0.633699334958
37.16405 -0.662571550971
37.26058 -0.68262166102
37.35711 -0.698400698405
37.45364 -0.712265559422
37.55017 -0.723855374072
37.6467 -0.730753484589
37.74323 -0.729912315187
37.83976 -0.719097210287
37.93629 -0.697668218195
38.03282 -0.666419440978
38.12935 -0.626715391405
38.22588 -0.579527287421
38.32241 -0.524991326894
38.41894 -0.462782980055
38.51547 -0.393108586068
38.612 -0.317727521053
38.70853 -0.24034785759
38.80506 -0.166029321099
38.90159 -0.0997313233639
38.99812 -0.0446002229901
39.09465 -0.000762812719327
39.19118 0.0348068057943
39.28771 0.0672519000327
39.38424 0.102044934104
39.48077 0.14316696723
39.5773 0.191941551793
39.67383 0.246877133943
39.77036 0.304419359589
39.86689 0.360163871743
39.96342 0.409981714843
40.05995 0.450675194569
40.15648 0.480092990572
40.25301 0.496912953763
40.34954 0.500411091139
40.44607 0.490443096231
40.5426 0.467649800802
40.63913 0.433698622469
40.73566 0.391307145688
40.83219 0.343896355508
40.92872 0.294926511157
41.02525 0.247157953303
41.12178 0.202144185728
41.21831 0.160168589669
41.31484 0.12063119877
41.41137 0.0826872999411
41.5079 0.0458402504643
41.60443 0.0102415873905
41.70096 -0.0233837192581
41.79749 -0.0540826486982
41.89402 -0.0810739710215
41.99055 -0.103997300761
42.08708 -0.122919376754
42.18361 -0.138149052749
42.28014 -0.150006101298
42.37667 -0.158688520006
42.4732 -0.164300459095
42.56973 -0.166993912352
42.66626 -0.167106750587
42.76279 -0.165185036454
42.85932 -0.161850880987
42.95585 -0.157573053602
43.05238 -0.152460993937
43.14891 -0.146199394042
43.24544 -0.138173552679
43.34197 -0.12774226914
43.4385 -0.114544155972
43.53503 -0.0987096232322
43.63156 -0.0808978924804
43.72809 -0.0621589513282
43.82462 -0.0436926570523
43.92115 -0.0266075936504
44.01768 -0.0117615880053
44.11421 0.000288519095483
44.21074 0.00925593732227
44.30727 0.0150684807284
44.4038 0.0178365073301
44.50033 0.0178573402091
44.59686 0.015632426542
44.69339 0.0118566835474
44.78992 0.00735095015375
44.88645 0.00293967491715
44.98298 -0.000691874161256
45.07951 -0.00311129623928
45.17604 -0.00418310536664
45.27257 -0.00403044339896
45.3691 -0.00293413955329
45.46563 -0.00121079239415
45.56216 0.000885316360238
45.65869 0.00320653070543
45.75522 0.00569692702966
45.85175 0.00833595013736
45.94828 0.0110713907266
46.04481 0.013772149553
46.14134 0.0162196815592
46.23787 0.0181402558991
46.3344 0.0192650105233
46.43093 0.0193962642987
46.52746 0.0184585186901
46.62399 0.0165196524996
46.72052 0.0137784693917
46.81705 0.0105249428091
46.91358 0.00708607571075
47.01011 0.00377188496486
47.10664 0.000833143723125
47.20317 -0.00156296613291
47.2997 -0.0033388951279
47.39623 -0.0044982108933
47.49276 -0.00510799524782
47.58929 -0.00527726512923
47.68582 -0.005135177797
47.78235 -0.00481150790102
47.87888 -0.00442113596387
47.97541 -0.00405378093069
48.07194 -0.00376939310818
48.16847 -0.00359834991017
48.265 -0.00354443638048
48.36153 -0.00354443638048
48.45806 -0.00354443638048
48.55459 -0.00354443638048
48.65112 -0.00354443638048
48.74765 -0.00354443638048
48.84418 -0.00354443638048
48.94071 -0.00354443638048
49.03724 -0.00354443638048
49.13377 -0.00354443638048
49.2303 -0.00354443638048
49.32683 -0.00354443638048
49.42336 -0.00354443638048
49.51989 -0.00354443638048
49.61642 -0.00354443638048
49.71295 -0.00354443638048
49.80948 -0.00354443638048
49.90601 -0.00354443638048
50.00254 -0.00354443638048
50.09907 -0.00354443638048
50.1956 -0.00354443638048
50.29213 -0.00354443638048
50.38866 -0.00354443638048
50.48519 -0.00354443638048
50.58172 -0.00354443638048
50.67825 -0.00354443638048
50.77478 -0.00354443638048
50.87131 -0.00354443638048
50.96784 -0.00354443638048
51.06437 -0.00354443638048
51.1609 -0.00354443638048
51.25743 -0.00354443638048
51.35396 -0.00354443638048
51.45049 -0.00354443638048
51.54702 -0.00354443638048
51.64355 -0.00354443638048
51.74008 -0.00354443638048
51.83661 -0.00354443638048
51.93314 -0.00354443638048
52.02967 -0.00354443638048
52.1262 -0.00354443638048
52.22273 -0.00354443638048
52.31926 -0.00354443638048
52.41579 -0.00354443638048
52.51232 -0.00354443638048
52.60885 -0.00354443638048
52.70538 -0.00354443638048
52.80191 -0.00354443638048
52.89844 -0.00354443638048
52.99497 -0.00354443638048
53.0915 -0.00354443638048
53.18803 -0.00354443638048
53.28456 -0.00354443638048
53.38109 -0.00354443638048
53.47762 -0.00354443638048
53.57415 -0.00354443638048
53.67068 -0.00354443638048
53.76721 -0.00354443638048
53.86374 -0.00354443638048
53.96027 -0.00354443638048
54.0568 -0.00354443638048
54.15333 -0.00354443638048
54.24986 -0.00354443638048
54.34639 -0.00354443638048
54.44292 -0.00354443638048
54.53945 -0.00354443638048
54.63598 -0.00354443638048
54.73251 -0.00354443638048
54.82904 -0.00354443638048
54.92557 -0.00354443638048
55.0221 -0.00354443638048
55.11863 -0.00354443638048
55.21516 -0.00354443638048
55.31169 -0.00354443638048
55.40822 -0.00354443638048
55.50475 -0.00354443638048
55.60128 -0.00354443638048
55.69781 -0.00354443638048
55.79434 -0.00354443638048
55.89087 -0.00354443638048
55.9874 -0.00354443638048
56.08393 -0.00354443638048
56.18046 -0.00354443638048
56.27699 -0.00354443638048
56.37352 -0.00354443638048
56.47005 -0.00354443638048
56.56658 -0.00354443638048
56.66311 -0.00354443638048
56.75964 -0.00354443638048
56.85617 -0.00354443638048
56.9527 -0.00354443638048
57.04923 -0.00354443638048
57.14576 -0.00354443638048
57.24229 -0.00354443638048
57.33882 -0.00354443638048
57.43535 -0.00354443638048
57.53188 -0.00354443638048
57.62841 -0.00354443638048
57.72494 -0.00354443638048
57.82147 -0.00354443638048
57.918 -0.00354443638048
58.01453 -0.00354443638048
58.11106 -0.00354443638048
58.20759 -0.00354443638048
58.30412 -0.00354443638048
58.40065 -0.00354443638048
58.49718 -0.00354443638048
58.59371 -0.00354443638048
58.69024 -0.00354443638048
58.78677 -0.00354443638048
58.8833 -0.00354443638048
58.97983 -0.00354443638048
59.07636 -0.00354443638048
59.17289 -0.00354443638048
59.26942 -0.00354443638048
59.36595 -0.00354443638048
59.46248 -0.00354443638048
59.55901 -0.00354443638048
59.65554 -0.00354443638048
59.75207 -0.00354443638048
59.8486 -0.00354443638048
59.94513 -0.00354443638048
60.04166 -0.00354443638048
60.13819 -0.00354443638048
60.23472 -0.00354443638048
60.33125 -0.00354443638048
60.42778 -0.00354443638048
60.52431 -0.00354443638048
60.62084 -0.00354443638048
60.71737 -0.00354443638048
60.8139 -0.00354443638048
60.91043 -0.00354443638048
61.00696 -0.00354443638048
61.10349 -0.00354443638048
61.20002 -0.00354443638048
61.29655 -0.00354443638048
61.39308 -0.00354443638048
61.48961 -0.00354443638048
61.58614 -0.00354443638048
61.68267 -0.00354443638048
61.7792 -0.00354443638048
61.87573 -0.00354443638048
61.97226 -0.00354443638048
62.06879 -0.00354443638048
62.16532 -0.00354443638048
62.26185 -0.00354443638048
62.35838 -0.00354443638048
62.45491 -0.00354443638048
62.55144 -0.00354443638048
62.64797 -0.00354443638048
62.7445 -0.00354443638048
62.84103 -0.00354443638048
62.93756 -0.00354443638048
63.03409 -0.00354443638048
63.13062 -0.00354443638048
63.22715 -0.00354443638048
63.32368 -0.00354443638048
63.42021 -0.00354443638048
63.51674 -0.00354443638048
63.61327 -0.00354443638048
63.7098 -0.00354443638048
63.80633 -0.00354443638048
63.90286 -0.00354443638048
63.99939 -0.00354443638048
64.09592 -0.00354443638048
64.19245 -0.00354443638048
64.28898 -0.00354443638048
64.38551 -0.00354443638048
64.48204 -0.00354443638048
64.57857 -0.00354443638048
64.6751 -0.00354443638048
64.77163 -0.00354443638048
64.86816 -0.00354443638048
64.96469 -0.00354443638048
65.06122 -0.00354443638048
65.15775 -0.00354443638048
65.25428 -0.00354443638048
65.35081 -0.00354443638048
65.44734 -0.00354443638048
65.54387 -0.00354443638048
65.6404 -0.00354443638048
65.73693 -0.00354443638048
65.83346 -0.00354443638048
65.92999 -0.00354443638048
66.02652 -0.00354443638048
66.12305 -0.00354443638048
66.21958 -0.00354443638048
66.31611 -0.00354443638048
66.41264 -0.00354443638048
66.50917 -0.00354443638048
66.6057 -0.00354443638048
66.70223 -0.00354443638048
66.79876 -0.00354443638048
66.89529 -0.00354443638048
66.99182 -0.00354443638048
67.08835 -0.00354443638048
67.18488 -0.00354443638048
67.28141 -0.00354443638048
67.37794 -0.00354443638048
67.47447 -0.00354443638048
67.571 -0.00354443638048
67.66753 -0.00354443638048
67.76406 -0.00354443638048
67.86059 -0.00354443638048
67.95712 -0.00354443638048
68.05365 -0.00354443638048
68.15018 -0.00354443638048
68.24671 -0.00354443638048
68.34324 -0.00354443638048
68.43977 -0.00354443638048
68.5363 -0.00354443638048
68.63283 -0.00354443638048
68.72936 -0.00354443638048
68.82589 -0.00354443638048
68.92242 -0.00354443638048
69.01895 -0.00354443638048
69.11548 -0.00354443638048
69.21201 -0.00354443638048
69.30854 -0.00354443638048
69.40507 -0.00354443638048
69.5016 -0.00354443638048
69.59813 -0.00354443638048
69.69466 -0.00354443638048
69.79119 -0.00354443638048
69.88772 -0.00354443638048
69.98425 -0.00354443638048
70.08078 -0.00354443638048
70.17731 -0.00354443638048
70.27384 -0.00354443638048
70.37037 -0.00354443638048
70.4669 -0.00354443638048
70.56343 -0.00354443638048
70.65996 -0.00354443638048
70.75649 -0.00354443638048
70.85302 -0.00354443638048
70.94955 -0.00354443638048
71.04608 -0.00354443638048
71.14261 -0.00354443638048
71.23914 -0.00354443638048
71.33567 -0.00354443638048
71.4322 -0.00354443638048
71.52873 -0.00354443638048
71.62526 -0.00354443638048
71.72179 -0.00354443638048
71.81832 -0.00354443638048
71.91485 -0.00354443638048
72.01138 -0.00354443638048
72.10791 -0.00354443638048
72.20444 -0.00354443638048
72.30097 -0.00354443638048
72.3975 -0.00354443638048
72.49403 -0.00354443638048
72.59056 -0.00354443638048
72.68709 -0.00354443638048
72.78362 -0.00354443638048
72.88015 -0.00354443638048
72.97668 -0.00354443638048
73.07321 -0.00354443638048
73.16974 -0.00354443638048
73.26627 -0.00354443638048
73.3628 -0.00354443638048
73.45933 -0.00354443638048
73.55586 -0.00354443638048
73.65239 -0.00354443638048
73.74892 -0.00354443638048
73.84545 -0.00354443638048
73.94198 -0.00354443638048
74.03851 -0.00354443638048
74.13504 -0.00354443638048
74.23157 -0.00354443638048
74.3281 -0.00354443638048
74.42463 -0.00354443638048
74.52116 -0.00354443638048
74.61769 -0.00354443638048
74.71422 -0.00354443638048
74.81075 -0.00354443638048
74.90728 -0.00354443638048
75.00381 -0.00354443638048
75.10034 -0.00354443638048
75.19687 -0.00354443638048
75.2934 -0.00354443638048
75.38993 -0.00354443638048
75.48646 -0.00354443638048
75.58299 -0.00354443638048
75.67952 -0.00354443638048
75.77605 -0.00354443638048
75.87258 -0.00354443638048
75.96911 -0.00354443638048
76.06564 -0.00354443638048
76.16217 -0.00354443638048
76.2587 -0.00354443638048
76.35523 -0.00354443638048
76.45176 -0.00354443638048
76.54829 -0.00354443638048
76.64482 -0.00354443638048
76.74135 -0.00354443638048
76.83788 -0.00354443638048
76.93441 -0.00354443638048
77.03094 -0.00354443638048
77.12747 -0.00354443638048
77.224 -0.00354443638048
77.32053 -0.00354443638048
77.41706 -0.00354443638048
77.51359 -0.00354443638048
77.61012 -0.00354443638048
77.70665 -0.00354443638048
77.80318 -0.00354443638048
77.89971 -0.00354443638048
77.99624 -0.00354443638048
78.09277 -0.00354443638048
78.1893 -0.00354443638048
78.28583 -0.00354443638048
78.38236 -0.00354443638048
78.47889 -0.00354443638048
78.57542 -0.00354443638048
78.67195 -0.00354443638048
78.76848 -0.00354443638048
78.86501 -0.00354443638048
78.96154 -0.00354443638048
79.05807 -0.00354443638048
79.1546 -0.00354443638048
79.25113 -0.00354443638048
79.34766 -0.00354443638048
79.44419 -0.00354443638048
79.54072 -0.00354443638048
79.63725 -0.00354443638048
79.73378 -0.00354443638048
79.83031 -0.00354443638048
79.92684 -0.00354443638048
80.02337 -0.00354443638048
80.1199 -0.00354443638048
80.21643 -0.00354443638048
80.31296 -0.00354443638048
80.40949 -0.00354443638048
80.50602 -0.00354443638048
80.60255 -0.00354443638048
80.69908 -0.00354443638048
80.79561 -0.00354443638048
80.89214 -0.00354443638048
80.98867 -0.00354443638048
81.0852 -0.00354443638048
81.18173 -0.00354443638048
81.27826 -0.00354443638048
81.37479 -0.00354443638048
81.47132 -0.00354443638048
81.56785 -0.00354443638048
81.66438 -0.00354443638048
81.76091 -0.00354443638048
81.85744 -0.00354443638048
81.95397 -0.00354443638048
82.0505 -0.00354443638048
82.14703 -0.00354443638048
82.24356 -0.00354443638048
82.34009 -0.00354443638048
82.43662 -0.00354443638048
82.53315 -0.00354443638048
82.62968 -0.00354443638048
82.72621 -0.00354443638048
82.82274 -0.00354443638048
82.91927 -0.00354443638048
83.0158 -0.00354443638048
83.11233 -0.00354443638048
83.20886 -0.00354443638048
83.30539 -0.00354443638048
83.40192 -0.00354443638048
83.49845 -0.00354443638048
83.59498 -0.00354443638048
83.69151 -0.00354443638048
83.78804 -0.00354443638048
83.88457 -0.00354443638048
83.9811 -0.00354443638048
84.07763 -0.00354443638048
84.17416 -0.00354443638048
84.27069 -0.00354443638048
84.36722 -0.00354443638048
84.46375 -0.00354443638048
84.56028 -0.00354443638048
84.65681 -0.00354443638048
84.75334 -0.00354443638048
84.84987 -0.00354443638048
84.9464 -0.00354443638048
85.04293 -0.00354443638048
85.13946 -0.00354443638048
85.23599 -0.00354443638048
85.33252 -0.00354443638048
85.42905 -0.00354443638048
85.52558 -0.00354443638048
85.62211 -0.00354443638048
85.71864 -0.00354443638048
85.81517 -0.00354443638048
85.9117 -0.00354443638048
86.00823 -0.00354443638048
86.10476 -0.00354443638048
86.20129 -0.00354443638048
86.29782 -0.00354443638048
86.39435 -0.00354443638048
86.49088 -0.00354443638048
86.58741 -0.00354443638048
86.68394 -0.00354443638048
86.78047 -0.00354443638048
86.877 -0.00354443638048
86.97353 -0.00354443638048
87.07006 -0.00354443638048
87.16659 -0.00354443638048
87.26312 -0.00354443638048
87.35965 -0.00354443638048
87.45618 -0.00354443638048
87.55271 -0.00354443638048
87.64924 -0.00354443638048
87.74577 -0.00354443638048
87.8423 -0.00354443638048
87.93883 -0.00354443638048
88.03536 -0.00354443638048
88.13189 -0.00354443638048
88.22842 -0.00354443638048
88.32495 -0.00354443638048
88.42148 -0.00354443638048
88.51801 -0.00354443638048
88.61454 -0.00354443638048
88.71107 -0.00354443638048
88.8076 -0.00354443638048
88.90413 -0.00354443638048
89.00066 -0.00354443638048
89.09719 -0.00354443638048
89.19372 -0.00354443638048
89.29025 -0.00354443638048
89.38678 -0.00354443638048
89.48331 -0.00354443638048
89.57984 -0.00354443638048
89.67637 -0.00354443638048
89.7729 -0.00354443638048
89.86943 -0.00354443638048
89.96596 -0.00354443638048
90.06249 -0.00354443638048
90.15902 -0.00354443638048
90.25555 -0.00354443638048
90.35208 -0.00354443638048
90.44861 -0.00354443638048
90.54514 -0.00354443638048
90.64167 -0.00354443638048
90.7382 -0.00354443638048
90.83473 -0.00354443638048
90.93126 -0.00354443638048
91.02779 -0.00354443638048
91.12432 -0.00354443638048
91.22085 -0.00354443638048
91.31738 -0.00354443638048
91.41391 -0.00354443638048
91.51044 -0.00354443638048
91.60697 -0.00354443638048
91.7035 -0.00354443638048
91.80003 -0.00354443638048
91.89656 -0.00354443638048
91.99309 -0.00354443638048
92.08962 -0.00354443638048
92.18615 -0.00354443638048
92.28268 -0.00354443638048
92.37921 -0.00354443638048
92.47574 -0.00354443638048
92.57227 -0.00354443638048
92.6688 -0.00354443638048
92.76533 -0.00354443638048
92.86186 -0.00354443638048
92.95839 -0.00354443638048
93.05492 -0.00354443638048
93.15145 -0.00354443638048
93.24798 -0.00354443638048
93.34451 -0.00354443638048
93.44104 -0.00354443638048
93.53757 -0.00354443638048
93.6341 -0.00354443638048
93.73063 -0.00354443638048
93.82716 -0.00354443638048
93.92369 -0.00354443638048
94.02022 -0.00354443638048
94.11675 -0.00354443638048
94.21328 -0.00354443638048
94.30981 -0.00354443638048
94.40634 -0.00354443638048
94.50287 -0.00354443638048
94.5994 -0.00354443638048
94.69593 -0.00354443638048
94.79246 -0.00354443638048
94.88899 -0.00354443638048
94.98552 -0.00354443638048
95.08205 -0.00354443638048
95.17858 -0.00354443638048
95.27511 -0.00354443638048
95.37164 -0.00354443638048
95.46817 -0.00354443638048
95.5647 -0.00354443638048
95.66123 -0.00354443638048
95.75776 -0.00354443638048
95.85429 -0.00354443638048
95.95082 -0.00354443638048
96.04735 -0.00354443638048
96.14388 -0.00354443638048
96.24041 -0.00354443638048
96.33694 -0.00354443638048
96.43347 -0.00354443638048
96.53 -0.00354443638048
96.62653 -0.00354443638048
96.72306 -0.00354443638048
96.81959 -0.00354443638048
96.91612 -0.00354443638048
97.01265 -0.00354443638048
97.10918 -0.00354443638048
97.20571 -0.00354443638048
97.30224 -0.00354443638048
97.39877 -0.00354443638048
97.4953 -0.00354443638048
97.59183 -0.00354443638048
97.68836 -0.00354443638048
97.78489 -0.00354443638048
97.88142 -0.00354443638048
97.97795 -0.00354443638048
98.07448 -0.00354443638048
98.17101 -0.00354443638048
98.26754 -0.00354443638048
98.36407 -0.00354443638048
98.4606 -0.00354443638048
98.55713 -0.00354443638048
98.65366 -0.00354443638048
98.75019 -0.00354443638048
