0.0 -0.357960565753
0.09691 -0.0118561060604
0.19382 0.328041080343
0.29073 0.603777660243
0.38764 0.781356977878
0.48455 0.861194822228
0.58146 0.872101120396
0.67837 0.853052548452
0.77528 0.832212112188
0.87219 0.812520486051
0.9691 0.770321668158
1.06601 0.667490635942
1.16292 0.470958048146
1.25983 0.171516285262
1.35674 -0.205230861322
1.45365 -0.600997108981
1.55056 -0.940529227397
1.64747 -1.15439209437
1.74438 -1.19552989537
1.84129 -1.0407285215
1.9382 -0.684423711211
2.03511 -0.139075656736
2.13202 0.55396312704
2.22893 1.31029873371
2.32584 1.99372610322
2.42275 2.42197864744
2.51966 2.39764995373
2.61657 1.76499478533
2.71348 0.474466522514
2.81039 -1.37199088343
2.9073 -3.51159944908
3.00421 -5.54859433433
3.10112 -7.01415141094
3.19803 -7.45427076106
3.29494 -6.54145982976
3.39185 -4.19228239785
3.48876 -0.648607179375
3.58567 3.52567644757
3.68258 7.55183699983
3.77949 10.621539285
3.8764 12.1025136046
3.97331 11.7006443914
4.07022 9.52965755872
4.16713 6.06831613026
4.26404 2.01877930266
4.36095 -1.88939176631
4.45786 -5.08640752588
4.55477 -7.28000285328
4.65168 -8.46902329957
4.74859 -8.85918820487
4.8455 -8.72481847629
4.94241 -8.27696122922
5.03932 -7.59007701002
5.13623 -6.61031492796
5.23314 -5.22976497007
5.33005 -3.38249157639
5.42696 -1.11453197843
5.52387 1.40053058057
5.62078 3.90086134697
5.71769 6.10861925199
5.8146 7.80326365469
5.91151 8.86758533167
6.00842 9.29190258428
6.10533 9.14033284651
6.20224 8.49954336833
6.29915 7.43709397473
6.39606 5.98976324316
6.49297 4.18538774845
6.58988 2.08340259916
6.68679 -0.191168895224
6.7837 -2.44319012049
6.88061 -4.44067169205
6.97752 -5.97443423434
7.07443 -6.91879379575
7.17134 -7.26669764333
7.26825 -7.12428637363
7.36516 -6.66751536861
7.46207 -6.07858828386
7.55898 -5.48689470378
7.65589 -4.9358838707
7.7528 -4.3860361748
7.84971 -3.74966709555
7.94662 -2.94092163179
8.04353 -1.9193439707
8.14044 -0.7099067868
8.23735 0.606121130953
8.33426 1.92182422759
8.43117 3.14059406959
8.52808 4.20123669856
8.62499 5.08354011506
8.7219 5.7955259801
8.81881 6.35109767491
8.91572 6.7492904426
9.01263 6.96364836264
9.10954 6.94470707957
9.20645 6.63335717542
9.30336 5.979788306
9.40027 4.96192808803
9.49718 3.59825296038
9.59409 1.95211996781
9.691 0.127363805472
9.78791 -1.74333922964
9.88482 -3.51495783097
9.98173 -5.04888040819
10.07864 -6.23164510574
10.17555 -6.99108809693
10.27246 -7.30662859811
10.36937 -7.2102743293
10.46628 -6.77661360345
10.56319 -6.10354057413
10.6601 -5.28908162901
10.75701 -4.41136897191
10.85392 -3.5177105663
10.95083 -2.6253021544
11.04774 -1.73173794042
11.14465 -0.829918768189
11.24156 0.0791800042315
11.33847 0.980610626988
11.43538 1.84747131514
11.53229 2.64833663893
11.6292 3.35575050022
11.72611 3.95173764339
11.82302 4.42836563819
11.91993 4.78422292118
12.01684 5.01970427748
12.11375 5.13403478599
12.21066 5.12517835046
12.30757 4.99156152331
12.40448 4.73344418117
12.50139 4.35239814745
12.5983 3.84919089702
12.69521 3.22215096111
12.79212 2.46855071186
12.88903 1.5901663934
12.98594 0.601568841468
13.08285 -0.462634672722
13.17976 -1.54595953895
13.27667 -2.57620016072
13.37358 -3.4787631962
13.47049 -4.19288652408
13.5674 -4.68470125625
13.66431 -4.95208414304
13.76122 -5.01963665535
13.85813 -4.92632564465
13.95504 -4.71129710647
14.05195 -4.40370037878
14.14886 -4.01996770171
14.24577 -3.56818816995
14.34268 -3.05594433132
14.43959 -2.49681138083
14.5365 -1.91204937225
14.63341 -1.32695706285
14.73032 -0.764251739345
14.82723 -0.238185516815
14.92414 0.247645307021
15.02105 0.698079479606
15.11796 1.12140039441
15.21487 1.52439618152
15.31178 1.90976074871
15.40869 2.27637692825
15.5056 2.6212044126
15.60251 2.94070920019
15.69942 3.23042577194
15.79633 3.48284347194
15.89324 3.68528959987
15.99015 3.81987002527
16.08706 3.8665341651
16.18397 3.80852312506
16.28088 3.63792102587
16.37779 3.35870741357
16.4747 2.98584353957
16.57161 2.54089875848
16.66852 2.04641654771
16.76543 1.52167112651
16.86234 0.981439040326
16.95925 0.437535689658
17.05616 -0.0987302392179
17.15307 -0.615399239337
17.24998 -1.10114523946
17.34689 -1.5483067713
17.4438 -1.95551504247
17.54071 -2.32765153847
17.63762 -2.67225599577
17.73453 -2.9936505212
17.83144 -3.28769095833
17.92835 -3.54016192295
18.02526 -3.73019612956
18.12217 -3.83751865212
18.21908 -3.85017760732
18.31599 -3.76893796192
18.4129 -3.60603974127
18.50981 -3.37882552491
18.60672 -3.10137794141
18.70363 -2.77838203669
18.80054 -2.40435055425
18.89745 -1.96866057256
18.99436 -1.46393125149
19.09127 -0.893620163733
19.18818 -0.275150338853
19.28509 0.362870124057
19.382 0.987904348785
19.47891 1.5717642893
19.57582 2.09624341327
19.67273 2.5540233433
19.76964 2.94522250654
19.86655 3.27196100541
19.96346 3.53390817961
20.06037 3.72680858965
20.15728 3.84413264034
20.25419 3.8803485272
20.3511 3.83371706003
20.44801 3.70715488464
20.54492 3.50707220454
20.64183 3.24129992266
20.73874 2.91759030313
20.83565 2.54357715965
20.93256 2.12797473639
21.02947 1.6819057958
21.12638 1.21912158141
21.22329 0.754554413344
21.3202 0.301678218028
21.41711 -0.130101682714
21.51402 -0.536790243631
21.61093 -0.919323870622
21.70784 -1.28166249808
21.80475 -1.62846317695
21.90166 -1.96329547754
21.99857 -2.28773761646
22.09548 -2.6009672175
22.19239 -2.89915916049
22.2893 -3.17436166195
22.38621 -3.413316279
22.48312 -3.59735517491
22.58003 -3.70449797121
22.67694 -3.71400807027
22.77385 -3.61231843136
22.87076 -3.39813644762
22.96767 -3.08438971267
23.06458 -2.69572525928
23.16149 -2.26212458993
23.2584 -1.81096846538
23.35531 -1.36067333861
23.45222 -0.918379273195
23.54913 -0.482366737088
23.64604 -0.0477795915194
23.74295 0.387150983552
23.83986 0.817207132786
23.93677 1.23014188372
24.03368 1.61011670259
24.13059 1.94268112107
24.2275 2.21887093348
24.32441 2.43672584381
24.42132 2.59997737203
24.51823 2.71502827447
24.61514 2.78795442511
24.71205 2.82289585225
24.80896 2.82218787751
24.90587 2.78754956353
25.00278 2.72116672314
25.09969 2.62578394352
25.1966 2.50371142105
25.29351 2.35544425095
25.39042 2.17891231245
25.48733 1.97006231743
25.58424 1.72473194324
25.68115 1.4410515005
25.77806 1.12130670245
25.87497 0.772459174104
25.97188 0.40516943353
26.06879 0.0318268573841
26.1657 -0.335576326067
26.26261 -0.68700293516
26.35952 -1.01505321637
26.45643 -1.31490034525
26.55334 -1.583824931
26.65025 -1.82063831255
26.74716 -2.02508880172
26.84407 -2.19721264431
26.94098 -2.33663902055
27.03789 -2.44203330082
27.1348 -2.51098722879
27.23171 -2.54057469736
27.32862 -2.5284730162
27.42553 -2.47417272802
27.52244 -2.37962249261
27.61935 -2.24885294704
27.71626 -2.08664794806
27.81317 -1.89691213472
27.91008 -1.68166852804
28.00699 -1.44138876749
28.1039 -1.17667616555
28.20081 -0.890530817455
28.29772 -0.589972005425
28.39463 -0.285972288956
28.49154 0.00856756815267
28.58845 0.282078984131
28.68536 0.52740734655
28.78227 0.743304519479
28.87918 0.933647843563
28.97609 1.10479054849
29.073 1.26233420514
29.16991 1.40874234663
29.26682 1.54296593611
29.36373 1.66190961088
29.46064 1.76248406891
29.55755 1.84314232527
29.65446 1.90393214495
29.75137 1.94512183378
29.84828 1.96536405668
29.94519 1.96069588035
30.0421 1.92523584016
30.13901 1.85347313148
30.23592 1.74309448728
30.33283 1.59689923715
30.42974 1.42274203718
30.52665 1.23141051332
30.62356 1.03337025906
30.72047 0.835847678845
30.81738 0.641502961885
30.91429 0.449115272999
31.0112 0.255723094383
31.10811 0.0590503458228
31.20502 -0.140910706864
31.30193 -0.341681457847
31.39884 -0.539177317433
31.49575 -0.728902448416
31.59266 -0.906688512636
31.68957 -1.06868529137
31.78648 -1.21091946216
31.88339 -1.329083692
31.9803 -1.41908538137
32.07721 -1.47835700173
32.17412 -1.50733676883
32.27103 -1.51024429254
32.36794 -1.49449863738
32.46485 -1.4687585678
32.56176 -1.44026839017
32.65867 -1.41258172793
32.75558 -1.38459497738
32.85249 -1.35122728588
32.9494 -1.30535243344
33.04631 -1.24009777138
33.14322 -1.15060458634
33.24013 -1.03475512391
33.33704 -0.892949286702
33.43395 -0.727431478473
33.53086 -0.541724014707
33.62777 -0.340445281319
33.72468 -0.129396604087
33.82159 0.0844457249559
33.9185 0.293352008444
34.01541 0.48970688921
34.11232 0.667030964356
34.20923 0.820719248591
34.30614 0.948191827328
34.40305 1.04847884875
34.49996 1.12157677982
34.59687 1.16801612356
34.69378 1.18890455183
34.79069 1.1863596838
34.8876 1.163938806
34.98451 1.12660441409
35.08142 1.07999060836
35.17833 1.02913581919
35.27524 0.9771930822
35.37215 0.924714816172
35.46906 0.869873159004
35.56597 0.809539164468
35.66288 0.740739064628
35.75979 0.661850048828
35.8567 0.573068617763
35.95361 0.476077897486
36.05052 0.373234714782
36.14743 0.266781763533
36.24434 0.158483310209
36.34125 0.0497725837372
36.43816 -0.0578172701879
36.53507 -0.16230384212
36.63198 -0.261247000051
36.72889 -0.352081020317
36.8258 -0.432553214669
36.92271 -0.500980510194
37.01962 -0.556191141512
37.11653 -0.597274526371
37.21344 -0.623438986218
37.31035 -0.634240882878
37.40726 -0.630201403552
37.50417 -0.613511168995
37.60108 -0.588340217683
37.69799 -0.560361605266
37.7949 -0.535448144843
37.89181 -0.517944189329
37.98872 -0.509208659511
38.08563 -0.507094364355
38.18254 -0.506659129158
38.27945 -0.501863694244
38.37636 -0.487565278386
38.47327 -0.460990241713
38.57018 -0.422131377279
38.66709 -0.373035172951
38.764 -0.316460883377
38.86091 -0.2546489968
38.95782 -0.188810815199
39.05473 -0.119520131483
39.15164 -0.0476839861251
39.24855 0.0245443339269
39.34546 0.093512622499
39.44237 0.154724445308
39.53928 0.204163707521
39.63619 0.239690962304
39.7331 0.261857493736
39.83001 0.273751356263
39.92692 0.279936821368
40.02383 0.284948237523
40.12074 0.291961460903
40.21765 0.302130734758
40.31456 0.314736168903
40.41147 0.327919953267
40.50838 0.33957544939
40.60529 0.347976321069
40.7022 0.351950748872
40.79911 0.350683859123
40.89602 0.343419673222
40.99293 0.329344374651
41.08984 0.307779224142
41.18675 0.278593240621
41.28366 0.242588917375
41.38057 0.201603705231
41.47748 0.158207491248
41.57439 0.115084145594
41.6713 0.0743511717313
41.76821 0.0371091596338
41.86512 0.00340525588849
41.96203 -0.0273996449148
42.05894 -0.0560522720848
42.15585 -0.0828905984318
42.25276 -0.107611313453
42.34967 -0.129392113359
42.44658 -0.14727063568
42.54349 -0.160575979082
42.6404 -0.169209187259
42.73731 -0.173663220969
42.83422 -0.174804921183
42.93113 -0.17354451645
43.02804 -0.170548432204
43.12495 -0.166105591508
43.22186 -0.160169721902
43.31877 -0.152518953714
43.41568 -0.142936730201
43.51259 -0.131334472801
43.6095 -0.117787894806
43.70641 -0.102511976685
43.80332 -0.0858256173334
43.90023 -0.0681460714633
43.99714 -0.0500174834488
44.09405 -0.0321418837223
44.19096 -0.0153674276004
44.28787 -0.00060527267442
44.38478 0.0113168249701
44.48169 0.0198205652921
44.5786 0.0247044370749
44.67551 0.0261873199402
44.77242 0.0248566138464
44.86933 0.0215444149844
44.96624 0.0171755826133
45.06315 0.0126300308602
45.16006 0.00864372236357
45.25697 0.00575154683148
45.35388 0.0042623219295
45.45079 0.00425559609298
45.5477 0.00559709921104
45.64461 0.00797577818334
45.74152 0.0109640019928
45.83843 0.014093967859
45.93534 0.0169337922486
46.03225 0.0191437573544
46.12916 0.020500213981
46.22607 0.0208886550112
46.32298 0.0202806227353
46.41989 0.0187136471896
46.5168 0.0162865587991
46.61371 0.0131683491766
46.71062 0.00960589224576
46.80753 0.00591236619482
46.90444 0.00242680814085
47.00135 -0.000548591721592
47.09826 -0.00281226588982
47.19517 -0.00430253688765
47.29208 -0.0050956356919
47.38899 -0.00536344316503
47.4859 -0.00530924320122
47.58281 -0.00510777792554
47.67972 -0.00487097588646
47.77663 -0.00464636132474
47.87354 -0.00443956215034
47.97045 -0.00424356734229
48.06736 -0.00405887869821
48.16427 -0.00389786354061
48.26118 -0.00377702740701
48.35809 -0.00370655106324
48.455 -0.00368510115724
48.55191 -0.00368510115724
48.64882 -0.00368510115724
48.74573 -0.00368510115724
48.84264 -0.00368510115724
48.93955 -0.00368510115724
49.03646 -0.00368510115724
49.13337 -0.00368510115724
49.23028 -0.00368510115724
49.32719 -0.00368510115724
49.4241 -0.00368510115724
49.52101 -0.00368510115724
49.61792 -0.00368510115724
49.71483 -0.00368510115724
49.81174 -0.00368510115724
49.90865 -0.00368510115724
50.00556 -0.00368510115724
50.10247 -0.00368510115724
50.19938 -0.00368510115724
50.29629 -0.00368510115724
50.3932 -0.00368510115724
50.49011 -0.00368510115724
50.58702 -0.00368510115724
50.68393 -0.00368510115724
50.78084 -0.00368510115724
50.87775 -0.00368510115724
50.97466 -0.00368510115724
51.07157 -0.00368510115724
51.16848 -0.00368510115724
51.26539 -0.00368510115724
51.3623 -0.00368510115724
51.45921 -0.00368510115724
51.55612 -0.00368510115724
51.65303 -0.00368510115724
51.74994 -0.00368510115724
51.84685 -0.00368510115724
51.94376 -0.00368510115724
52.04067 -0.00368510115724
52.13758 -0.00368510115724
52.23449 -0.00368510115724
52.3314 -0.00368510115724
52.42831 -0.00368510115724
52.52522 -0.00368510115724
52.62213 -0.00368510115724
52.71904 -0.00368510115724
52.81595 -0.00368510115724
52.91286 -0.00368510115724
53.00977 -0.00368510115724
53.10668 -0.00368510115724
53.20359 -0.00368510115724
53.3005 -0.00368510115724
53.39741 -0.00368510115724
53.49432 -0.00368510115724
53.59123 -0.00368510115724
53.68814 -0.00368510115724
53.78505 -0.00368510115724
53.88196 -0.00368510115724
53.97887 -0.00368510115724
54.07578 -0.00368510115724
54.17269 -0.00368510115724
54.2696 -0.00368510115724
54.36651 -0.00368510115724
54.46342 -0.00368510115724
54.56033 -0.00368510115724
54.65724 -0.00368510115724
54.75415 -0.00368510115724
54.85106 -0.00368510115724
54.94797 -0.00368510115724
55.04488 -0.00368510115724
55.14179 -0.00368510115724
55.2387 -0.00368510115724
55.33561 -0.00368510115724
55.43252 -0.00368510115724
55.52943 -0.00368510115724
55.62634 -0.00368510115724
55.72325 -0.00368510115724
55.82016 -0.00368510115724
55.91707 -0.00368510115724
56.01398 -0.00368510115724
56.11089 -0.00368510115724
56.2078 -0.00368510115724
56.30471 -0.00368510115724
56.40162 -0.00368510115724
56.49853 -0.00368510115724
56.59544 -0.00368510115724
56.69235 -0.00368510115724
56.78926 -0.00368510115724
56.88617 -0.00368510115724
56.98308 -0.00368510115724
57.07999 -0.00368510115724
57.1769 -0.00368510115724
57.27381 -0.00368510115724
57.37072 -0.00368510115724
57.46763 -0.00368510115724
57.56454 -0.00368510115724
57.66145 -0.00368510115724
57.75836 -0.00368510115724
57.85527 -0.00368510115724
57.95218 -0.00368510115724
58.04909 -0.00368510115724
58.146 -0.00368510115724
58.24291 -0.00368510115724
58.33982 -0.00368510115724
58.43673 -0.00368510115724
58.53364 -0.00368510115724
58.63055 -0.00368510115724
58.72746 -0.00368510115724
58.82437 -0.00368510115724
58.92128 -0.00368510115724
59.01819 -0.00368510115724
59.1151 -0.00368510115724
59.21201 -0.00368510115724
59.30892 -0.00368510115724
59.40583 -0.00368510115724
59.50274 -0.00368510115724
59.59965 -0.00368510115724
59.69656 -0.00368510115724
59.79347 -0.00368510115724
59.89038 -0.00368510115724
59.98729 -0.00368510115724
60.0842 -0.00368510115724
60.18111 -0.00368510115724
60.27802 -0.00368510115724
60.37493 -0.00368510115724
60.47184 -0.00368510115724
60.56875 -0.00368510115724
60.66566 -0.00368510115724
60.76257 -0.00368510115724
60.85948 -0.00368510115724
60.95639 -0.00368510115724
61.0533 -0.00368510115724
61.15021 -0.00368510115724
61.24712 -0.00368510115724
61.34403 -0.00368510115724
61.44094 -0.00368510115724
61.53785 -0.00368510115724
61.63476 -0.00368510115724
61.73167 -0.00368510115724
61.82858 -0.00368510115724
61.92549 -0.00368510115724
62.0224 -0.00368510115724
62.11931 -0.00368510115724
62.21622 -0.00368510115724
62.31313 -0.00368510115724
62.41004 -0.00368510115724
62.50695 -0.00368510115724
62.60386 -0.00368510115724
62.70077 -0.00368510115724
62.79768 -0.00368510115724
62.89459 -0.00368510115724
62.9915 -0.00368510115724
63.08841 -0.00368510115724
63.18532 -0.00368510115724
63.28223 -0.00368510115724
63.37914 -0.00368510115724
63.47605 -0.00368510115724
63.57296 -0.00368510115724
63.66987 -0.00368510115724
63.76678 -0.00368510115724
63.86369 -0.00368510115724
63.9606 -0.00368510115724
64.05751 -0.00368510115724
64.15442 -0.00368510115724
64.25133 -0.00368510115724
64.34824 -0.00368510115724
64.44515 -0.00368510115724
64.54206 -0.00368510115724
64.63897 -0.00368510115724
64.73588 -0.00368510115724
64.83279 -0.00368510115724
64.9297 -0.00368510115724
65.02661 -0.00368510115724
65.12352 -0.00368510115724
65.22043 -0.00368510115724
65.31734 -0.00368510115724
65.41425 -0.00368510115724
65.51116 -0.00368510115724
65.60807 -0.00368510115724
65.70498 -0.00368510115724
65.80189 -0.00368510115724
65.8988 -0.00368510115724
65.99571 -0.00368510115724
66.09262 -0.00368510115724
66.18953 -0.00368510115724
66.28644 -0.00368510115724
66.38335 -0.00368510115724
66.48026 -0.00368510115724
66.57717 -0.00368510115724
66.67408 -0.00368510115724
66.77099 -0.00368510115724
66.8679 -0.00368510115724
66.96481 -0.00368510115724
67.06172 -0.00368510115724
67.15863 -0.00368510115724
67.25554 -0.00368510115724
67.35245 -0.00368510115724
67.44936 -0.00368510115724
67.54627 -0.00368510115724
67.64318 -0.00368510115724
67.74009 -0.00368510115724
67.837 -0.00368510115724
67.93391 -0.00368510115724
68.03082 -0.00368510115724
68.12773 -0.00368510115724
68.22464 -0.00368510115724
68.32155 -0.00368510115724
68.41846 -0.00368510115724
68.51537 -0.00368510115724
68.61228 -0.00368510115724
68.70919 -0.00368510115724
68.8061 -0.00368510115724
68.90301 -0.00368510115724
68.99992 -0.00368510115724
69.09683 -0.00368510115724
69.19374 -0.00368510115724
69.29065 -0.00368510115724
69.38756 -0.00368510115724
69.48447 -0.00368510115724
69.58138 -0.00368510115724
69.67829 -0.00368510115724
69.7752 -0.00368510115724
69.87211 -0.00368510115724
69.96902 -0.00368510115724
70.06593 -0.00368510115724
70.16284 -0.00368510115724
70.25975 -0.00368510115724
70.35666 -0.00368510115724
70.45357 -0.00368510115724
70.55048 -0.00368510115724
70.64739 -0.00368510115724
70.7443 -0.00368510115724
70.84121 -0.00368510115724
70.93812 -0.00368510115724
71.03503 -0.00368510115724
71.13194 -0.00368510115724
71.22885 -0.00368510115724
71.32576 -0.00368510115724
71.42267 -0.00368510115724
71.51958 -0.00368510115724
71.61649 -0.00368510115724
71.7134 -0.00368510115724
71.81031 -0.00368510115724
71.90722 -0.00368510115724
72.00413 -0.00368510115724
72.10104 -0.00368510115724
72.19795 -0.00368510115724
72.29486 -0.00368510115724
72.39177 -0.00368510115724
72.48868 -0.00368510115724
72.58559 -0.00368510115724
72.6825 -0.00368510115724
72.77941 -0.00368510115724
72.87632 -0.00368510115724
72.97323 -0.00368510115724
73.07014 -0.00368510115724
73.16705 -0.00368510115724
73.26396 -0.00368510115724
73.36087 -0.00368510115724
73.45778 -0.00368510115724
73.55469 -0.00368510115724
73.6516 -0.00368510115724
73.74851 -0.00368510115724
73.84542 -0.00368510115724
73.94233 -0.00368510115724
74.03924 -0.00368510115724
74.13615 -0.00368510115724
74.23306 -0.00368510115724
74.32997 -0.00368510115724
74.42688 -0.00368510115724
74.52379 -0.00368510115724
74.6207 -0.00368510115724
74.71761 -0.00368510115724
74.81452 -0.00368510115724
74.91143 -0.00368510115724
75.00834 -0.00368510115724
75.10525 -0.00368510115724
75.20216 -0.00368510115724
75.29907 -0.00368510115724
75.39598 -0.00368510115724
75.49289 -0.00368510115724
75.5898 -0.00368510115724
75.68671 -0.00368510115724
75.78362 -0.00368510115724
75.88053 -0.00368510115724
75.97744 -0.00368510115724
76.07435 -0.00368510115724
76.17126 -0.00368510115724
76.26817 -0.00368510115724
76.36508 -0.00368510115724
76.46199 -0.00368510115724
76.5589 -0.00368510115724
76.65581 -0.00368510115724
76.75272 -0.00368510115724
76.84963 -0.00368510115724
76.94654 -0.00368510115724
77.04345 -0.00368510115724
77.14036 -0.00368510115724
77.23727 -0.00368510115724
77.33418 -0.00368510115724
77.43109 -0.00368510115724
77.528 -0.00368510115724
77.62491 -0.00368510115724
77.72182 -0.00368510115724
77.81873 -0.00368510115724
77.91564 -0.00368510115724
78.01255 -0.00368510115724
78.10946 -0.00368510115724
78.20637 -0.00368510115724
78.30328 -0.00368510115724
78.40019 -0.00368510115724
78.4971 -0.00368510115724
78.59401 -0.00368510115724
78.69092 -0.00368510115724
78.78783 -0.00368510115724
78.88474 -0.00368510115724
78.98165 -0.00368510115724
79.07856 -0.00368510115724
79.17547 -0.00368510115724
79.27238 -0.00368510115724
79.36929 -0.00368510115724
79.4662 -0.00368510115724
79.56311 -0.00368510115724
79.66002 -0.00368510115724
79.75693 -0.00368510115724
79.85384 -0.00368510115724
79.95075 -0.00368510115724
80.04766 -0.00368510115724
80.14457 -0.00368510115724
80.24148 -0.00368510115724
80.33839 -0.00368510115724
80.4353 -0.00368510115724
80.53221 -0.00368510115724
80.62912 -0.00368510115724
80.72603 -0.00368510115724
80.82294 -0.00368510115724
80.91985 -0.00368510115724
81.01676 -0.00368510115724
81.11367 -0.00368510115724
81.21058 -0.00368510115724
81.30749 -0.00368510115724
81.4044 -0.00368510115724
81.50131 -0.00368510115724
81.59822 -0.00368510115724
81.69513 -0.00368510115724
81.79204 -0.00368510115724
81.88895 -0.00368510115724
81.98586 -0.00368510115724
82.08277 -0.00368510115724
82.17968 -0.00368510115724
82.27659 -0.00368510115724
82.3735 -0.00368510115724
82.47041 -0.00368510115724
82.56732 -0.00368510115724
82.66423 -0.00368510115724
82.76114 -0.00368510115724
82.85805 -0.00368510115724
82.95496 -0.00368510115724
83.05187 -0.00368510115724
83.14878 -0.00368510115724
83.24569 -0.00368510115724
83.3426 -0.00368510115724
83.43951 -0.00368510115724
83.53642 -0.00368510115724
83.63333 -0.00368510115724
83.73024 -0.00368510115724
83.82715 -0.00368510115724
83.92406 -0.00368510115724
84.02097 -0.00368510115724
84.11788 -0.00368510115724
84.21479 -0.00368510115724
84.3117 -0.00368510115724
84.40861 -0.00368510115724
84.50552 -0.00368510115724
84.60243 -0.00368510115724
84.69934 -0.00368510115724
84.79625 -0.00368510115724
84.89316 -0.00368510115724
84.99007 -0.00368510115724
85.08698 -0.00368510115724
85.18389 -0.00368510115724
85.2808 -0.00368510115724
85.37771 -0.00368510115724
85.47462 -0.00368510115724
85.57153 -0.00368510115724
85.66844 -0.00368510115724
85.76535 -0.00368510115724
85.86226 -0.00368510115724
85.95917 -0.00368510115724
86.05608 -0.00368510115724
86.15299 -0.00368510115724
86.2499 -0.00368510115724
86.34681 -0.00368510115724
86.44372 -0.00368510115724
86.54063 -0.00368510115724
86.63754 -0.00368510115724
86.73445 -0.00368510115724
86.83136 -0.00368510115724
86.92827 -0.00368510115724
87.02518 -0.00368510115724
87.12209 -0.00368510115724
87.219 -0.00368510115724
87.31591 -0.00368510115724
87.41282 -0.00368510115724
87.50973 -0.00368510115724
87.60664 -0.00368510115724
87.70355 -0.00368510115724
87.80046 -0.00368510115724
87.89737 -0.00368510115724
87.99428 -0.00368510115724
88.09119 -0.00368510115724
88.1881 -0.00368510115724
88.28501 -0.00368510115724
88.38192 -0.00368510115724
88.47883 -0.00368510115724
88.57574 -0.00368510115724
88.67265 -0.00368510115724
88.76956 -0.00368510115724
88.86647 -0.00368510115724
88.96338 -0.00368510115724
89.06029 -0.00368510115724
89.1572 -0.00368510115724
89.25411 -0.00368510115724
89.35102 -0.00368510115724
89.44793 -0.00368510115724
89.54484 -0.00368510115724
89.64175 -0.00368510115724
89.73866 -0.00368510115724
89.83557 -0.00368510115724
89.93248 -0.00368510115724
90.02939 -0.00368510115724
90.1263 -0.00368510115724
90.22321 -0.00368510115724
90.32012 -0.00368510115724
90.41703 -0.00368510115724
90.51394 -0.00368510115724
90.61085 -0.00368510115724
90.70776 -0.00368510115724
90.80467 -0.00368510115724
90.90158 -0.00368510115724
90.99849 -0.00368510115724
91.0954 -0.00368510115724
91.19231 -0.00368510115724
91.28922 -0.00368510115724
91.38613 -0.00368510115724
91.48304 -0.00368510115724
91.57995 -0.00368510115724
91.67686 -0.00368510115724
91.77377 -0.00368510115724
91.87068 -0.00368510115724
91.96759 -0.00368510115724
92.0645 -0.00368510115724
92.16141 -0.00368510115724
92.25832 -0.00368510115724
92.35523 -0.00368510115724
92.45214 -0.00368510115724
92.54905 -0.00368510115724
92.64596 -0.00368510115724
92.74287 -0.00368510115724
92.83978 -0.00368510115724
92.93669 -0.00368510115724
93.0336 -0.00368510115724
93.13051 -0.00368510115724
93.22742 -0.00368510115724
93.32433 -0.00368510115724
93.42124 -0.00368510115724
93.51815 -0.00368510115724
93.61506 -0.00368510115724
93.71197 -0.00368510115724
93.80888 -0.00368510115724
93.90579 -0.00368510115724
94.0027 -0.00368510115724
94.09961 -0.00368510115724
94.19652 -0.00368510115724
94.29343 -0.00368510115724
94.39034 -0.00368510115724
94.48725 -0.00368510115724
94.58416 -0.00368510115724
94.68107 -0.00368510115724
94.77798 -0.00368510115724
94.87489 -0.00368510115724
94.9718 -0.00368510115724
95.06871 -0.00368510115724
95.16562 -0.00368510115724
95.26253 -0.00368510115724
95.35944 -0.00368510115724
95.45635 -0.00368510115724
95.55326 -0.00368510115724
95.65017 -0.00368510115724
95.74708 -0.00368510115724
95.84399 -0.00368510115724
95.9409 -0.00368510115724
96.03781 -0.00368510115724
96.13472 -0.00368510115724
96.23163 -0.00368510115724
96.32854 -0.00368510115724
96.42545 -0.00368510115724
96.52236 -0.00368510115724
96.61927 -0.00368510115724
96.71618 -0.00368510115724
96.81309 -0.00368510115724
96.91 -0.00368510115724
97.00691 -0.00368510115724
97.10382 -0.00368510115724
97.20073 -0.00368510115724
97.29764 -0.00368510115724
97.39455 -0.00368510115724
97.49146 -0.00368510115724
97.58837 -0.00368510115724
97.68528 -0.00368510115724
97.78219 -0.00368510115724
97.8791 -0.00368510115724
97.97601 -0.00368510115724
98.07292 -0.00368510115724
98.16983 -0.00368510115724
98.26674 -0.00368510115724
98.36365 -0.00368510115724
98.46056 -0.00368510115724
98.55747 -0.00368510115724
98.65438 -0.00368510115724
98.75129 -0.00368510115724
98.8482 -0.00368510115724
98.94511 -0.00368510115724
99.04202 -0.00368510115724
99.13893 -0.00368510115724
