0.0 0.00205187577785
0.09202 0.35681540935
0.18404 0.680861379868
0.27606 0.920563799642
0.36808 1.04128186743
0.4601 1.03727348488
0.55212 0.929565446924
0.64414 0.753869235193
0.73616 0.544606942149
0.82818 0.322058527738
0.9202 0.0884768235676
1.01222 -0.165248767684
1.10424 -0.446196610229
1.19626 -0.745623604941
1.28828 -1.03118554507
1.3803 -1.24982656998
1.47232 -1.34140356043
1.56434 -1.25729486567
1.65636 -0.97407598579
1.74838 -0.496556376846
1.8404 0.144652279158
1.93242 0.892823558497
2.02444 1.66113802165
2.11646 2.33017317014
2.20848 2.75190711572
2.3005 2.76567176152
2.39252 2.23191909794
2.48454 1.08139303742
2.57656 -0.636026915455
2.66858 -2.7237085639
2.7606 -4.84522043957
2.85262 -6.56840348667
2.94464 -7.44227337486
3.03666 -7.09724324411
3.12868 -5.35261180674
3.2207 -2.30412874151
3.31272 1.6450305836
3.40474 5.83747197266
3.49676 9.49591098905
3.58878 11.9023193034
3.6808 12.5691760029
3.77282 11.3539725921
3.86484 8.48605946745
3.95686 4.50011805023
4.04888 0.0966297377718
4.1409 -4.02934245481
4.23292 -7.34040498233
4.32494 -9.54670654553
4.41696 -10.6127449562
4.50898 -10.6908715206
4.601 -10.0161271809
4.69302 -8.80621431202
4.78504 -7.20284049106
4.87706 -5.26988157183
4.96908 -3.03760776658
5.0611 -0.56320719055
5.15312 2.02507380865
5.24514 4.52124096184
5.33716 6.67549115392
5.42918 8.25539748099
5.5212 9.11032189674
5.61322 9.21341910439
5.70524 8.66370663384
5.79726 7.64625221972
5.88928 6.36604042602
5.9813 4.98240988052
6.07332 3.57052909919
6.16534 2.12430313594
6.25736 0.596908873425
6.34938 -1.04102075842
6.4414 -2.75291228171
6.53342 -4.41990310693
6.62544 -5.86426313031
6.71746 -6.90285613747
6.80948 -7.40851165859
6.9015 -7.35441895857
6.99352 -6.82384193192
7.08554 -5.98125427588
7.17756 -5.01626368243
7.26958 -4.08232831511
7.3616 -3.25393284613
7.45362 -2.51779148711
7.54564 -1.79890523524
7.63766 -1.00778249043
7.72968 -0.0873564719104
7.8217 0.959882504922
7.91372 2.07357890339
8.00574 3.1616325172
8.09776 4.13632262762
8.18978 4.9432645882
8.2818 5.57082229169
8.37382 6.03734796075
8.46584 6.36399695164
8.55786 6.54721588957
8.64988 6.54478199889
8.7419 6.28299077902
8.83392 5.68305105338
8.92594 4.69605429733
9.01796 3.33190718502
9.10998 1.67025970142
9.202 -0.150775542191
9.29402 -1.96340525249
9.38604 -3.60552226741
9.47806 -4.95069159504
9.57008 -5.92479870808
9.6621 -6.50768874305
9.75412 -6.72339869841
9.84614 -6.62496733554
9.93816 -6.27922298264
10.03018 -5.75462044903
10.1222 -5.11268008873
10.21422 -4.40212409349
10.30624 -3.65500074918
10.39826 -2.88532159945
10.49028 -2.09157840805
10.5823 -1.26389469427
10.67432 -0.394597172403
10.76634 0.511163399297
10.85836 1.42907009205
10.95038 2.31684088462
11.0424 3.12326848743
11.13442 3.8017265163
11.22644 4.32238036294
11.31846 4.67777512314
11.41048 4.87962163265
11.5025 4.94880947523
11.59452 4.90380214574
11.68654 4.75309701778
11.77856 4.49512481477
11.87058 4.12495343052
11.9626 3.64352135345
12.05462 3.06381491032
12.14664 2.41017114624
12.23866 1.71081822898
12.33068 0.987740529052
12.4227 0.249812503068
12.51472 -0.506223555411
12.60674 -1.28639442201
12.69876 -2.0858662621
12.79078 -2.87797665612
12.8828 -3.61222500043
12.97482 -4.22360959342
13.06684 -4.65036321634
13.15886 -4.85298739065
13.25088 -4.82658801025
13.3429 -4.60135026797
13.43492 -4.23121482228
13.52694 -3.77592815247
13.61896 -3.28421176428
13.71098 -2.7846795614
13.803 -2.28700740584
13.89502 -1.79086188336
13.98704 -1.29670789939
14.07906 -0.812403209394
14.17108 -0.352369221636
14.2631 0.0695372313037
14.35512 0.448836860682
14.44714 0.795432199211
14.53916 1.1313912257
14.63118 1.48195454477
14.7232 1.86379009629
14.81522 2.27599348986
14.90724 2.69801968646
14.99926 3.09539640392
15.09128 3.43046112177
15.1833 3.67327776223
15.27532 3.80825347804
15.36734 3.8344300174
15.45936 3.76058402902
15.55138 3.59850307069
15.6434 3.35808027035
15.73542 3.04625344839
15.82744 2.66934635318
15.91946 2.23645415584
16.01148 1.76114742511
16.1035 1.26002851472
16.19552 0.748740412869
16.28754 0.237678031511
16.37956 -0.270045008907
16.47158 -0.777002212234
16.5636 -1.28682701519
16.65562 -1.79878323375
16.74764 -2.30417473702
16.83966 -2.78623596986
16.93168 -3.22333565581
17.0237 -3.59373048135
17.11572 -3.87957914519
17.20774 -4.06868320405
17.29976 -4.15393620327
17.39178 -4.13180397776
17.4838 -4.00153723621
17.57582 -3.76604261546
17.66784 -3.43392073767
17.75986 -3.02102321937
17.85188 -2.54974767702
17.9439 -2.04534743482
18.03592 -1.53023729162
18.12794 -1.01866630302
18.21996 -0.514359871456
18.31198 -0.0125661053861
18.404 0.494101856231
18.49602 1.00852622216
18.58804 1.52388915417
18.68006 2.02283234375
18.77208 2.48135975812
18.8641 2.8756598766
18.95612 3.18872725676
19.04814 3.41391414339
19.14016 3.55417417937
19.23218 3.61790258942
19.3242 3.61382404584
19.41622 3.54757167464
19.50824 3.42141601561
19.60026 3.23674453278
19.69228 2.99739051569
19.7843 2.71155794223
19.87632 2.39102249597
19.96834 2.04793727421
20.06036 1.69099203217
20.15238 1.32308165012
20.2444 0.941831468939
20.33642 0.542780002543
20.42844 0.12360421693
20.52046 -0.31273648692
20.61248 -0.757411001851
20.7045 -1.19773924581
20.79652 -1.62050855974
20.88854 -2.01469157457
20.98056 -2.37219483055
21.07258 -2.68655466324
21.1646 -2.95079081652
21.25662 -3.15617213727
21.34864 -3.29311664078
21.44066 -3.35413246607
21.53268 -3.33735833208
21.6247 -3.24867389922
21.71672 -3.10090549775
21.80874 -2.91009799508
21.90076 -2.69039289743
21.99278 -2.44988007033
22.0848 -2.18938949386
22.17682 -1.9047344513
22.26884 -1.59116461673
22.36086 -1.24767311733
22.45288 -0.878933630814
22.5449 -0.493963564233
22.63692 -0.102414626198
22.72894 0.289290770677
22.82096 0.679649344902
22.91298 1.07043769002
23.005 1.46242775468
23.09702 1.85066693561
23.18904 2.22192315818
23.28106 2.55592238546
23.37308 2.83015742548
23.4651 3.0262693018
23.55712 3.13520531284
23.64914 3.15894157863
23.74116 3.10821188816
23.83318 2.99755778532
23.9252 2.84016277573
24.01722 2.6448070898
24.10924 2.41599855381
24.20126 2.15660983283
24.29328 1.87109779018
24.3853 1.56723319321
24.47732 1.25525863207
24.56934 0.944943127942
24.66136 0.64225241272
24.75338 0.34762514233
24.8454 0.0570008631412
24.93742 -0.234745322526
25.02944 -0.529631688101
25.12146 -0.82377934084
25.21348 -1.10745295022
25.3055 -1.36796414983
25.39752 -1.59404555602
25.48954 -1.77960852859
25.58156 -1.92516410284
25.67358 -2.03638722906
25.7656 -2.1206951577
25.85762 -2.18358343573
25.94964 -2.2264155511
26.04166 -2.2464888533
26.13368 -2.2390099369
26.2257 -2.19973990325
26.31772 -2.12692984345
26.40974 -2.02175528942
26.50176 -1.88738356264
26.59378 -1.72752954531
26.6858 -1.5454900723
26.77782 -1.34417203099
26.86984 -1.12687570487
26.96186 -0.898043119709
27.05388 -0.663175943767
27.1459 -0.427676954921
27.23792 -0.195140049827
27.32994 0.033873893693
27.42196 0.261628964724
27.51398 0.491322408132
27.606 0.724198536209
27.69802 0.95696298339
27.79004 1.18096523097
27.88206 1.38380432744
27.97408 1.55268419771
28.0661 1.67829058762
28.15812 1.75753357649
28.25014 1.79406238743
28.34216 1.79649216299
28.43418 1.77528505207
28.5262 1.73970594086
28.61822 1.69602651398
28.71024 1.64736612035
28.80226 1.59468805937
28.89428 1.53798110545
28.9863 1.47677537525
29.07832 1.40974729742
29.17034 1.33387444669
29.26236 1.24398303518
29.35438 1.13336595691
29.4464 0.995537162495
29.53842 0.826489352913
29.63044 0.626449648099
29.72246 0.400310235555
29.81448 0.156558245957
29.9065 -0.0947192962919
29.99852 -0.343751673516
30.09054 -0.582063195359
30.18256 -0.802295583784
30.27458 -0.997419112539
30.3666 -1.16030876408
30.45862 -1.284479199
30.55064 -1.36604252762
30.64266 -1.40606834027
30.73468 -1.41199799994
30.8267 -1.39694327331
30.91872 -1.37656522265
31.01074 -1.36438940755
31.10276 -1.36729133827
31.19478 -1.3830169681
31.2868 -1.40087576493
31.37882 -1.4054648778
31.47084 -1.382029378
31.56286 -1.32140389539
31.65488 -1.22270340567
31.7469 -1.09291390096
31.83892 -0.943816210336
31.93094 -0.787686165564
32.02296 -0.633537579247
32.11498 -0.485234633313
32.207 -0.341867493023
32.29902 -0.19982163429
32.39104 -0.0553995240208
32.48306 0.0931373137501
32.57508 0.244750657341
32.6671 0.396020670521
32.75912 0.542250579079
32.85114 0.678642935318
32.94316 0.801106955241
33.03518 0.906597244942
33.1272 0.993146421793
33.21922 1.05981269839
33.31124 1.10664510229
33.40326 1.13460879276
33.49528 1.14535065306
33.5873 1.14077069127
33.67932 1.12253022406
33.77134 1.09174092449
33.86336 1.0490362809
33.95538 0.995028383748
34.0474 0.930907426427
34.13942 0.858803651697
34.23144 0.781606462605
34.32346 0.702208453507
34.41548 0.622478111891
34.5075 0.542477806415
34.59952 0.460398817975
34.69154 0.373378559034
34.78356 0.278934594461
34.87558 0.176410337409
34.9676 0.067760727158
35.05962 -0.0427342903397
35.15164 -0.14976517743
35.24366 -0.248765774554
35.33568 -0.337398970202
35.4277 -0.416107850894
35.51972 -0.487500448924
35.61174 -0.55485207977
35.70376 -0.620383653975
35.79578 -0.684040205937
35.8878 -0.743237797206
35.97982 -0.793607638994
36.07184 -0.830357275013
36.16386 -0.849669281992
36.25588 -0.849630447495
36.3479 -0.830457334432
36.43992 -0.794103725503
36.53194 -0.743550993949
36.62396 -0.682118455168
36.71598 -0.61301068663
36.808 -0.539135863881
36.90002 -0.463087212304
36.99204 -0.387139363604
37.08406 -0.313168085668
37.17608 -0.242501054389
37.2681 -0.17578316361
37.36012 -0.112952345086
37.45214 -0.0533737511904
37.54416 0.00389233610241
37.63618 0.0597669051577
37.7282 0.114860713225
37.82022 0.169274265265
37.91224 0.222508916366
38.00426 0.273484665489
38.09628 0.320659797812
38.1883 0.362255444643
38.28032 0.396579048149
38.37234 0.422401406668
38.46436 0.439286428618
38.55638 0.447738421725
38.6484 0.449057101178
38.74042 0.444886676286
38.83244 0.436581112981
38.92446 0.424619235718
39.01648 0.408326582016
39.1085 0.386068148085
39.20052 0.35589605566
39.29254 0.316444048648
39.38456 0.267743062792
39.47658 0.211644059886
39.5686 0.151672862949
39.66062 0.0923480264487
39.75264 0.0381812852615
39.84466 -0.00732160942077
39.93668 -0.0423629632939
40.0287 -0.0670803425547
40.12072 -0.0832817978836
40.21274 -0.0938125598629
40.30476 -0.101755559926
40.39678 -0.109675969651
40.4888 -0.119074372103
40.58082 -0.130142948517
40.67284 -0.141847773209
40.76486 -0.152298504732
40.85688 -0.159315047859
40.9489 -0.161059402455
41.04092 -0.156577621508
41.13294 -0.14610601197
41.22496 -0.131048786872
41.31698 -0.1136269602
41.409 -0.0963042837447
41.50102 -0.0811746483286
41.59304 -0.0695096253779
41.68506 -0.0616021856766
41.77708 -0.0569254539068
41.8691 -0.0545034297864
41.96112 -0.0533181373638
42.05314 -0.0525862968124
42.14516 -0.0518210850245
42.23718 -0.0507081961513
42.3292 -0.0489139150079
42.42122 -0.0459647638974
42.51324 -0.0412869302392
42.60526 -0.0343992315851
42.69728 -0.0251657048852
42.7893 -0.0139767753812
42.88132 -0.00175768530237
42.97334 0.0102180267379
43.06536 0.0206442142796
43.15738 0.0285065657919
43.2494 0.0332975051531
43.34142 0.0350568565667
43.43344 0.0342496693983
43.52546 0.0315544672399
43.61748 0.0276567526396
43.7095 0.0231197793699
43.80152 0.0183547215219
43.89354 0.0136630697355
43.98556 0.0092984389504
44.07758 0.00550075890097
44.1696 0.00248399853002
44.26162 0.000390556416761
44.35364 -0.000755852056621
44.44566 -0.00106865894347
44.53768 -0.000775459598583
44.6297 -0.000162005792013
44.72172 0.000494659302317
44.81374 0.000980651775715
44.90576 0.00117321392132
44.99778 0.00104083863557
45.0898 0.000623752106759
45.18182 6.19824330436e-06
45.27384 -0.000710224819153
45.36586 -0.00142741169424
45.45788 -0.00206483521556
45.5499 -0.00256780025652
45.64192 -0.00291109474071
45.73394 -0.00309897754101
45.82596 -0.00316217941993
45.91798 -0.00315234835537
46.01 -0.00313398005485
46.10202 -0.00313398005485
46.19404 -0.00313398005485
46.28606 -0.00313398005485
46.37808 -0.00313398005485
46.4701 -0.00313398005485
46.56212 -0.00313398005485
46.65414 -0.00313398005485
46.74616 -0.00313398005485
46.83818 -0.00313398005485
46.9302 -0.00313398005485
47.02222 -0.00313398005485
47.11424 -0.00313398005485
47.20626 -0.00313398005485
47.29828 -0.00313398005485
47.3903 -0.00313398005485
47.48232 -0.00313398005485
47.57434 -0.00313398005485
47.66636 -0.00313398005485
47.75838 -0.00313398005485
47.8504 -0.00313398005485
47.94242 -0.00313398005485
48.03444 -0.00313398005485
48.12646 -0.00313398005485
48.21848 -0.00313398005485
48.3105 -0.00313398005485
48.40252 -0.00313398005485
48.49454 -0.00313398005485
48.58656 -0.00313398005485
48.67858 -0.00313398005485
48.7706 -0.00313398005485
48.86262 -0.00313398005485
48.95464 -0.00313398005485
49.04666 -0.00313398005485
49.13868 -0.00313398005485
49.2307 -0.00313398005485
49.32272 -0.00313398005485
49.41474 -0.00313398005485
49.50676 -0.00313398005485
49.59878 -0.00313398005485
49.6908 -0.00313398005485
49.78282 -0.00313398005485
49.87484 -0.00313398005485
49.96686 -0.00313398005485
50.05888 -0.00313398005485
50.1509 -0.00313398005485
50.24292 -0.00313398005485
50.33494 -0.00313398005485
50.42696 -0.00313398005485
50.51898 -0.00313398005485
50.611 -0.00313398005485
50.70302 -0.00313398005485
50.79504 -0.00313398005485
50.88706 -0.00313398005485
50.97908 -0.00313398005485
51.0711 -0.00313398005485
51.16312 -0.00313398005485
51.25514 -0.00313398005485
51.34716 -0.00313398005485
51.43918 -0.00313398005485
51.5312 -0.00313398005485
51.62322 -0.00313398005485
51.71524 -0.00313398005485
51.80726 -0.00313398005485
51.89928 -0.00313398005485
51.9913 -0.00313398005485
52.08332 -0.00313398005485
52.17534 -0.00313398005485
52.26736 -0.00313398005485
52.35938 -0.00313398005485
52.4514 -0.00313398005485
52.54342 -0.00313398005485
52.63544 -0.00313398005485
52.72746 -0.00313398005485
52.81948 -0.00313398005485
52.9115 -0.00313398005485
53.00352 -0.00313398005485
53.09554 -0.00313398005485
53.18756 -0.00313398005485
53.27958 -0.00313398005485
53.3716 -0.00313398005485
53.46362 -0.00313398005485
53.55564 -0.00313398005485
53.64766 -0.00313398005485
53.73968 -0.00313398005485
53.8317 -0.00313398005485
53.92372 -0.00313398005485
54.01574 -0.00313398005485
54.10776 -0.00313398005485
54.19978 -0.00313398005485
54.2918 -0.00313398005485
54.38382 -0.00313398005485
54.47584 -0.00313398005485
54.56786 -0.00313398005485
54.65988 -0.00313398005485
54.7519 -0.00313398005485
54.84392 -0.00313398005485
54.93594 -0.00313398005485
55.02796 -0.00313398005485
55.11998 -0.00313398005485
55.212 -0.00313398005485
55.30402 -0.00313398005485
55.39604 -0.00313398005485
55.48806 -0.00313398005485
55.58008 -0.00313398005485
55.6721 -0.00313398005485
55.76412 -0.00313398005485
55.85614 -0.00313398005485
55.94816 -0.00313398005485
56.04018 -0.00313398005485
56.1322 -0.00313398005485
56.22422 -0.00313398005485
56.31624 -0.00313398005485
56.40826 -0.00313398005485
56.50028 -0.00313398005485
56.5923 -0.00313398005485
56.68432 -0.00313398005485
56.77634 -0.00313398005485
56.86836 -0.00313398005485
56.96038 -0.00313398005485
57.0524 -0.00313398005485
57.14442 -0.00313398005485
57.23644 -0.00313398005485
57.32846 -0.00313398005485
57.42048 -0.00313398005485
57.5125 -0.00313398005485
57.60452 -0.00313398005485
57.69654 -0.00313398005485
57.78856 -0.00313398005485
57.88058 -0.00313398005485
57.9726 -0.00313398005485
58.06462 -0.00313398005485
58.15664 -0.00313398005485
58.24866 -0.00313398005485
58.34068 -0.00313398005485
58.4327 -0.00313398005485
58.52472 -0.00313398005485
58.61674 -0.00313398005485
58.70876 -0.00313398005485
58.80078 -0.00313398005485
58.8928 -0.00313398005485
58.98482 -0.00313398005485
59.07684 -0.00313398005485
59.16886 -0.00313398005485
59.26088 -0.00313398005485
59.3529 -0.00313398005485
59.44492 -0.00313398005485
59.53694 -0.00313398005485
59.62896 -0.00313398005485
59.72098 -0.00313398005485
59.813 -0.00313398005485
59.90502 -0.00313398005485
59.99704 -0.00313398005485
60.08906 -0.00313398005485
60.18108 -0.00313398005485
60.2731 -0.00313398005485
60.36512 -0.00313398005485
60.45714 -0.00313398005485
60.54916 -0.00313398005485
60.64118 -0.00313398005485
60.7332 -0.00313398005485
60.82522 -0.00313398005485
60.91724 -0.00313398005485
61.00926 -0.00313398005485
61.10128 -0.00313398005485
61.1933 -0.00313398005485
61.28532 -0.00313398005485
61.37734 -0.00313398005485
61.46936 -0.00313398005485
61.56138 -0.00313398005485
61.6534 -0.00313398005485
61.74542 -0.00313398005485
61.83744 -0.00313398005485
61.92946 -0.00313398005485
62.02148 -0.00313398005485
62.1135 -0.00313398005485
62.20552 -0.00313398005485
62.29754 -0.00313398005485
62.38956 -0.00313398005485
62.48158 -0.00313398005485
62.5736 -0.00313398005485
62.66562 -0.00313398005485
62.75764 -0.00313398005485
62.84966 -0.00313398005485
62.94168 -0.00313398005485
63.0337 -0.00313398005485
63.12572 -0.00313398005485
63.21774 -0.00313398005485
63.30976 -0.00313398005485
63.40178 -0.00313398005485
63.4938 -0.00313398005485
63.58582 -0.00313398005485
63.67784 -0.00313398005485
63.76986 -0.00313398005485
63.86188 -0.00313398005485
63.9539 -0.00313398005485
64.04592 -0.00313398005485
64.13794 -0.00313398005485
64.22996 -0.00313398005485
64.32198 -0.00313398005485
64.414 -0.00313398005485
64.50602 -0.00313398005485
64.59804 -0.00313398005485
64.69006 -0.00313398005485
64.78208 -0.00313398005485
64.8741 -0.00313398005485
64.96612 -0.00313398005485
65.05814 -0.00313398005485
65.15016 -0.00313398005485
65.24218 -0.00313398005485
65.3342 -0.00313398005485
65.42622 -0.00313398005485
65.51824 -0.00313398005485
65.61026 -0.00313398005485
65.70228 -0.00313398005485
65.7943 -0.00313398005485
65.88632 -0.00313398005485
65.97834 -0.00313398005485
66.07036 -0.00313398005485
66.16238 -0.00313398005485
66.2544 -0.00313398005485
66.34642 -0.00313398005485
66.43844 -0.00313398005485
66.53046 -0.00313398005485
66.62248 -0.00313398005485
66.7145 -0.00313398005485
66.80652 -0.00313398005485
66.89854 -0.00313398005485
66.99056 -0.00313398005485
67.08258 -0.00313398005485
67.1746 -0.00313398005485
67.26662 -0.00313398005485
67.35864 -0.00313398005485
67.45066 -0.00313398005485
67.54268 -0.00313398005485
67.6347 -0.00313398005485
67.72672 -0.00313398005485
67.81874 -0.00313398005485
67.91076 -0.00313398005485
68.00278 -0.00313398005485
68.0948 -0.00313398005485
68.18682 -0.00313398005485
68.27884 -0.00313398005485
68.37086 -0.00313398005485
68.46288 -0.00313398005485
68.5549 -0.00313398005485
68.64692 -0.00313398005485
68.73894 -0.00313398005485
68.83096 -0.00313398005485
68.92298 -0.00313398005485
69.015 -0.00313398005485
69.10702 -0.00313398005485
69.19904 -0.00313398005485
69.29106 -0.00313398005485
69.38308 -0.00313398005485
69.4751 -0.00313398005485
69.56712 -0.00313398005485
69.65914 -0.00313398005485
69.75116 -0.00313398005485
69.84318 -0.00313398005485
69.9352 -0.00313398005485
70.02722 -0.00313398005485
70.11924 -0.00313398005485
70.21126 -0.00313398005485
70.30328 -0.00313398005485
70.3953 -0.00313398005485
70.48732 -0.00313398005485
70.57934 -0.00313398005485
70.67136 -0.00313398005485
70.76338 -0.00313398005485
70.8554 -0.00313398005485
70.94742 -0.00313398005485
71.03944 -0.00313398005485
71.13146 -0.00313398005485
71.22348 -0.00313398005485
71.3155 -0.00313398005485
71.40752 -0.00313398005485
71.49954 -0.00313398005485
71.59156 -0.00313398005485
71.68358 -0.00313398005485
71.7756 -0.00313398005485
71.86762 -0.00313398005485
71.95964 -0.00313398005485
72.05166 -0.00313398005485
72.14368 -0.00313398005485
72.2357 -0.00313398005485
72.32772 -0.00313398005485
72.41974 -0.00313398005485
72.51176 -0.00313398005485
72.60378 -0.00313398005485
72.6958 -0.00313398005485
72.78782 -0.00313398005485
72.87984 -0.00313398005485
72.97186 -0.00313398005485
73.06388 -0.00313398005485
73.1559 -0.00313398005485
73.24792 -0.00313398005485
73.33994 -0.00313398005485
73.43196 -0.00313398005485
73.52398 -0.00313398005485
73.616 -0.00313398005485
73.70802 -0.00313398005485
73.80004 -0.00313398005485
73.89206 -0.00313398005485
73.98408 -0.00313398005485
74.0761 -0.00313398005485
74.16812 -0.00313398005485
74.26014 -0.00313398005485
74.35216 -0.00313398005485
74.44418 -0.00313398005485
74.5362 -0.00313398005485
74.62822 -0.00313398005485
74.72024 -0.00313398005485
74.81226 -0.00313398005485
74.90428 -0.00313398005485
74.9963 -0.00313398005485
75.08832 -0.00313398005485
75.18034 -0.00313398005485
75.27236 -0.00313398005485
75.36438 -0.00313398005485
75.4564 -0.00313398005485
75.54842 -0.00313398005485
75.64044 -0.00313398005485
75.73246 -0.00313398005485
75.82448 -0.00313398005485
75.9165 -0.00313398005485
76.00852 -0.00313398005485
76.10054 -0.00313398005485
76.19256 -0.00313398005485
76.28458 -0.00313398005485
76.3766 -0.00313398005485
76.46862 -0.00313398005485
76.56064 -0.00313398005485
76.65266 -0.00313398005485
76.74468 -0.00313398005485
76.8367 -0.00313398005485
76.92872 -0.00313398005485
77.02074 -0.00313398005485
77.11276 -0.00313398005485
77.20478 -0.00313398005485
77.2968 -0.00313398005485
77.38882 -0.00313398005485
77.48084 -0.00313398005485
77.57286 -0.00313398005485
77.66488 -0.00313398005485
77.7569 -0.00313398005485
77.84892 -0.00313398005485
77.94094 -0.00313398005485
78.03296 -0.00313398005485
78.12498 -0.00313398005485
78.217 -0.00313398005485
78.30902 -0.00313398005485
78.40104 -0.00313398005485
78.49306 -0.00313398005485
78.58508 -0.00313398005485
78.6771 -0.00313398005485
78.76912 -0.00313398005485
78.86114 -0.00313398005485
78.95316 -0.00313398005485
79.04518 -0.00313398005485
79.1372 -0.00313398005485
79.22922 -0.00313398005485
79.32124 -0.00313398005485
79.41326 -0.00313398005485
79.50528 -0.00313398005485
79.5973 -0.00313398005485
79.68932 -0.00313398005485
79.78134 -0.00313398005485
79.87336 -0.00313398005485
79.96538 -0.00313398005485
80.0574 -0.00313398005485
80.14942 -0.00313398005485
80.24144 -0.00313398005485
80.33346 -0.00313398005485
80.42548 -0.00313398005485
80.5175 -0.00313398005485
80.60952 -0.00313398005485
80.70154 -0.00313398005485
80.79356 -0.00313398005485
80.88558 -0.00313398005485
80.9776 -0.00313398005485
81.06962 -0.00313398005485
81.16164 -0.00313398005485
81.25366 -0.00313398005485
81.34568 -0.00313398005485
81.4377 -0.00313398005485
81.52972 -0.00313398005485
81.62174 -0.00313398005485
81.71376 -0.00313398005485
81.80578 -0.00313398005485
81.8978 -0.00313398005485
81.98982 -0.00313398005485
82.08184 -0.00313398005485
82.17386 -0.00313398005485
82.26588 -0.00313398005485
82.3579 -0.00313398005485
82.44992 -0.00313398005485
82.54194 -0.00313398005485
82.63396 -0.00313398005485
82.72598 -0.00313398005485
82.818 -0.00313398005485
82.91002 -0.00313398005485
83.00204 -0.00313398005485
83.09406 -0.00313398005485
83.18608 -0.00313398005485
83.2781 -0.00313398005485
83.37012 -0.00313398005485
83.46214 -0.00313398005485
83.55416 -0.00313398005485
83.64618 -0.00313398005485
83.7382 -0.00313398005485
83.83022 -0.00313398005485
83.92224 -0.00313398005485
84.01426 -0.00313398005485
84.10628 -0.00313398005485
84.1983 -0.00313398005485
84.29032 -0.00313398005485
84.38234 -0.00313398005485
84.47436 -0.00313398005485
84.56638 -0.00313398005485
84.6584 -0.00313398005485
84.75042 -0.00313398005485
84.84244 -0.00313398005485
84.93446 -0.00313398005485
85.02648 -0.00313398005485
85.1185 -0.00313398005485
85.21052 -0.00313398005485
85.30254 -0.00313398005485
85.39456 -0.00313398005485
85.48658 -0.00313398005485
85.5786 -0.00313398005485
85.67062 -0.00313398005485
85.76264 -0.00313398005485
85.85466 -0.00313398005485
85.94668 -0.00313398005485
86.0387 -0.00313398005485
86.13072 -0.00313398005485
86.22274 -0.00313398005485
86.31476 -0.00313398005485
86.40678 -0.00313398005485
86.4988 -0.00313398005485
86.59082 -0.00313398005485
86.68284 -0.00313398005485
86.77486 -0.00313398005485
86.86688 -0.00313398005485
86.9589 -0.00313398005485
87.05092 -0.00313398005485
87.14294 -0.00313398005485
87.23496 -0.00313398005485
87.32698 -0.00313398005485
87.419 -0.00313398005485
87.51102 -0.00313398005485
87.60304 -0.00313398005485
87.69506 -0.00313398005485
87.78708 -0.00313398005485
87.8791 -0.00313398005485
87.97112 -0.00313398005485
88.06314 -0.00313398005485
88.15516 -0.00313398005485
88.24718 -0.00313398005485
88.3392 -0.00313398005485
88.43122 -0.00313398005485
88.52324 -0.00313398005485
88.61526 -0.00313398005485
88.70728 -0.00313398005485
88.7993 -0.00313398005485
88.89132 -0.00313398005485
88.98334 -0.00313398005485
89.07536 -0.00313398005485
89.16738 -0.00313398005485
89.2594 -0.00313398005485
89.35142 -0.00313398005485
89.44344 -0.00313398005485
89.53546 -0.00313398005485
89.62748 -0.00313398005485
89.7195 -0.00313398005485
89.81152 -0.00313398005485
89.90354 -0.00313398005485
89.99556 -0.00313398005485
90.08758 -0.00313398005485
90.1796 -0.00313398005485
90.27162 -0.00313398005485
90.36364 -0.00313398005485
90.45566 -0.00313398005485
90.54768 -0.00313398005485
90.6397 -0.00313398005485
90.73172 -0.00313398005485
90.82374 -0.00313398005485
90.91576 -0.00313398005485
91.00778 -0.00313398005485
91.0998 -0.00313398005485
91.19182 -0.00313398005485
91.28384 -0.00313398005485
91.37586 -0.00313398005485
91.46788 -0.00313398005485
91.5599 -0.00313398005485
91.65192 -0.00313398005485
91.74394 -0.00313398005485
91.83596 -0.00313398005485
91.92798 -0.00313398005485
92.02 -0.00313398005485
92.11202 -0.00313398005485
92.20404 -0.00313398005485
92.29606 -0.00313398005485
92.38808 -0.00313398005485
92.4801 -0.00313398005485
92.57212 -0.00313398005485
92.66414 -0.00313398005485
92.75616 -0.00313398005485
92.84818 -0.00313398005485
92.9402 -0.00313398005485
93.03222 -0.00313398005485
93.12424 -0.00313398005485
93.21626 -0.00313398005485
93.30828 -0.00313398005485
93.4003 -0.00313398005485
93.49232 -0.00313398005485
93.58434 -0.00313398005485
93.67636 -0.00313398005485
93.76838 -0.00313398005485
93.8604 -0.00313398005485
93.95242 -0.00313398005485
94.04444 -0.00313398005485
94.13646 -0.00313398005485
