0.0 0.0508415131795
0.09503 0.388279707019
0.19006 0.708942026909
0.28509 0.961438178084
0.38012 1.10742708079
0.47515 1.13424674354
0.57018 1.05616872259
0.66521 0.904592194874
0.76024 0.712263058518
0.85527 0.498629498823
0.9503 0.263596266338
1.04533 -0.00685438020206
1.14036 -0.325932888858
1.23539 -0.688751208367
1.33042 -1.06051512455
1.42545 -1.37760304828
1.52048 -1.56377791994
1.61551 -1.55536408391
1.71054 -1.32144617856
1.80557 -0.868577511526
1.9006 -0.234266265941
1.99563 0.519427268649
2.09066 1.30755214492
2.18569 2.02166861233
2.28072 2.53013705973
2.37575 2.68504183568
2.47078 2.3457737987
2.56581 1.42237960038
2.66084 -0.0742840404154
2.75587 -1.99720587178
2.8509 -4.05780153174
2.94593 -5.85487324619
3.04096 -6.93724193405
3.13599 -6.89657408389
3.23102 -5.48103656452
3.32605 -2.70456699457
3.42108 1.09249021413
3.51611 5.27321364303
3.61114 9.03283943914
3.70617 11.5918929339
3.8012 12.3936320998
3.89623 11.2455886808
3.99126 8.36421665153
4.08629 4.311370885
4.18132 -0.157100522195
4.27635 -4.2844700976
4.37138 -7.48913955949
4.46641 -9.47155553547
4.56144 -10.2256384369
4.65647 -9.96404122397
4.7515 -8.99631350952
4.84653 -7.61025434384
4.94156 -5.99832832226
5.03659 -4.24745723593
5.13162 -2.3808468853
5.22665 -0.419556609928
5.32168 1.57042901575
5.41671 3.46574224928
5.51174 5.10890223053
5.60677 6.35360947488
5.7018 7.11104886269
5.79683 7.37702578004
5.89186 7.22767042686
5.98689 6.7842388121
6.08192 6.16132689425
6.17695 5.42107734212
6.27198 4.55413822771
6.36701 3.49662971298
6.46204 2.17635453025
6.55707 0.568213813968
6.6521 -1.26609797172
6.74713 -3.17272453074
6.84216 -4.93833665306
6.93719 -6.34857153469
7.03222 -7.24969345522
7.12725 -7.59021961745
7.22228 -7.42736336627
7.31731 -6.89648520126
7.41234 -6.15585879251
7.50737 -5.32867017425
7.6024 -4.46534694897
7.69743 -3.54104275209
7.79246 -2.48791766168
7.88749 -1.24664853516
7.98252 0.186549516683
8.07755 1.73857696779
8.17258 3.27277554838
8.26761 4.63015898906
8.36264 5.68001118599
8.45767 6.35830340128
8.5527 6.67855232828
8.64773 6.71203954498
8.74276 6.54750963201
8.83779 6.24875144152
8.93282 5.82850730017
9.02785 5.24941272337
9.12288 4.45055078007
9.21791 3.38688675752
9.31294 2.06339246546
9.40797 0.548778889232
9.503 -1.03632545919
9.59803 -2.55042781153
9.69306 -3.86737545467
9.78809 -4.90301649905
9.88312 -5.6239496325
9.97815 -6.03915976594
10.07318 -6.18234357782
10.16821 -6.09468534462
10.26324 -5.81485631074
10.35827 -5.37750401191
10.4533 -4.81654386704
10.54833 -4.16754165119
10.64336 -3.46529036786
10.73839 -2.73699370712
10.83342 -1.99535818747
10.92845 -1.23685707033
11.02348 -0.447897536435
11.11851 0.382815267754
11.21354 1.25122166783
11.30857 2.13069916849
11.4036 2.97474948448
11.49863 3.7287138666
11.59366 4.34504916366
11.68869 4.79511767053
11.78372 5.07263376023
11.87875 5.18839449272
11.97378 5.16016889326
12.06881 5.00349070548
12.16384 4.72781231708
12.25887 4.33888429045
12.3539 3.84443837263
12.44893 3.25847707389
12.54396 2.60070841966
12.63899 1.89110573219
12.73402 1.1430923587
12.82905 0.360294621326
12.92408 -0.459822783555
13.01911 -1.31606979206
13.11414 -2.19208817391
13.20917 -3.04980983795
13.3042 -3.8325048364
13.39923 -4.4775496899
13.49426 -4.93403217166
13.58929 -5.17751613931
13.68432 -5.21529263906
13.77935 -5.07983007409
13.87438 -4.81371629891
13.96941 -4.45332776305
14.06444 -4.01876521012
14.15947 -3.51414575839
14.2545 -2.93695624043
14.34953 -2.29065620483
14.44456 -1.5933661358
14.53959 -0.877874765041
14.63462 -0.182985265295
14.72965 0.459172720914
14.82468 1.03320180732
14.91971 1.54271066928
15.01474 2.00379057615
15.10977 2.43320980948
15.2048 2.83738595245
15.29983 3.20752109599
15.39486 3.52288716559
15.48989 3.76002429281
15.58492 3.9027996667
15.67995 3.94824648006
15.77498 3.90569821725
15.87001 3.79041306454
15.96504 3.61562720159
16.06007 3.38739350335
16.1551 3.10460498596
16.25013 2.76351213897
16.34516 2.36360090469
16.44019 1.91121463539
16.53522 1.41892113879
16.63025 0.901299849278
16.72528 0.36996418718
16.82031 -0.168976472468
16.91534 -0.713343666501
17.01037 -1.26005491097
17.1054 -1.79990770198
17.20043 -2.31523374968
17.29546 -2.78217339017
17.39049 -3.1767950058
17.48552 -3.48214813885
17.58055 -3.69277176957
17.67558 -3.81447853097
17.77061 -3.85967058674
17.86564 -3.84067940235
17.96067 -3.76446924078
18.0557 -3.63110412091
18.15073 -3.43623718533
18.24576 -3.1757578785
18.34079 -2.8497821712
18.43582 -2.46385096629
18.53085 -2.02703938345
18.62588 -1.54856912442
18.72091 -1.03536127348
18.81594 -0.492302058568
18.91097 0.0747645904885
19.006 0.655111280687
19.10103 1.23084853536
19.19606 1.77815576783
19.29109 2.2720349976
19.38612 2.69263673677
19.48115 3.03021890841
19.57618 3.28634384745
19.67121 3.47071907129
19.76624 3.59519536074
19.86127 3.66775308148
19.9563 3.68917993362
20.05133 3.65369324587
20.14636 3.55279264295
20.24139 3.38017484989
20.33642 3.13530048748
20.43145 2.82418907273
20.52648 2.45760106936
20.62151 2.04804764677
20.71654 1.60739281696
20.81157 1.14610628592
20.9066 0.674001781532
21.00163 0.201326752612
21.09666 -0.261071746191
21.19169 -0.703044321336
21.28672 -1.11731271869
21.38175 -1.50113780279
21.47678 -1.8561613325
21.57181 -2.18603013906
21.66684 -2.49269543203
21.76187 -2.77317221766
21.8569 -3.01849562269
21.95193 -3.21559395457
22.04696 -3.35133295849
22.14199 -3.4168582902
22.23702 -3.41019108358
22.33205 -3.33591988529
22.42708 -3.20231390494
22.52211 -3.01747206755
22.61714 -2.78654232123
22.71217 -2.51138948657
22.8072 -2.19272545979
22.90223 -1.83337855557
22.99726 -1.44077466537
23.09229 -1.02713484564
23.18732 -0.607113842069
23.28235 -0.193958402445
23.37738 0.20395238212
23.47241 0.584499350021
23.56744 0.950483459799
23.66247 1.3062113947
23.7575 1.65361612055
23.85253 1.98965167266
23.94756 2.30599452643
24.04259 2.59094520512
24.13762 2.83244465498
24.23265 3.02076457645
24.32768 3.14980994494
24.42271 3.21681538748
24.51774 3.22104679505
24.61277 3.16251566916
24.7078 3.04152667035
24.80283 2.85927926606
24.89786 2.61909850994
24.99289 2.32752404195
25.08792 1.99458517726
25.18295 1.63302463655
25.27798 1.25673306722
25.37301 0.878956291103
25.46804 0.510821732657
25.56307 0.160474179557
25.6581 -0.167193814581
25.75313 -0.470404510429
25.84816 -0.750115811214
25.94319 -1.0094234999
26.03822 -1.25265514824
26.13325 -1.48409932159
26.22828 -1.70650031471
26.32331 -1.91968007184
26.41834 -2.11976846523
26.51337 -2.299422794
26.6084 -2.4491069741
26.70343 -2.55910912758
26.79846 -2.62168463195
26.89349 -2.63265883218
26.98852 -2.5920336318
27.08355 -2.5035149855
27.17858 -2.37324523475
27.27361 -2.20823573318
27.36864 -2.01499177782
27.46367 -1.79865081854
27.5587 -1.56272880666
27.65373 -1.30939522188
27.74876 -1.04011983951
27.84379 -0.756527317174
27.93882 -0.461298904045
28.03385 -0.158934852407
28.12888 0.143848140085
28.22391 0.438304045866
28.31894 0.714542449103
28.41397 0.963017196285
28.509 1.17628618818
28.60403 1.35046671755
28.69906 1.48611966955
28.79409 1.58820485083
28.88912 1.66485867577
28.98415 1.72553386189
29.07918 1.77891005897
29.17421 1.83104853035
29.26924 1.88414058778
29.36427 1.93602961263
29.4593 1.98054226737
29.55433 2.00856854366
29.64936 2.00975462973
29.74439 1.97457468125
29.83942 1.89641780399
29.93445 1.77321327687
30.02948 1.60810899123
30.12451 1.4088899565
30.21954 1.1861757018
30.31457 0.950865125036
30.4096 0.711628505899
30.50463 0.473307665549
30.59966 0.236802537142
30.69469 0.000474544374416
30.78972 -0.237501266614
30.88475 -0.476792366623
30.97978 -0.713527287185
31.07481 -0.940425345844
31.16984 -1.14835317672
31.26487 -1.32864396759
31.3599 -1.47524302703
31.45493 -1.58588415151
31.54996 -1.66196629483
31.64499 -1.70735695945
31.74002 -1.72674166964
31.83505 -1.72421266717
31.93008 -1.70255523877
32.02511 -1.66330049168
32.12014 -1.60727388591
32.21517 -1.53522853591
32.3102 -1.44823846246
32.40523 -1.34774936129
32.50026 -1.23539948781
32.59529 -1.11281732159
32.69032 -0.981548386386
32.78535 -0.84312242074
32.88038 -0.699147931252
32.97541 -0.551295296338
33.07044 -0.401114457365
33.16547 -0.249769376576
33.2605 -0.0978666741799
33.35553 0.0544576069212
33.45056 0.207153063435
33.54559 0.359699541631
33.64062 0.510623997097
33.73565 0.657324331761
33.83068 0.796302158233
33.92571 0.923717771057
34.02074 1.03603690748
34.11577 1.13051547256
34.2108 1.20537257504
34.30583 1.25967064915
34.40086 1.29305849487
34.49589 1.30556669058
34.59092 1.29756660456
34.68595 1.26987067774
34.78098 1.22384750946
34.87601 1.16141215715
34.97104 1.08483337212
35.06607 0.996421403638
35.1611 0.898245895086
35.25613 0.792029948419
35.35116 0.679274105742
35.44619 0.561535338901
35.54122 0.440694568493
35.63625 0.319044213126
35.73128 0.199117418752
35.82631 0.0833149825592
35.92134 -0.0265071906942
36.01637 -0.12930442466
36.1114 -0.224849696137
36.20643 -0.313493003699
36.30146 -0.395798710023
36.39649 -0.472224081637
36.49152 -0.542949536215
36.58655 -0.607863039426
36.68158 -0.666605666412
36.77661 -0.718563340723
36.87164 -0.762757583653
36.96667 -0.7977051074
37.0617 -0.821405531214
37.15673 -0.831609958676
37.25176 -0.826403644433
37.34679 -0.804954267588
37.44182 -0.768129872493
37.53685 -0.71866904908
37.63188 -0.660725256172
37.72691 -0.598860365753
37.82194 -0.536817929155
37.91697 -0.476540326855
38.012 -0.417830907157
38.10703 -0.358816412705
38.20206 -0.297037244313
38.29709 -0.230727138298
38.39212 -0.159760703192
38.48715 -0.0858886887103
38.58218 -0.0121879453772
38.67721 0.0580090535534
38.77224 0.12222209785
38.86727 0.179484753723
38.9623 0.230291559774
39.05733 0.275895463131
39.15236 0.317315859096
39.24739 0.354541168551
39.34242 0.386306895786
39.43745 0.410552453419
39.53248 0.425340230017
39.62751 0.429807740608
39.72254 0.424713653265
39.81757 0.412329191796
39.9126 0.395723104974
40.00763 0.377751605367
40.10266 0.360177411998
40.19769 0.343262738016
40.29272 0.325958114699
40.38775 0.306552121686
40.48278 0.28347257145
40.57781 0.255906274368
40.67284 0.224026240218
40.76787 0.188811074986
40.8629 0.151614608314
40.95793 0.11371954158
41.05296 0.0760669728728
41.14799 0.0392319844433
41.24302 0.00358492730238
41.33805 -0.0304965511735
41.43308 -0.0624913416149
41.52811 -0.0917297983319
41.62314 -0.117490769002
41.71817 -0.139123950704
41.8132 -0.156130289836
41.90823 -0.168183677558
42.00326 -0.175129059208
42.09829 -0.17700861177
42.19332 -0.17413811376
42.28835 -0.167200990991
42.38338 -0.157286313998
42.47841 -0.145800665941
42.57344 -0.134236495655
42.66847 -0.123854853492
42.7635 -0.115396138883
42.85853 -0.108935236497
42.95356 -0.103941948554
43.04859 -0.0995204073115
43.14362 -0.094726086074
43.23865 -0.0888337014456
43.33368 -0.081464911048
43.42871 -0.0725605850475
43.52374 -0.062257736681
43.61877 -0.0507671597111
43.7138 -0.0383282488334
43.80883 -0.0252566614348
43.90386 -0.012034501259
43.99889 0.000640761421521
44.09392 0.0119146926341
44.18895 0.0209488712367
44.28398 0.0271486117682
44.37901 0.0303474540999
44.47404 0.0308624809239
44.56907 0.0293909066844
44.6641 0.0267898967508
44.75913 0.0238318327683
44.85416 0.021032046213
44.94919 0.0186054197048
45.04422 0.0165450620802
45.13925 0.0147629625208
45.23428 0.0132139293314
45.32931 0.0119454654432
45.42434 0.0110624234586
45.51937 0.0106405767463
45.6144 0.0106453762957
45.70943 0.0109031259505
45.80446 0.0111401246059
45.89949 0.0110696761342
45.99452 0.0104853994417
46.08955 0.00932057207449
46.18458 0.00765339583749
46.27961 0.00566445633699
46.37464 0.00357158554174
46.46967 0.0015711434157
46.5647 -0.000195408085075
46.65973 -0.0016469705223
46.75476 -0.00275059477823
46.84979 -0.00350591179052
46.94482 -0.00393592101805
47.03985 -0.00408537340979
47.13488 -0.0040214168243
47.22991 -0.00382986922906
47.32494 -0.00360403929708
47.41997 -0.00342829705211
47.515 -0.00336213387236
47.61003 -0.00336213387236
47.70506 -0.00336213387236
47.80009 -0.00336213387236
47.89512 -0.00336213387236
47.99015 -0.00336213387236
48.08518 -0.00336213387236
48.18021 -0.00336213387236
48.27524 -0.00336213387236
48.37027 -0.00336213387236
48.4653 -0.00336213387236
48.56033 -0.00336213387236
48.65536 -0.00336213387236
48.75039 -0.00336213387236
48.84542 -0.00336213387236
48.94045 -0.00336213387236
49.03548 -0.00336213387236
49.13051 -0.00336213387236
49.22554 -0.00336213387236
49.32057 -0.00336213387236
49.4156 -0.00336213387236
49.51063 -0.00336213387236
49.60566 -0.00336213387236
49.70069 -0.00336213387236
49.79572 -0.00336213387236
49.89075 -0.00336213387236
49.98578 -0.00336213387236
50.08081 -0.00336213387236
50.17584 -0.00336213387236
50.27087 -0.00336213387236
50.3659 -0.00336213387236
50.46093 -0.00336213387236
50.55596 -0.00336213387236
50.65099 -0.00336213387236
50.74602 -0.00336213387236
50.84105 -0.00336213387236
50.93608 -0.00336213387236
51.03111 -0.00336213387236
51.12614 -0.00336213387236
51.22117 -0.00336213387236
51.3162 -0.00336213387236
51.41123 -0.00336213387236
51.50626 -0.00336213387236
51.60129 -0.00336213387236
51.69632 -0.00336213387236
51.79135 -0.00336213387236
51.88638 -0.00336213387236
51.98141 -0.00336213387236
52.07644 -0.00336213387236
52.17147 -0.00336213387236
52.2665 -0.00336213387236
52.36153 -0.00336213387236
52.45656 -0.00336213387236
52.55159 -0.00336213387236
52.64662 -0.00336213387236
52.74165 -0.00336213387236
52.83668 -0.00336213387236
52.93171 -0.00336213387236
53.02674 -0.00336213387236
53.12177 -0.00336213387236
53.2168 -0.00336213387236
53.31183 -0.00336213387236
53.40686 -0.00336213387236
53.50189 -0.00336213387236
53.59692 -0.00336213387236
53.69195 -0.00336213387236
53.78698 -0.00336213387236
53.88201 -0.00336213387236
53.97704 -0.00336213387236
54.07207 -0.00336213387236
54.1671 -0.00336213387236
54.26213 -0.00336213387236
54.35716 -0.00336213387236
54.45219 -0.00336213387236
54.54722 -0.00336213387236
54.64225 -0.00336213387236
54.73728 -0.00336213387236
54.83231 -0.00336213387236
54.92734 -0.00336213387236
55.02237 -0.00336213387236
55.1174 -0.00336213387236
55.21243 -0.00336213387236
55.30746 -0.00336213387236
55.40249 -0.00336213387236
55.49752 -0.00336213387236
55.59255 -0.00336213387236
55.68758 -0.00336213387236
55.78261 -0.00336213387236
55.87764 -0.00336213387236
55.97267 -0.00336213387236
56.0677 -0.00336213387236
56.16273 -0.00336213387236
56.25776 -0.00336213387236
56.35279 -0.00336213387236
56.44782 -0.00336213387236
56.54285 -0.00336213387236
56.63788 -0.00336213387236
56.73291 -0.00336213387236
56.82794 -0.00336213387236
56.92297 -0.00336213387236
57.018 -0.00336213387236
57.11303 -0.00336213387236
57.20806 -0.00336213387236
57.30309 -0.00336213387236
57.39812 -0.00336213387236
57.49315 -0.00336213387236
57.58818 -0.00336213387236
57.68321 -0.00336213387236
57.77824 -0.00336213387236
57.87327 -0.00336213387236
57.9683 -0.00336213387236
58.06333 -0.00336213387236
58.15836 -0.00336213387236
58.25339 -0.00336213387236
58.34842 -0.00336213387236
58.44345 -0.00336213387236
58.53848 -0.00336213387236
58.63351 -0.00336213387236
58.72854 -0.00336213387236
58.82357 -0.00336213387236
58.9186 -0.00336213387236
59.01363 -0.00336213387236
59.10866 -0.00336213387236
59.20369 -0.00336213387236
59.29872 -0.00336213387236
59.39375 -0.00336213387236
59.48878 -0.00336213387236
59.58381 -0.00336213387236
59.67884 -0.00336213387236
59.77387 -0.00336213387236
59.8689 -0.00336213387236
59.96393 -0.00336213387236
60.05896 -0.00336213387236
60.15399 -0.00336213387236
60.24902 -0.00336213387236
60.34405 -0.00336213387236
60.43908 -0.00336213387236
60.53411 -0.00336213387236
60.62914 -0.00336213387236
60.72417 -0.00336213387236
60.8192 -0.00336213387236
60.91423 -0.00336213387236
61.00926 -0.00336213387236
61.10429 -0.00336213387236
61.19932 -0.00336213387236
61.29435 -0.00336213387236
61.38938 -0.00336213387236
61.48441 -0.00336213387236
61.57944 -0.00336213387236
61.67447 -0.00336213387236
61.7695 -0.00336213387236
61.86453 -0.00336213387236
61.95956 -0.00336213387236
62.05459 -0.00336213387236
62.14962 -0.00336213387236
62.24465 -0.00336213387236
62.33968 -0.00336213387236
62.43471 -0.00336213387236
62.52974 -0.00336213387236
62.62477 -0.00336213387236
62.7198 -0.00336213387236
62.81483 -0.00336213387236
62.90986 -0.00336213387236
63.00489 -0.00336213387236
63.09992 -0.00336213387236
63.19495 -0.00336213387236
63.28998 -0.00336213387236
63.38501 -0.00336213387236
63.48004 -0.00336213387236
63.57507 -0.00336213387236
63.6701 -0.00336213387236
63.76513 -0.00336213387236
63.86016 -0.00336213387236
63.95519 -0.00336213387236
64.05022 -0.00336213387236
64.14525 -0.00336213387236
64.24028 -0.00336213387236
64.33531 -0.00336213387236
64.43034 -0.00336213387236
64.52537 -0.00336213387236
64.6204 -0.00336213387236
64.71543 -0.00336213387236
64.81046 -0.00336213387236
64.90549 -0.00336213387236
65.00052 -0.00336213387236
65.09555 -0.00336213387236
65.19058 -0.00336213387236
65.28561 -0.00336213387236
65.38064 -0.00336213387236
65.47567 -0.00336213387236
65.5707 -0.00336213387236
65.66573 -0.00336213387236
65.76076 -0.00336213387236
65.85579 -0.00336213387236
65.95082 -0.00336213387236
66.04585 -0.00336213387236
66.14088 -0.00336213387236
66.23591 -0.00336213387236
66.33094 -0.00336213387236
66.42597 -0.00336213387236
66.521 -0.00336213387236
66.61603 -0.00336213387236
66.71106 -0.00336213387236
66.80609 -0.00336213387236
66.90112 -0.00336213387236
66.99615 -0.00336213387236
67.09118 -0.00336213387236
67.18621 -0.00336213387236
67.28124 -0.00336213387236
67.37627 -0.00336213387236
67.4713 -0.00336213387236
67.56633 -0.00336213387236
67.66136 -0.00336213387236
67.75639 -0.00336213387236
67.85142 -0.00336213387236
67.94645 -0.00336213387236
68.04148 -0.00336213387236
68.13651 -0.00336213387236
68.23154 -0.00336213387236
68.32657 -0.00336213387236
68.4216 -0.00336213387236
68.51663 -0.00336213387236
68.61166 -0.00336213387236
68.70669 -0.00336213387236
68.80172 -0.00336213387236
68.89675 -0.00336213387236
68.99178 -0.00336213387236
69.08681 -0.00336213387236
69.18184 -0.00336213387236
69.27687 -0.00336213387236
69.3719 -0.00336213387236
69.46693 -0.00336213387236
69.56196 -0.00336213387236
69.65699 -0.00336213387236
69.75202 -0.00336213387236
69.84705 -0.00336213387236
69.94208 -0.00336213387236
70.03711 -0.00336213387236
70.13214 -0.00336213387236
70.22717 -0.00336213387236
70.3222 -0.00336213387236
70.41723 -0.00336213387236
70.51226 -0.00336213387236
70.60729 -0.00336213387236
70.70232 -0.00336213387236
70.79735 -0.00336213387236
70.89238 -0.00336213387236
70.98741 -0.00336213387236
71.08244 -0.00336213387236
71.17747 -0.00336213387236
71.2725 -0.00336213387236
71.36753 -0.00336213387236
71.46256 -0.00336213387236
71.55759 -0.00336213387236
71.65262 -0.00336213387236
71.74765 -0.00336213387236
71.84268 -0.00336213387236
71.93771 -0.00336213387236
72.03274 -0.00336213387236
72.12777 -0.00336213387236
72.2228 -0.00336213387236
72.31783 -0.00336213387236
72.41286 -0.00336213387236
72.50789 -0.00336213387236
72.60292 -0.00336213387236
72.69795 -0.00336213387236
72.79298 -0.00336213387236
72.88801 -0.00336213387236
72.98304 -0.00336213387236
73.07807 -0.00336213387236
73.1731 -0.00336213387236
73.26813 -0.00336213387236
73.36316 -0.00336213387236
73.45819 -0.00336213387236
73.55322 -0.00336213387236
73.64825 -0.00336213387236
73.74328 -0.00336213387236
73.83831 -0.00336213387236
73.93334 -0.00336213387236
74.02837 -0.00336213387236
74.1234 -0.00336213387236
74.21843 -0.00336213387236
74.31346 -0.00336213387236
74.40849 -0.00336213387236
74.50352 -0.00336213387236
74.59855 -0.00336213387236
74.69358 -0.00336213387236
74.78861 -0.00336213387236
74.88364 -0.00336213387236
74.97867 -0.00336213387236
75.0737 -0.00336213387236
75.16873 -0.00336213387236
75.26376 -0.00336213387236
75.35879 -0.00336213387236
75.45382 -0.00336213387236
75.54885 -0.00336213387236
75.64388 -0.00336213387236
75.73891 -0.00336213387236
75.83394 -0.00336213387236
75.92897 -0.00336213387236
76.024 -0.00336213387236
76.11903 -0.00336213387236
76.21406 -0.00336213387236
76.30909 -0.00336213387236
76.40412 -0.00336213387236
76.49915 -0.00336213387236
76.59418 -0.00336213387236
76.68921 -0.00336213387236
76.78424 -0.00336213387236
76.87927 -0.00336213387236
76.9743 -0.00336213387236
77.06933 -0.00336213387236
77.16436 -0.00336213387236
77.25939 -0.00336213387236
77.35442 -0.00336213387236
77.44945 -0.00336213387236
77.54448 -0.00336213387236
77.63951 -0.00336213387236
77.73454 -0.00336213387236
77.82957 -0.00336213387236
77.9246 -0.00336213387236
78.01963 -0.00336213387236
78.11466 -0.00336213387236
78.20969 -0.00336213387236
78.30472 -0.00336213387236
78.39975 -0.00336213387236
78.49478 -0.00336213387236
78.58981 -0.00336213387236
78.68484 -0.00336213387236
78.77987 -0.00336213387236
78.8749 -0.00336213387236
78.96993 -0.00336213387236
79.06496 -0.00336213387236
79.15999 -0.00336213387236
79.25502 -0.00336213387236
79.35005 -0.00336213387236
79.44508 -0.00336213387236
79.54011 -0.00336213387236
79.63514 -0.00336213387236
79.73017 -0.00336213387236
79.8252 -0.00336213387236
79.92023 -0.00336213387236
80.01526 -0.00336213387236
80.11029 -0.00336213387236
80.20532 -0.00336213387236
80.30035 -0.00336213387236
80.39538 -0.00336213387236
80.49041 -0.00336213387236
80.58544 -0.00336213387236
80.68047 -0.00336213387236
80.7755 -0.00336213387236
80.87053 -0.00336213387236
80.96556 -0.00336213387236
81.06059 -0.00336213387236
81.15562 -0.00336213387236
81.25065 -0.00336213387236
81.34568 -0.00336213387236
81.44071 -0.00336213387236
81.53574 -0.00336213387236
81.63077 -0.00336213387236
81.7258 -0.00336213387236
81.82083 -0.00336213387236
81.91586 -0.00336213387236
82.01089 -0.00336213387236
82.10592 -0.00336213387236
82.20095 -0.00336213387236
82.29598 -0.00336213387236
82.39101 -0.00336213387236
82.48604 -0.00336213387236
82.58107 -0.00336213387236
82.6761 -0.00336213387236
82.77113 -0.00336213387236
82.86616 -0.00336213387236
82.96119 -0.00336213387236
83.05622 -0.00336213387236
83.15125 -0.00336213387236
83.24628 -0.00336213387236
83.34131 -0.00336213387236
83.43634 -0.00336213387236
83.53137 -0.00336213387236
83.6264 -0.00336213387236
83.72143 -0.00336213387236
83.81646 -0.00336213387236
83.91149 -0.00336213387236
84.00652 -0.00336213387236
84.10155 -0.00336213387236
84.19658 -0.00336213387236
84.29161 -0.00336213387236
84.38664 -0.00336213387236
84.48167 -0.00336213387236
84.5767 -0.00336213387236
84.67173 -0.00336213387236
84.76676 -0.00336213387236
84.86179 -0.00336213387236
84.95682 -0.00336213387236
85.05185 -0.00336213387236
85.14688 -0.00336213387236
85.24191 -0.00336213387236
85.33694 -0.00336213387236
85.43197 -0.00336213387236
85.527 -0.00336213387236
85.62203 -0.00336213387236
85.71706 -0.00336213387236
85.81209 -0.00336213387236
85.90712 -0.00336213387236
86.00215 -0.00336213387236
86.09718 -0.00336213387236
86.19221 -0.00336213387236
86.28724 -0.00336213387236
86.38227 -0.00336213387236
86.4773 -0.00336213387236
86.57233 -0.00336213387236
86.66736 -0.00336213387236
86.76239 -0.00336213387236
86.85742 -0.00336213387236
86.95245 -0.00336213387236
87.04748 -0.00336213387236
87.14251 -0.00336213387236
87.23754 -0.00336213387236
87.33257 -0.00336213387236
87.4276 -0.00336213387236
87.52263 -0.00336213387236
87.61766 -0.00336213387236
87.71269 -0.00336213387236
87.80772 -0.00336213387236
87.90275 -0.00336213387236
87.99778 -0.00336213387236
88.09281 -0.00336213387236
88.18784 -0.00336213387236
88.28287 -0.00336213387236
88.3779 -0.00336213387236
88.47293 -0.00336213387236
88.56796 -0.00336213387236
88.66299 -0.00336213387236
88.75802 -0.00336213387236
88.85305 -0.00336213387236
88.94808 -0.00336213387236
89.04311 -0.00336213387236
89.13814 -0.00336213387236
89.23317 -0.00336213387236
89.3282 -0.00336213387236
89.42323 -0.00336213387236
89.51826 -0.00336213387236
89.61329 -0.00336213387236
89.70832 -0.00336213387236
89.80335 -0.00336213387236
89.89838 -0.00336213387236
89.99341 -0.00336213387236
90.08844 -0.00336213387236
90.18347 -0.00336213387236
90.2785 -0.00336213387236
90.37353 -0.00336213387236
90.46856 -0.00336213387236
90.56359 -0.00336213387236
90.65862 -0.00336213387236
90.75365 -0.00336213387236
90.84868 -0.00336213387236
90.94371 -0.00336213387236
91.03874 -0.00336213387236
91.13377 -0.00336213387236
91.2288 -0.00336213387236
91.32383 -0.00336213387236
91.41886 -0.00336213387236
91.51389 -0.00336213387236
91.60892 -0.00336213387236
91.70395 -0.00336213387236
91.79898 -0.00336213387236
91.89401 -0.00336213387236
91.98904 -0.00336213387236
92.08407 -0.00336213387236
92.1791 -0.00336213387236
92.27413 -0.00336213387236
92.36916 -0.00336213387236
92.46419 -0.00336213387236
92.55922 -0.00336213387236
92.65425 -0.00336213387236
92.74928 -0.00336213387236
92.84431 -0.00336213387236
92.93934 -0.00336213387236
93.03437 -0.00336213387236
93.1294 -0.00336213387236
93.22443 -0.00336213387236
93.31946 -0.00336213387236
93.41449 -0.00336213387236
93.50952 -0.00336213387236
93.60455 -0.00336213387236
93.69958 -0.00336213387236
93.79461 -0.00336213387236
93.88964 -0.00336213387236
93.98467 -0.00336213387236
94.0797 -0.00336213387236
94.17473 -0.00336213387236
94.26976 -0.00336213387236
94.36479 -0.00336213387236
94.45982 -0.00336213387236
94.55485 -0.00336213387236
94.64988 -0.00336213387236
94.74491 -0.00336213387236
94.83994 -0.00336213387236
94.93497 -0.00336213387236
95.03 -0.00336213387236
95.12503 -0.00336213387236
95.22006 -0.00336213387236
95.31509 -0.00336213387236
95.41012 -0.00336213387236
95.50515 -0.00336213387236
95.60018 -0.00336213387236
95.69521 -0.00336213387236
95.79024 -0.00336213387236
95.88527 -0.00336213387236
95.9803 -0.00336213387236
96.07533 -0.00336213387236
96.17036 -0.00336213387236
96.26539 -0.00336213387236
96.36042 -0.00336213387236
96.45545 -0.00336213387236
96.55048 -0.00336213387236
96.64551 -0.00336213387236
96.74054 -0.00336213387236
96.83557 -0.00336213387236
96.9306 -0.00336213387236
97.02563 -0.00336213387236
97.12066 -0.00336213387236
97.21569 -0.00336213387236
