0.0 -0.237020955651
0.096905 0.0993261354056
0.19381 0.435688850798
0.290715 0.721448656403
0.38762 0.918048254521
0.484525 1.01017868643
0.58143 1.00662569035
0.678335 0.931847367403
0.77524 0.812847883551
0.872145 0.66668927506
0.96905 0.494173425668
1.065955 0.282760432402
1.16286 0.0173246433604
1.259765 -0.305123568502
1.35667 -0.662411128305
1.453575 -1.0030922693
1.55048 -1.25598845504
1.647385 -1.35088156652
1.74429 -1.23866052066
1.841195 -0.900287726446
1.9381 -0.347642712168
2.035005 0.374342416323
2.13191 1.18277107715
2.228815 1.95475858557
2.32572 2.53219228268
2.422625 2.7370168639
2.51953 2.4042741033
2.616435 1.43345012352
2.71334 -0.157318685206
2.810245 -2.19750600281
2.90715 -4.36534161313
3.004055 -6.22528904892
3.10096 -7.29822373755
3.197865 -7.16015019079
3.29477 -5.56159963311
3.391675 -2.54303969304
3.48858 1.50184314973
3.585485 5.86362325469
3.68239 9.66702155575
3.779295 12.0931484922
3.8762 12.6010470289
3.973105 11.0746309526
4.07001 7.84721218849
4.166915 3.59680921602
4.26382 -0.852540415018
4.360725 -4.7574629249
4.45763 -7.63462657454
4.554535 -9.33544031843
4.65144 -9.99926838886
4.748345 -9.91673194447
4.84525 -9.36837593536
4.942155 -8.50739345868
5.03906 -7.33008151097
5.135965 -5.73590679319
5.23287 -3.63761219711
5.329775 -1.06134819924
5.42668 1.81182760539
5.523585 4.67770886193
5.62049 7.19309660338
5.717395 9.07169872773
5.8143 10.152034907
5.911205 10.4148451045
6.00811 9.95119303892
6.105015 8.9025809133
6.20192 7.40393816834
6.298825 5.55538961703
6.39573 3.43170326249
6.492635 1.11776371526
6.58954 -1.25532742777
6.686445 -3.49904883128
6.78335 -5.39372589474
6.880255 -6.7448082298
6.97716 -7.44454095538
7.074065 -7.50971973985
7.17097 -7.07652898174
7.267875 -6.3531633258
7.36478 -5.54958967278
7.461685 -4.81246056029
7.55859 -4.18934170766
7.655495 -3.63301178419
7.7524 -3.04024274937
7.849305 -2.30693950693
7.94621 -1.37672463259
8.043115 -0.264642138267
8.14002 0.950607229956
8.236925 2.15898245197
8.33383 3.25933136503
8.430735 4.18926008949
8.52764 4.93333113735
8.624545 5.50960952126
8.72145 5.94409324267
8.818355 6.24619274595
8.91526 6.39579135065
9.012165 6.3457303958
9.10907 6.03662704246
9.205975 5.41705796654
9.30288 4.46203508267
9.399785 3.18496656418
9.49669 1.64114672162
9.593595 -0.0766701073029
9.6905 -1.8485391548
9.787405 -3.54118615074
9.88431 -5.02359201611
9.981215 -6.18279237405
10.07812 -6.93850428427
10.175025 -7.25463697602
10.27193 -7.14481596761
10.368835 -6.66904264263
10.46574 -5.92053638319
10.562645 -5.00529466699
10.65955 -4.02008767993
10.756455 -3.03550269507
10.85336 -2.08882142753
10.950265 -1.18784269998
11.04717 -0.322778629056
11.144075 0.519283566519
11.24098 1.34302274823
11.337885 2.13999319566
11.43479 2.89017595961
11.531695 3.5673586463
11.6286 4.14501500833
11.725505 4.60032431419
11.82241 4.9158103181
11.919315 5.07978787948
12.01622 5.08730583139
12.113125 4.94215422604
12.21003 4.65858948049
12.306935 4.26031803846
12.40384 3.77510410071
12.500745 3.22588096489
12.59765 2.62201492876
12.694555 1.95561691796
12.79146 1.20641250696
12.888365 0.354942043112
12.98527 -0.600552600858
13.082175 -1.63093662319
13.17908 -2.67343658224
13.275985 -3.64207024408
13.37289 -4.4482901097
13.469795 -5.02417245443
13.5667 -5.33908070928
13.663605 -5.40343560735
13.76051 -5.25882940087
13.857415 -4.95956755457
13.95432 -4.55402647576
14.051225 -4.07347591927
14.14813 -3.53177052951
14.245035 -2.93383197376
14.34194 -2.28689097067
14.438845 -1.60788478291
14.53575 -0.923231972606
14.632655 -0.261729414129
14.72956 0.354935308171
14.826465 0.918514221002
14.92337 1.43385007555
15.020275 1.91213527015
15.11718 2.36150661504
15.214085 2.77994965902
15.31099 3.15400361279
15.407895 3.46351975387
15.5048 3.68959142936
15.601705 3.82141749153
15.69861 3.85886829452
15.795515 3.81014054095
15.89242 3.68653407283
15.989325 3.49759738717
16.08623 3.24914148728
16.183135 2.94455257666
16.28004 2.58779276213
16.376945 2.18568225384
16.47385 1.74787634432
16.570755 1.28473512419
16.66766 0.804814170207
16.764565 0.313973826782
16.86147 -0.183052727661
16.958375 -0.679607594123
17.05528 -1.16480570837
17.152185 -1.62402592982
17.24909 -2.04261339339
17.345995 -2.4110865542
17.4429 -2.72884141601
17.539805 -3.00377001235
17.63671 -3.24726665311
17.733615 -3.46669568934
17.83052 -3.65905264435
17.927425 -3.80923972661
18.02433 -3.89415094182
18.121235 -3.89077178321
18.21814 -3.78437400916
18.315045 -3.57282606615
18.41195 -3.2651214521
18.508855 -2.87533626393
18.60576 -2.41565947122
18.702665 -1.89254672568
18.79957 -1.30819624989
18.896475 -0.666454847125
18.99338 0.0203499540109
19.090285 0.7278299104
19.18719 1.4217340578
19.284095 2.0653697122
19.381 2.62886890278
19.477905 3.09589782939
19.57481 3.46472511917
19.671715 3.74348752271
19.76862 3.94242037853
19.865525 4.06718592818
19.96243 4.11655412089
20.059335 4.08512498962
20.15624 3.96898621961
20.253145 3.7707074054
20.35005 3.5006499661
20.446955 3.17382107578
20.54386 2.8041144943
20.640765 2.39929212271
20.73767 1.95965036871
20.834575 1.48125051873
20.93148 0.962044120958
21.028385 0.407603367223
21.12529 -0.166656048103
21.222195 -0.738023157742
21.3191 -1.28258065464
21.416005 -1.78180766606
21.51291 -2.22649609492
21.609815 -2.61625959038
21.70672 -2.95520332028
21.803625 -3.24619597645
21.90053 -3.48670386345
21.997435 -3.66813640778
22.09434 -3.77874461272
22.191245 -3.80835537408
22.28815 -3.75249408283
22.385055 -3.61401087951
22.48196 -3.40175386408
22.578865 -3.12730053312
22.67577 -2.80152338445
22.772675 -2.43254642831
22.86958 -2.02571486715
22.966485 -1.58514615303
23.06339 -1.11580959004
23.160295 -0.625110633335
23.2572 -0.123457188633
23.354105 0.376137967791
23.45101 0.859051306996
23.547915 1.31030796898
23.64482 1.71598691273
23.741725 2.06477180784
23.83863 2.34952577666
23.935535 2.56848641075
24.03244 2.72549015274
24.129345 2.82878152824
24.22625 2.8884793183
24.323155 2.91343179209
24.42006 2.90862141926
24.516965 2.87417816456
24.61387 2.80640718823
24.710775 2.70032855166
24.80768 2.5525319731
24.904585 2.36304827162
25.00149 2.13549805438
25.098395 1.87570087873
25.1953 1.5897115435
25.292205 1.28246583023
25.38911 0.957756485749
25.486015 0.619396715838
25.58292 0.272668382148
25.679825 -0.0750571367985
25.77673 -0.415163966875
25.873635 -0.739847301361
25.97054 -1.04432061635
26.067445 -1.32787413076
26.16435 -1.59297120299
26.261255 -1.84255102645
26.35816 -2.07667354627
26.455065 -2.29008674272
26.55197 -2.47197682406
26.648875 -2.60822663664
26.74578 -2.68540703634
26.842685 -2.69497565044
26.93959 -2.63608311088
27.036495 -2.51598228204
27.1334 -2.34799553644
27.230305 -2.14788605441
27.32721 -1.92995281051
27.424115 -1.70410219472
27.52102 -1.47465838876
27.617925 -1.24101749124
27.71483 -0.999685870051
27.811735 -0.746926166529
27.90864 -0.48118868626
28.005545 -0.204667030768
28.10245 0.0764020084836
28.199355 0.352739815552
28.29626 0.614034232306
28.393165 0.851371013478
28.49007 1.0593452897
28.586975 1.23716189095
28.68388 1.38832744908
28.780785 1.51900588086
28.87769 1.63558695486
28.974595 1.74230550098
29.0715 1.83971183793
29.168405 1.92432277596
29.26531 1.98973470062
29.362215 2.02852761147
29.45912 2.03402374783
29.556025 2.00172080994
29.65293 1.9300735158
29.749835 1.82069461672
29.84674 1.67816038642
29.943645 1.50952698285
30.04055 1.3235147799
30.137455 1.12926764238
30.23436 0.934737867563
30.331265 0.745029225098
30.42817 0.561267582168
30.525075 0.380564076008
30.62198 0.197311291679
30.718885 0.00551787420504
30.81579 -0.198603468981
30.912695 -0.41476006675
31.0096 -0.638127909426
31.106505 -0.860449341343
31.20341 -1.07216044773
31.300315 -1.26464276358
31.39722 -1.43174647911
31.494125 -1.57017338699
31.59103 -1.67888646714
31.687935 -1.75811864285
31.78484 -1.80858906772
31.881745 -1.83122514112
31.97865 -1.82725536635
32.075555 -1.79826689458
32.17246 -1.74588495687
32.269365 -1.67108357639
32.36627 -1.57353901669
32.463175 -1.45160268232
32.56008 -1.30324486074
32.656985 -1.12779085976
32.75389 -0.927727744616
32.850795 -0.709636730396
32.9477 -0.483581927616
33.044605 -0.260966631343
33.14151 -0.0516226304374
33.238415 0.138668945693
33.33532 0.309158353032
33.432225 0.463193737814
33.52913 0.605813303932
33.626035 0.740943351982
33.72294 0.869401677938
33.819845 0.988467127238
33.91675 1.09302025198
34.013655 1.17756980462
34.11056 1.23817800669
34.207465 1.27348855934
34.30437 1.28459663013
34.401275 1.27407643621
34.49818 1.24481149259
34.595085 1.19922786873
34.69199 1.13919257714
34.788895 1.06642870621
34.8858 0.983043098163
34.982705 0.891771702428
35.07961 0.795772005868
35.176515 0.69807090444
35.27342 0.600946332294
35.370325 0.505509752749
35.46723 0.411612038677
35.564135 0.318036349542
35.66104 0.222870505215
35.757945 0.123985971399
35.85485 0.0196213000267
35.951755 -0.0909222776286
36.04866 -0.206560715805
36.145565 -0.323919184062
36.24247 -0.437355463764
36.339375 -0.539742235788
36.43628 -0.623959074872
36.533185 -0.684697151283
36.63009 -0.719947158913
36.726995 -0.731576597091
36.8239 -0.724728015966
36.920805 -0.706248730875
37.01771 -0.682764165495
37.114615 -0.659129035414
37.21152 -0.637771073472
37.308425 -0.618996417742
37.40533 -0.601886412975
37.502235 -0.585205934009
37.59914 -0.567857477336
37.696045 -0.548769037268
37.79295 -0.526484833839
37.889855 -0.498916109224
37.98676 -0.463599856018
38.083665 -0.418475181683
38.18057 -0.36282210662
38.277475 -0.297836200088
38.37438 -0.226447071776
38.471285 -0.152367958331
38.56819 -0.0787834917617
38.665095 -0.00730869714778
38.762 0.0622499397742
38.858905 0.131188390695
38.95581 0.200586115109
39.052715 0.270020796364
39.14962 0.336953832633
39.246525 0.397097754769
39.34343 0.445606177982
39.440335 0.478552184598
39.53724 0.494062880002
39.634145 0.492685772871
39.73105 0.476948674917
39.827955 0.450431290231
39.92486 0.416820662001
40.021765 0.379323285107
40.11867 0.340540076819
40.215575 0.302640066038
40.31248 0.26754013367
40.409385 0.236862449503
40.50629 0.211637303197
40.603195 0.191918872608
40.7001 0.176567879631
40.797005 0.163385743166
40.89391 0.149609016313
40.990815 0.132595569015
41.08772 0.110452036939
41.184625 0.082400674263
41.28153 0.0488223137756
41.378435 0.0110545885417
41.47534 -0.0289067174215
41.572245 -0.0686850489721
41.66915 -0.105751411487
41.766055 -0.137655369812
41.86296 -0.162321532974
41.959865 -0.178410002502
42.05677 -0.185646057061
42.153675 -0.184971277641
42.25058 -0.17840145339
42.347485 -0.168588240762
42.44439 -0.158213162597
42.541295 -0.149419712662
42.6382 -0.143466961663
42.735105 -0.140677984401
42.83201 -0.140620668246
42.928915 -0.142372318677
43.02582 -0.144726998029
43.122725 -0.146293174451
43.21963 -0.145538573229
43.316535 -0.140897798501
43.41344 -0.131027158126
43.510345 -0.115186701775
43.60725 -0.0936145517444
43.704155 -0.0677056373018
43.80106 -0.0398557540387
43.897965 -0.0129657327619
43.99487 0.0102459448505
44.091775 0.0278794727373
44.18868 0.0392114096483
44.285585 0.0446648261948
44.38249 0.0454472174171
44.479395 0.0430415669949
44.5763 0.0387720208555
44.673205 0.0335972723022
44.77011 0.0281537867898
44.867015 0.022947090947
44.96392 0.0185327863594
45.060825 0.0155606439251
45.15773 0.0146493197577
45.254635 0.0161609045963
45.35154 0.0200005184413
45.448445 0.0255523304257
45.54535 0.0317938394195
45.642255 0.0375457448945
45.73916 0.0417585377506
45.836065 0.0437324474188
45.93297 0.0432090614875
46.029875 0.0403335416554
46.12678 0.0355342754835
46.223685 0.0293827793597
46.32059 0.0224812156041
46.417495 0.0153939791356
46.5144 0.00861327371429
46.611305 0.0025387852868
46.70821 -0.00254160858293
46.805115 -0.00646926611484
46.90202 -0.00922001129519
46.998925 -0.0108878209635
47.09583 -0.0116472283679
47.192735 -0.0117056185216
47.28964 -0.0112614888145
47.386545 -0.0104808412926
47.48345 -0.00949404933123
47.580355 -0.00840590159446
47.67726 -0.00730732485626
47.774165 -0.00627995023725
47.87107 -0.00539153848397
47.967975 -0.00468673650849
48.06488 -0.00418017329339
48.161785 -0.00385687765217
48.25869 -0.00368045844549
48.355595 -0.00360543724683
48.4525 -0.00358862953154
48.549405 -0.00358862953154
48.64631 -0.00358862953154
48.743215 -0.00358862953154
48.84012 -0.00358862953154
48.937025 -0.00358862953154
49.03393 -0.00358862953154
49.130835 -0.00358862953154
49.22774 -0.00358862953154
49.324645 -0.00358862953154
49.42155 -0.00358862953154
49.518455 -0.00358862953154
49.61536 -0.00358862953154
49.712265 -0.00358862953154
49.80917 -0.00358862953154
49.906075 -0.00358862953154
50.00298 -0.00358862953154
50.099885 -0.00358862953154
50.19679 -0.00358862953154
50.293695 -0.00358862953154
50.3906 -0.00358862953154
50.487505 -0.00358862953154
50.58441 -0.00358862953154
50.681315 -0.00358862953154
50.77822 -0.00358862953154
50.875125 -0.00358862953154
50.97203 -0.00358862953154
51.068935 -0.00358862953154
51.16584 -0.00358862953154
51.262745 -0.00358862953154
51.35965 -0.00358862953154
51.456555 -0.00358862953154
51.55346 -0.00358862953154
51.650365 -0.00358862953154
51.74727 -0.00358862953154
51.844175 -0.00358862953154
51.94108 -0.00358862953154
52.037985 -0.00358862953154
52.13489 -0.00358862953154
52.231795 -0.00358862953154
52.3287 -0.00358862953154
52.425605 -0.00358862953154
52.52251 -0.00358862953154
52.619415 -0.00358862953154
52.71632 -0.00358862953154
52.813225 -0.00358862953154
52.91013 -0.00358862953154
53.007035 -0.00358862953154
53.10394 -0.00358862953154
53.200845 -0.00358862953154
53.29775 -0.00358862953154
53.394655 -0.00358862953154
53.49156 -0.00358862953154
53.588465 -0.00358862953154
53.68537 -0.00358862953154
53.782275 -0.00358862953154
53.87918 -0.00358862953154
53.976085 -0.00358862953154
54.07299 -0.00358862953154
54.169895 -0.00358862953154
54.2668 -0.00358862953154
54.363705 -0.00358862953154
54.46061 -0.00358862953154
54.557515 -0.00358862953154
54.65442 -0.00358862953154
54.751325 -0.00358862953154
54.84823 -0.00358862953154
54.945135 -0.00358862953154
55.04204 -0.00358862953154
55.138945 -0.00358862953154
55.23585 -0.00358862953154
55.332755 -0.00358862953154
55.42966 -0.00358862953154
55.526565 -0.00358862953154
55.62347 -0.00358862953154
55.720375 -0.00358862953154
55.81728 -0.00358862953154
55.914185 -0.00358862953154
56.01109 -0.00358862953154
56.107995 -0.00358862953154
56.2049 -0.00358862953154
56.301805 -0.00358862953154
56.39871 -0.00358862953154
56.495615 -0.00358862953154
56.59252 -0.00358862953154
56.689425 -0.00358862953154
56.78633 -0.00358862953154
56.883235 -0.00358862953154
56.98014 -0.00358862953154
57.077045 -0.00358862953154
57.17395 -0.00358862953154
57.270855 -0.00358862953154
57.36776 -0.00358862953154
57.464665 -0.00358862953154
57.56157 -0.00358862953154
57.658475 -0.00358862953154
57.75538 -0.00358862953154
57.852285 -0.00358862953154
57.94919 -0.00358862953154
58.046095 -0.00358862953154
58.143 -0.00358862953154
58.239905 -0.00358862953154
58.33681 -0.00358862953154
58.433715 -0.00358862953154
58.53062 -0.00358862953154
58.627525 -0.00358862953154
58.72443 -0.00358862953154
58.821335 -0.00358862953154
58.91824 -0.00358862953154
59.015145 -0.00358862953154
59.11205 -0.00358862953154
59.208955 -0.00358862953154
59.30586 -0.00358862953154
59.402765 -0.00358862953154
59.49967 -0.00358862953154
59.596575 -0.00358862953154
59.69348 -0.00358862953154
59.790385 -0.00358862953154
59.88729 -0.00358862953154
59.984195 -0.00358862953154
60.0811 -0.00358862953154
60.178005 -0.00358862953154
60.27491 -0.00358862953154
60.371815 -0.00358862953154
60.46872 -0.00358862953154
60.565625 -0.00358862953154
60.66253 -0.00358862953154
60.759435 -0.00358862953154
60.85634 -0.00358862953154
60.953245 -0.00358862953154
61.05015 -0.00358862953154
61.147055 -0.00358862953154
61.24396 -0.00358862953154
61.340865 -0.00358862953154
61.43777 -0.00358862953154
61.534675 -0.00358862953154
61.63158 -0.00358862953154
61.728485 -0.00358862953154
61.82539 -0.00358862953154
61.922295 -0.00358862953154
62.0192 -0.00358862953154
62.116105 -0.00358862953154
62.21301 -0.00358862953154
62.309915 -0.00358862953154
62.40682 -0.00358862953154
62.503725 -0.00358862953154
62.60063 -0.00358862953154
62.697535 -0.00358862953154
62.79444 -0.00358862953154
62.891345 -0.00358862953154
62.98825 -0.00358862953154
63.085155 -0.00358862953154
63.18206 -0.00358862953154
63.278965 -0.00358862953154
63.37587 -0.00358862953154
63.472775 -0.00358862953154
63.56968 -0.00358862953154
63.666585 -0.00358862953154
63.76349 -0.00358862953154
63.860395 -0.00358862953154
63.9573 -0.00358862953154
64.054205 -0.00358862953154
64.15111 -0.00358862953154
64.248015 -0.00358862953154
64.34492 -0.00358862953154
64.441825 -0.00358862953154
64.53873 -0.00358862953154
64.635635 -0.00358862953154
64.73254 -0.00358862953154
64.829445 -0.00358862953154
64.92635 -0.00358862953154
65.023255 -0.00358862953154
65.12016 -0.00358862953154
65.217065 -0.00358862953154
65.31397 -0.00358862953154
65.410875 -0.00358862953154
65.50778 -0.00358862953154
65.604685 -0.00358862953154
65.70159 -0.00358862953154
65.798495 -0.00358862953154
65.8954 -0.00358862953154
65.992305 -0.00358862953154
66.08921 -0.00358862953154
66.186115 -0.00358862953154
66.28302 -0.00358862953154
66.379925 -0.00358862953154
66.47683 -0.00358862953154
66.573735 -0.00358862953154
66.67064 -0.00358862953154
66.767545 -0.00358862953154
66.86445 -0.00358862953154
66.961355 -0.00358862953154
67.05826 -0.00358862953154
67.155165 -0.00358862953154
67.25207 -0.00358862953154
67.348975 -0.00358862953154
67.44588 -0.00358862953154
67.542785 -0.00358862953154
67.63969 -0.00358862953154
67.736595 -0.00358862953154
67.8335 -0.00358862953154
67.930405 -0.00358862953154
68.02731 -0.00358862953154
68.124215 -0.00358862953154
68.22112 -0.00358862953154
68.318025 -0.00358862953154
68.41493 -0.00358862953154
68.511835 -0.00358862953154
68.60874 -0.00358862953154
68.705645 -0.00358862953154
68.80255 -0.00358862953154
68.899455 -0.00358862953154
68.99636 -0.00358862953154
69.093265 -0.00358862953154
69.19017 -0.00358862953154
69.287075 -0.00358862953154
69.38398 -0.00358862953154
69.480885 -0.00358862953154
69.57779 -0.00358862953154
69.674695 -0.00358862953154
69.7716 -0.00358862953154
69.868505 -0.00358862953154
69.96541 -0.00358862953154
70.062315 -0.00358862953154
70.15922 -0.00358862953154
70.256125 -0.00358862953154
70.35303 -0.00358862953154
70.449935 -0.00358862953154
70.54684 -0.00358862953154
70.643745 -0.00358862953154
70.74065 -0.00358862953154
70.837555 -0.00358862953154
70.93446 -0.00358862953154
71.031365 -0.00358862953154
71.12827 -0.00358862953154
71.225175 -0.00358862953154
71.32208 -0.00358862953154
71.418985 -0.00358862953154
71.51589 -0.00358862953154
71.612795 -0.00358862953154
71.7097 -0.00358862953154
71.806605 -0.00358862953154
71.90351 -0.00358862953154
72.000415 -0.00358862953154
72.09732 -0.00358862953154
72.194225 -0.00358862953154
72.29113 -0.00358862953154
72.388035 -0.00358862953154
72.48494 -0.00358862953154
72.581845 -0.00358862953154
72.67875 -0.00358862953154
72.775655 -0.00358862953154
72.87256 -0.00358862953154
72.969465 -0.00358862953154
73.06637 -0.00358862953154
73.163275 -0.00358862953154
73.26018 -0.00358862953154
73.357085 -0.00358862953154
73.45399 -0.00358862953154
73.550895 -0.00358862953154
73.6478 -0.00358862953154
73.744705 -0.00358862953154
73.84161 -0.00358862953154
73.938515 -0.00358862953154
74.03542 -0.00358862953154
74.132325 -0.00358862953154
74.22923 -0.00358862953154
74.326135 -0.00358862953154
74.42304 -0.00358862953154
74.519945 -0.00358862953154
74.61685 -0.00358862953154
74.713755 -0.00358862953154
74.81066 -0.00358862953154
74.907565 -0.00358862953154
75.00447 -0.00358862953154
75.101375 -0.00358862953154
75.19828 -0.00358862953154
75.295185 -0.00358862953154
75.39209 -0.00358862953154
75.488995 -0.00358862953154
75.5859 -0.00358862953154
75.682805 -0.00358862953154
75.77971 -0.00358862953154
75.876615 -0.00358862953154
75.97352 -0.00358862953154
76.070425 -0.00358862953154
76.16733 -0.00358862953154
76.264235 -0.00358862953154
76.36114 -0.00358862953154
76.458045 -0.00358862953154
76.55495 -0.00358862953154
76.651855 -0.00358862953154
76.74876 -0.00358862953154
76.845665 -0.00358862953154
76.94257 -0.00358862953154
77.039475 -0.00358862953154
77.13638 -0.00358862953154
77.233285 -0.00358862953154
77.33019 -0.00358862953154
77.427095 -0.00358862953154
77.524 -0.00358862953154
77.620905 -0.00358862953154
77.71781 -0.00358862953154
77.814715 -0.00358862953154
77.91162 -0.00358862953154
78.008525 -0.00358862953154
78.10543 -0.00358862953154
78.202335 -0.00358862953154
78.29924 -0.00358862953154
78.396145 -0.00358862953154
78.49305 -0.00358862953154
78.589955 -0.00358862953154
78.68686 -0.00358862953154
78.783765 -0.00358862953154
78.88067 -0.00358862953154
78.977575 -0.00358862953154
79.07448 -0.00358862953154
79.171385 -0.00358862953154
79.26829 -0.00358862953154
79.365195 -0.00358862953154
79.4621 -0.00358862953154
79.559005 -0.00358862953154
79.65591 -0.00358862953154
79.752815 -0.00358862953154
79.84972 -0.00358862953154
79.946625 -0.00358862953154
80.04353 -0.00358862953154
80.140435 -0.00358862953154
80.23734 -0.00358862953154
80.334245 -0.00358862953154
80.43115 -0.00358862953154
80.528055 -0.00358862953154
80.62496 -0.00358862953154
80.721865 -0.00358862953154
80.81877 -0.00358862953154
80.915675 -0.00358862953154
81.01258 -0.00358862953154
81.109485 -0.00358862953154
81.20639 -0.00358862953154
81.303295 -0.00358862953154
81.4002 -0.00358862953154
81.497105 -0.00358862953154
81.59401 -0.00358862953154
81.690915 -0.00358862953154
81.78782 -0.00358862953154
81.884725 -0.00358862953154
81.98163 -0.00358862953154
82.078535 -0.00358862953154
82.17544 -0.00358862953154
82.272345 -0.00358862953154
82.36925 -0.00358862953154
82.466155 -0.00358862953154
82.56306 -0.00358862953154
82.659965 -0.00358862953154
82.75687 -0.00358862953154
82.853775 -0.00358862953154
82.95068 -0.00358862953154
83.047585 -0.00358862953154
83.14449 -0.00358862953154
83.241395 -0.00358862953154
83.3383 -0.00358862953154
83.435205 -0.00358862953154
83.53211 -0.00358862953154
83.629015 -0.00358862953154
83.72592 -0.00358862953154
83.822825 -0.00358862953154
83.91973 -0.00358862953154
84.016635 -0.00358862953154
84.11354 -0.00358862953154
84.210445 -0.00358862953154
84.30735 -0.00358862953154
84.404255 -0.00358862953154
84.50116 -0.00358862953154
84.598065 -0.00358862953154
84.69497 -0.00358862953154
84.791875 -0.00358862953154
84.88878 -0.00358862953154
84.985685 -0.00358862953154
85.08259 -0.00358862953154
85.179495 -0.00358862953154
85.2764 -0.00358862953154
85.373305 -0.00358862953154
85.47021 -0.00358862953154
85.567115 -0.00358862953154
85.66402 -0.00358862953154
85.760925 -0.00358862953154
85.85783 -0.00358862953154
85.954735 -0.00358862953154
86.05164 -0.00358862953154
86.148545 -0.00358862953154
86.24545 -0.00358862953154
86.342355 -0.00358862953154
86.43926 -0.00358862953154
86.536165 -0.00358862953154
86.63307 -0.00358862953154
86.729975 -0.00358862953154
86.82688 -0.00358862953154
86.923785 -0.00358862953154
87.02069 -0.00358862953154
87.117595 -0.00358862953154
87.2145 -0.00358862953154
87.311405 -0.00358862953154
87.40831 -0.00358862953154
87.505215 -0.00358862953154
87.60212 -0.00358862953154
87.699025 -0.00358862953154
87.79593 -0.00358862953154
87.892835 -0.00358862953154
87.98974 -0.00358862953154
88.086645 -0.00358862953154
88.18355 -0.00358862953154
88.280455 -0.00358862953154
88.37736 -0.00358862953154
88.474265 -0.00358862953154
88.57117 -0.00358862953154
88.668075 -0.00358862953154
88.76498 -0.00358862953154
88.861885 -0.00358862953154
88.95879 -0.00358862953154
89.055695 -0.00358862953154
89.1526 -0.00358862953154
89.249505 -0.00358862953154
89.34641 -0.00358862953154
89.443315 -0.00358862953154
89.54022 -0.00358862953154
89.637125 -0.00358862953154
89.73403 -0.00358862953154
89.830935 -0.00358862953154
89.92784 -0.00358862953154
90.024745 -0.00358862953154
90.12165 -0.00358862953154
90.218555 -0.00358862953154
90.31546 -0.00358862953154
90.412365 -0.00358862953154
90.50927 -0.00358862953154
90.606175 -0.00358862953154
90.70308 -0.00358862953154
90.799985 -0.00358862953154
90.89689 -0.00358862953154
90.993795 -0.00358862953154
91.0907 -0.00358862953154
91.187605 -0.00358862953154
91.28451 -0.00358862953154
91.381415 -0.00358862953154
91.47832 -0.00358862953154
91.575225 -0.00358862953154
91.67213 -0.00358862953154
91.769035 -0.00358862953154
91.86594 -0.00358862953154
91.962845 -0.00358862953154
92.05975 -0.00358862953154
92.156655 -0.00358862953154
92.25356 -0.00358862953154
92.350465 -0.00358862953154
92.44737 -0.00358862953154
92.544275 -0.00358862953154
92.64118 -0.00358862953154
92.738085 -0.00358862953154
92.83499 -0.00358862953154
92.931895 -0.00358862953154
93.0288 -0.00358862953154
93.125705 -0.00358862953154
93.22261 -0.00358862953154
93.319515 -0.00358862953154
93.41642 -0.00358862953154
93.513325 -0.00358862953154
93.61023 -0.00358862953154
93.707135 -0.00358862953154
93.80404 -0.00358862953154
93.900945 -0.00358862953154
93.99785 -0.00358862953154
94.094755 -0.00358862953154
94.19166 -0.00358862953154
94.288565 -0.00358862953154
94.38547 -0.00358862953154
94.482375 -0.00358862953154
94.57928 -0.00358862953154
94.676185 -0.00358862953154
94.77309 -0.00358862953154
94.869995 -0.00358862953154
94.9669 -0.00358862953154
95.063805 -0.00358862953154
95.16071 -0.00358862953154
95.257615 -0.00358862953154
95.35452 -0.00358862953154
95.451425 -0.00358862953154
95.54833 -0.00358862953154
95.645235 -0.00358862953154
95.74214 -0.00358862953154
95.839045 -0.00358862953154
95.93595 -0.00358862953154
96.032855 -0.00358862953154
96.12976 -0.00358862953154
96.226665 -0.00358862953154
96.32357 -0.00358862953154
96.420475 -0.00358862953154
96.51738 -0.00358862953154
96.614285 -0.00358862953154
96.71119 -0.00358862953154
96.808095 -0.00358862953154
96.905 -0.00358862953154
97.001905 -0.00358862953154
97.09881 -0.00358862953154
97.195715 -0.00358862953154
97.29262 -0.00358862953154
97.389525 -0.00358862953154
97.48643 -0.00358862953154
97.583335 -0.00358862953154
97.68024 -0.00358862953154
97.777145 -0.00358862953154
97.87405 -0.00358862953154
97.970955 -0.00358862953154
98.06786 -0.00358862953154
98.164765 -0.00358862953154
98.26167 -0.00358862953154
98.358575 -0.00358862953154
98.45548 -0.00358862953154
98.552385 -0.00358862953154
98.64929 -0.00358862953154
98.746195 -0.00358862953154
98.8431 -0.00358862953154
98.940005 -0.00358862953154
99.03691 -0.00358862953154
99.133815 -0.00358862953154
