0.0 -0.00314642892611
0.1 -0.0159546181439
0.2 -0.0351087928207
0.3 -0.0536462973627
0.4 -0.0583967348341
0.5 -0.0343719600368
0.6 0.0274243534146
0.7 0.122253953349
0.8 0.22841641214
0.9 0.311517054387
1.0 0.335722071369
1.1 0.277572305153
1.2 0.135807879195
1.3 -0.0679215436273
1.4 -0.297807700832
1.5 -0.516844838444
1.6 -0.695914027099
1.7 -0.813215536914
1.8 -0.845109172598
1.9 -0.756880485979
2.0 -0.504660616561
2.1 -0.0544345148367
2.2 0.58703484718
2.3 1.34441894797
2.4 2.0661858085
2.5 2.54680045059
2.6 2.57603426891
2.7 2.00149765342
2.8 0.785623402601
2.9 -0.959028436271
3.0 -2.96528076307
3.1 -4.8405774561
3.2 -6.12971132517
3.3 -6.40783365671
3.4 -5.39279361601
3.5 -3.05244587733
3.6 0.329864937501
3.7 4.16871858047
3.8 7.68679009167
3.9 10.1045339734
4.0 10.8556171294
4.1 9.75452056562
4.2 7.05213120238
4.3 3.35373532053
4.4 -0.572776890668
4.5 -4.0261131022
4.6 -6.55179711911
4.7 -8.01142773008
4.8 -8.53028495161
4.9 -8.36514882555
5.0 -7.76232215211
5.1 -6.86795683635
5.2 -5.71704465163
5.3 -4.28552127796
5.4 -2.5636435981
5.5 -0.608313751302
5.6 1.44773207656
5.7 3.42586259904
5.8 5.14919522058
5.9 6.48392163539
6.0 7.35917877314
6.1 7.7628655258
6.2 7.72062006975
6.3 7.26994566329
6.4 6.44166531086
6.5 5.2573235447
6.6 3.74428966052
6.7 1.96148017647
6.8 0.0212063851614
6.9 -1.90877221765
7.0 -3.63159909723
7.1 -4.97060980226
7.2 -5.82213463679
7.3 -6.18692500127
7.4 -6.16289804138
7.5 -5.89972867063
7.6 -5.53473207293
7.7 -5.13912430722
7.8 -4.69871988856
7.9 -4.13612256683
8.0 -3.36160646982
8.1 -2.32738887058
8.2 -1.06056192342
8.3 0.337910578688
8.4 1.72418539847
8.5 2.95609782148
8.6 3.93168897328
8.7 4.60810879439
8.8 4.99798359644
8.9 5.14987796543
9.0 5.12385138334
9.1 4.97164902824
9.2 4.72602337346
9.3 4.39844803001
9.4 3.98170819904
9.5 3.4543130822
9.6 2.78618100323
9.7 1.94726931323
9.8 0.92069921095
9.9 -0.281017306659
10.0 -1.60219923588
10.1 -2.94062418776
10.2 -4.16060947695
10.3 -5.12211995717
10.4 -5.71724704966
10.5 -5.90004695163
10.6 -5.69695262987
10.7 -5.19301402904
10.8 -4.50020774067
10.9 -3.72204745316
11.0 -2.92927567811
11.1 -2.15440993572
11.2 -1.40267536594
11.3 -0.669375825976
11.4 0.0470715564369
11.5 0.741843928999
11.6 1.40813271857
11.7 2.04261275803
11.8 2.64594690826
11.9 3.21705323371
12.0 3.74501783188
12.1 4.20460041152
12.2 4.55914701171
12.3 4.77010680253
12.4 4.808350026
12.5 4.66151800841
12.6 4.33408735615
12.7 3.84107941193
12.8 3.19989489254
12.9 2.42565029099
13.0 1.53319422053
13.1 0.544881413883
13.2 -0.50063624212
13.3 -1.54476811324
13.4 -2.51469845257
13.5 -3.33803290626
13.6 -3.96091819336
13.7 -4.36150678255
13.8 -4.55213526477
13.9 -4.56886440085
14.0 -4.4534514058
14.1 -4.23680724129
14.2 -3.93208864337
14.3 -3.54008714385
14.4 -3.06257192496
14.5 -2.51481396949
14.6 -1.92929300661
14.7 -1.34806439181
14.8 -0.808093871931
14.9 -0.327949347566
15.0 0.0967488819024
15.1 0.486948291966
15.2 0.866843180152
15.3 1.25105093097
15.4 1.63871062088
15.5 2.01646044965
15.6 2.36721990311
15.7 2.67898806008
15.8 2.94868194813
15.9 3.1794676209
16.0 3.37387048382
16.1 3.52708529475
16.2 3.62443977697
16.3 3.64446583048
16.4 3.56600809482
16.5 3.37582545827
16.6 3.07310676188
16.7 2.66909759676
16.8 2.18261103105
16.9 1.634196945
17.0 1.04211857324
17.1 0.421862018716
17.2 -0.211459417818
17.3 -0.84030609292
17.4 -1.4441932136
17.5 -2.00246542602
17.6 -2.49893720241
17.7 -2.92539569345
17.8 -3.28139877686
17.9 -3.57007601592
18.0 -3.7923011358
18.1 -3.94285503991
18.2 -4.01112205257
18.3 -3.9860825111
18.4 -3.86265905061
18.5 -3.64558941324
18.6 -3.34848927467
18.7 -2.98865056278
18.8 -2.58056446744
18.9 -2.1317090972
19.0 -1.64262099345
19.1 -1.1107784479
19.2 -0.535922562632
19.3 0.0758746285098
19.4 0.710917607891
19.5 1.34920118518
19.6 1.96702805527
19.7 2.53957136056
19.8 3.04279504025
19.9 3.45503534258
20.0 3.75891341506
20.1 3.94388835974
20.2 4.00895358321
20.3 3.9642662438
20.4 3.83036813897
20.5 3.63430510042
20.6 3.40319120042
20.7 3.15706729807
20.8 2.90360659966
20.9 2.63683406638
21.0 2.34054751157
21.1 1.99515403766
21.2 1.5851442664
21.3 1.10425988334
21.4 0.556735832176
21.5 -0.0448784614802
21.6 -0.683109383853
21.7 -1.33767871272
21.8 -1.98519189862
21.9 -2.59732008017
22.0 -3.13992004881
22.1 -3.57548298238
22.2 -3.86962151835
22.3 -3.99992295605
22.4 -3.96375916807
22.5 -3.78152951103
22.6 -3.49341269215
22.7 -3.15023698242
22.8 -2.80136672319
22.9 -2.48357367677
23.0 -2.21435341086
23.1 -1.99137492452
23.2 -1.79749068279
23.3 -1.60887631732
23.4 -1.40309454365
23.5 -1.16441680022
23.6 -0.885280783167
23.7 -0.564577404939
23.8 -0.204699780917
23.9 0.19059754344
24.0 0.616439684465
24.1 1.06548959235
24.2 1.52635262338
24.3 1.98312707293
24.4 2.41669601899
24.5 2.80728116546
24.6 3.13714291744
24.7 3.39244777455
24.8 3.56400793865
24.9 3.64726270624
25.0 3.64205667469
25.1 3.55244784238
25.2 3.38632318979
25.3 3.15444937454
25.4 2.86888494035
25.5 2.54117504649
25.6 2.18101590753
25.7 1.79587138805
25.8 1.3914816028
25.9 0.972719758164
26.0 0.54417480587
26.1 0.110197582478
26.2 -0.325341284915
26.3 -0.75905157499
26.4 -1.18739023682
26.5 -1.60545026063
26.6 -2.00567726106
26.7 -2.37719771406
26.8 -2.70626714818
26.9 -2.97793093354
27.0 -3.17853256312
27.1 -3.29837258454
27.2 -3.33371284228
27.3 -3.28747502864
27.4 -3.16838411641
27.5 -2.98885244826
27.6 -2.76237996022
27.7 -2.50141300115
27.8 -2.21632379572
27.9 -1.91555451353
28.0 -1.60635372675
28.1 -1.29529409522
28.2 -0.988052174144
28.3 -0.688558423127
28.4 -0.398159257029
28.5 -0.11550708117
28.6 0.162534775606
28.7 0.439309484194
28.8 0.716831328812
28.9 0.994930186519
29.0 1.27124374785
29.1 1.54174169953
29.2 1.80128769506
29.3 2.04393666087
29.4 2.26301868999
29.5 2.4512867031
29.6 2.60135935011
29.7 2.70645879954
29.8 2.76123325048
29.9 2.76241206013
30.0 2.70914980253
30.1 2.60288676697
30.2 2.44729031524
30.3 2.24792414266
30.4 2.0113948706
30.5 1.74463539542
30.6 1.45438512132
30.7 1.14705389938
30.8 0.828944951414
30.9 0.506549710377
31.0 0.186522911214
31.1 -0.124871469869
31.2 -0.422664918702
31.3 -0.703927255549
31.4 -0.967808667804
31.5 -1.21467523831
31.6 -1.44462896207
31.7 -1.65605680883
31.8 -1.84486316548
31.9 -2.00473451244
32.0 -2.1283678333
32.1 -2.20927448272
32.2 -2.24363111011
32.3 -2.23164683408
32.4 -2.17799385501
32.5 -2.09102166305
32.6 -1.98079876411
32.7 -1.85647725383
32.8 -1.72387341312
32.9 -1.58423400301
33.0 -1.43475629793
33.1 -1.27067322524
33.2 -1.08798754817
33.3 -0.885659185524
33.4 -0.666386602477
33.5 -0.435870275323
33.6 -0.201155956075
33.7 0.0310598279498
33.8 0.255501865055
33.9 0.468595994838
34.0 0.66819344212
34.1 0.853093666659
34.2 1.02259327152
34.3 1.17611773786
34.4 1.31293106398
34.5 1.43195727394
34.6 1.53176948843
34.7 1.6107304967
34.8 1.66716098714
34.9 1.69940074795
35.0 1.70577177999
35.1 1.68464238605
35.2 1.6348282117
35.3 1.55634551059
35.4 1.45117626078
35.5 1.32350304228
35.6 1.17905073514
35.7 1.02368386285
35.8 0.861921936234
35.9 0.696167151979
36.0 0.527052475269
36.1 0.354650361448
36.2 0.179784705441
36.3 0.00469571906166
36.4 -0.167210216163
36.5 -0.332199135729
36.6 -0.487018002959
36.7 -0.629224102754
36.8 -0.757025176141
36.9 -0.868964942642
37.0 -0.963798969803
37.1 -1.04063478913
37.2 -1.09912647038
37.3 -1.13946059721
37.4 -1.16206971851
37.5 -1.1672667276
37.6 -1.15508145437
37.7 -1.1254310292
37.8 -1.07850335732
37.9 -1.01508737637
38.0 -0.936649322074
38.1 -0.845156491044
38.2 -0.742815838968
38.3 -0.631904873867
38.4 -0.514750261674
38.5 -0.393780276525
38.6 -0.271546077994
38.7 -0.150673016621
38.8 -0.0337788550739
38.9 0.0765987841172
39.0 0.178082939814
39.1 0.2686085239
39.2 0.3466697187
39.3 0.411584086105
39.4 0.463613304619
39.5 0.503811734747
39.6 0.533617484506
39.7 0.554360395508
39.8 0.566919344718
39.9 0.571671707904
40.0 0.568703391742
40.1 0.558109476766
40.2 0.540200070834
40.3 0.515526347906
40.4 0.484772854098
40.5 0.448632375611
40.6 0.407756631743
40.7 0.362798199331
40.8 0.314493146634
40.9 0.26372056821
41.0 0.211506651053
41.1 0.158980110493
41.2 0.107303445507
41.3 0.0575989752481
41.4 0.0108778319739
41.5 -0.0320216269269
41.6 -0.0704743591097
41.7 -0.104076661405
41.8 -0.1326218582
41.9 -0.156059284742
42.0 -0.174457660707
42.1 -0.18798389665
42.2 -0.196891622399
42.3 -0.201505339407
42.4 -0.202193227539
42.5 -0.199336897809
42.6 -0.193314823631
42.7 -0.184509042801
42.8 -0.173327316365
42.9 -0.160219861733
43.0 -0.145672224391
43.1 -0.130172275028
43.2 -0.114167197502
43.3 -0.0980326678542
43.4 -0.0820676967718
43.5 -0.0665123628766
43.6 -0.0515735678822
43.7 -0.0374429054979
43.8 -0.0242990788853
43.9 -0.0122977960768
44.0 -0.00155806725917
44.1 0.00784667315682
44.2 0.0158887912262
44.3 0.0225791230478
44.4 0.0279560516496
44.5 0.032075379364
44.6 0.0350040984862
44.7 0.0368190373343
44.8 0.0376091756427
44.9 0.0374789661019
45.0 0.0365498420686
45.1 0.0349581772851
45.2 0.0328495532121
45.3 0.0303704109512
45.4 0.0276586661809
45.5 0.024834921902
45.6 0.0219959093563
45.7 0.0192116783683
45.8 0.0165274292667
45.9 0.0139695365021
46.0 0.0115537499462
46.1 0.00929272123562
46.2 0.00720052651112
46.3 0.00529347307988
46.4 0.00358816091644
46.5 0.00209853494679
46.6 0.000833301921544
46.7 -0.000205786990045
46.8 -0.00102485799836
46.9 -0.00163807389797
47.0 -0.00206677241586
47.1 -0.00233733902776
47.2 -0.00247806899831
47.3 -0.0025158962256
47.4 -0.00247406662172
47.5 -0.00237138945253
47.6 -0.00222290200343
47.7 -0.00204117205629
47.8 -0.00183739216486
47.9 -0.00162182352578
48.0 -0.00140366394554
48.1 -0.00119070300696
48.2 -0.000989094112669
48.3 -0.000803360637789
48.4 -0.000636566870047
48.5 -0.000490529300156
48.6 -0.000365993587908
48.7 -0.00026277300763
48.8 -0.000179878508191
48.9 -0.000115665713479
49.0 -6.80047117512e-05
49.1 -3.44631540803e-05
49.2 -1.24859232145e-05
49.3 4.4645892044e-07
49.4 6.69385539212e-06
49.5 8.37063291721e-06
49.6 7.2920191147e-06
49.7 4.94327734016e-06
49.8 2.46571689712e-06
49.9 6.58907011412e-07
50.0 0.0
50.1 0.0
50.2 0.0
50.3 0.0
50.4 0.0
50.5 0.0
50.6 0.0
50.7 0.0
50.8 0.0
50.9 0.0
51.0 0.0
51.1 0.0
51.2 0.0
51.3 0.0
51.4 0.0
51.5 0.0
51.6 0.0
51.7 0.0
51.8 0.0
51.9 0.0
52.0 0.0
52.1 0.0
52.2 0.0
52.3 0.0
52.4 0.0
52.5 0.0
52.6 0.0
52.7 0.0
52.8 0.0
52.9 0.0
53.0 0.0
53.1 0.0
53.2 0.0
53.3 0.0
53.4 0.0
53.5 0.0
53.6 0.0
53.7 0.0
53.8 0.0
53.9 0.0
54.0 0.0
54.1 0.0
54.2 0.0
54.3 0.0
54.4 0.0
54.5 0.0
54.6 0.0
54.7 0.0
54.8 0.0
54.9 0.0
55.0 0.0
55.1 0.0
55.2 0.0
55.3 0.0
55.4 0.0
55.5 0.0
55.6 0.0
55.7 0.0
55.8 0.0
55.9 0.0
56.0 0.0
56.1 0.0
56.2 0.0
56.3 0.0
56.4 0.0
56.5 0.0
56.6 0.0
56.7 0.0
56.8 0.0
56.9 0.0
57.0 0.0
57.1 0.0
57.2 0.0
57.3 0.0
57.4 0.0
57.5 0.0
57.6 0.0
57.7 0.0
57.8 0.0
57.9 0.0
58.0 0.0
58.1 0.0
58.2 0.0
58.3 0.0
58.4 0.0
58.5 0.0
58.6 0.0
58.7 0.0
58.8 0.0
58.9 0.0
59.0 0.0
59.1 0.0
59.2 0.0
59.3 0.0
59.4 0.0
59.5 0.0
59.6 0.0
59.7 0.0
59.8 0.0
59.9 0.0
60.0 0.0
60.1 0.0
60.2 0.0
60.3 0.0
60.4 0.0
60.5 0.0
60.6 0.0
60.7 0.0
60.8 0.0
60.9 0.0
61.0 0.0
61.1 0.0
61.2 0.0
61.3 0.0
61.4 0.0
61.5 0.0
61.6 0.0
61.7 0.0
61.8 0.0
61.9 0.0
62.0 0.0
62.1 0.0
62.2 0.0
62.3 0.0
62.4 0.0
62.5 0.0
62.6 0.0
62.7 0.0
62.8 0.0
62.9 0.0
63.0 0.0
63.1 0.0
63.2 0.0
63.3 0.0
63.4 0.0
63.5 0.0
63.6 0.0
63.7 0.0
63.8 0.0
63.9 0.0
64.0 0.0
64.1 0.0
64.2 0.0
64.3 0.0
64.4 0.0
64.5 0.0
64.6 0.0
64.7 0.0
64.8 0.0
64.9 0.0
65.0 0.0
65.1 0.0
65.2 0.0
65.3 0.0
65.4 0.0
65.5 0.0
65.6 0.0
65.7 0.0
65.8 0.0
65.9 0.0
66.0 0.0
66.1 0.0
66.2 0.0
66.3 0.0
66.4 0.0
66.5 0.0
66.6 0.0
66.7 0.0
66.8 0.0
66.9 0.0
67.0 0.0
67.1 0.0
67.2 0.0
67.3 0.0
67.4 0.0
67.5 0.0
67.6 0.0
67.7 0.0
67.8 0.0
67.9 0.0
68.0 0.0
68.1 0.0
68.2 0.0
68.3 0.0
68.4 0.0
68.5 0.0
68.6 0.0
68.7 0.0
68.8 0.0
68.9 0.0
69.0 0.0
69.1 0.0
69.2 0.0
69.3 0.0
69.4 0.0
69.5 0.0
69.6 0.0
69.7 0.0
69.8 0.0
69.9 0.0
70.0 0.0
70.1 0.0
70.2 0.0
70.3 0.0
70.4 0.0
70.5 0.0
70.6 0.0
70.7 0.0
70.8 0.0
70.9 0.0
71.0 0.0
71.1 0.0
71.2 0.0
71.3 0.0
71.4 0.0
71.5 0.0
71.6 0.0
71.7 0.0
71.8 0.0
71.9 0.0
72.0 0.0
72.1 0.0
72.2 0.0
72.3 0.0
72.4 0.0
72.5 0.0
72.6 0.0
72.7 0.0
72.8 0.0
72.9 0.0
73.0 0.0
73.1 0.0
73.2 0.0
73.3 0.0
73.4 0.0
73.5 0.0
73.6 0.0
73.7 0.0
73.8 0.0
73.9 0.0
74.0 0.0
74.1 0.0
74.2 0.0
74.3 0.0
74.4 0.0
74.5 0.0
74.6 0.0
74.7 0.0
74.8 0.0
74.9 0.0
75.0 0.0
75.1 0.0
75.2 0.0
75.3 0.0
75.4 0.0
75.5 0.0
75.6 0.0
75.7 0.0
75.8 0.0
75.9 0.0
76.0 0.0
76.1 0.0
76.2 0.0
76.3 0.0
76.4 0.0
76.5 0.0
76.6 0.0
76.7 0.0
76.8 0.0
76.9 0.0
77.0 0.0
77.1 0.0
77.2 0.0
77.3 0.0
77.4 0.0
77.5 0.0
77.6 0.0
77.7 0.0
77.8 0.0
77.9 0.0
78.0 0.0
78.1 0.0
78.2 0.0
78.3 0.0
78.4 0.0
78.5 0.0
78.6 0.0
78.7 0.0
78.8 0.0
78.9 0.0
79.0 0.0
79.1 0.0
79.2 0.0
79.3 0.0
79.4 0.0
79.5 0.0
79.6 0.0
79.7 0.0
79.8 0.0
79.9 0.0
80.0 0.0
80.1 0.0
80.2 0.0
80.3 0.0
80.4 0.0
80.5 0.0
80.6 0.0
80.7 0.0
80.8 0.0
80.9 0.0
81.0 0.0
81.1 0.0
81.2 0.0
81.3 0.0
81.4 0.0
81.5 0.0
81.6 0.0
81.7 0.0
81.8 0.0
81.9 0.0
82.0 0.0
82.1 0.0
82.2 0.0
82.3 0.0
82.4 0.0
82.5 0.0
82.6 0.0
82.7 0.0
82.8 0.0
82.9 0.0
83.0 0.0
83.1 0.0
83.2 0.0
83.3 0.0
83.4 0.0
83.5 0.0
83.6 0.0
83.7 0.0
83.8 0.0
83.9 0.0
84.0 0.0
84.1 0.0
84.2 0.0
84.3 0.0
84.4 0.0
84.5 0.0
84.6 0.0
84.7 0.0
84.8 0.0
84.9 0.0
85.0 0.0
85.1 0.0
85.2 0.0
85.3 0.0
85.4 0.0
85.5 0.0
85.6 0.0
85.7 0.0
85.8 0.0
85.9 0.0
86.0 0.0
86.1 0.0
86.2 0.0
86.3 0.0
86.4 0.0
86.5 0.0
86.6 0.0
86.7 0.0
86.8 0.0
86.9 0.0
87.0 0.0
87.1 0.0
87.2 0.0
87.3 0.0
87.4 0.0
87.5 0.0
87.6 0.0
87.7 0.0
87.8 0.0
87.9 0.0
88.0 0.0
88.1 0.0
88.2 0.0
88.3 0.0
88.4 0.0
88.5 0.0
88.6 0.0
88.7 0.0
88.8 0.0
88.9 0.0
89.0 0.0
89.1 0.0
89.2 0.0
89.3 0.0
89.4 0.0
89.5 0.0
89.6 0.0
89.7 0.0
89.8 0.0
89.9 0.0
90.0 0.0
90.1 0.0
90.2 0.0
90.3 0.0
90.4 0.0
90.5 0.0
90.6 0.0
90.7 0.0
90.8 0.0
90.9 0.0
91.0 0.0
91.1 0.0
91.2 0.0
91.3 0.0
91.4 0.0
91.5 0.0
91.6 0.0
91.7 0.0
91.8 0.0
91.9 0.0
92.0 0.0
92.1 0.0
92.2 0.0
92.3 0.0
92.4 0.0
92.5 0.0
92.6 0.0
92.7 0.0
92.8 0.0
92.9 0.0
93.0 0.0
93.1 0.0
93.2 0.0
93.3 0.0
93.4 0.0
93.5 0.0
93.6 0.0
93.7 0.0
93.8 0.0
93.9 0.0
94.0 0.0
94.1 0.0
94.2 0.0
94.3 0.0
94.4 0.0
94.5 0.0
94.6 0.0
94.7 0.0
94.8 0.0
94.9 0.0
95.0 0.0
95.1 0.0
95.2 0.0
95.3 0.0
95.4 0.0
95.5 0.0
95.6 0.0
95.7 0.0
95.8 0.0
95.9 0.0
96.0 0.0
96.1 0.0
96.2 0.0
96.3 0.0
96.4 0.0
96.5 0.0
96.6 0.0
96.7 0.0
96.8 0.0
96.9 0.0
97.0 0.0
97.1 0.0
97.2 0.0
97.3 0.0
97.4 0.0
97.5 0.0
97.6 0.0
97.7 0.0
97.8 0.0
97.9 0.0
98.0 0.0
98.1 0.0
98.2 0.0
98.3 0.0
98.4 0.0
98.5 0.0
98.6 0.0
98.7 0.0
98.8 0.0
98.9 0.0
99.0 0.0
99.1 0.0
99.2 0.0
99.3 0.0
99.4 0.0
99.5 0.0
99.6 0.0
99.7 0.0
99.8 0.0
99.9 0.0
100.0 0.0
100.1 0.0
100.2 0.0
100.3 0.0
100.4 0.0
100.5 0.0
100.6 0.0
100.7 0.0
100.8 0.0
100.9 0.0
101.0 0.0
101.1 0.0
101.2 0.0
101.3 0.0
101.4 0.0
101.5 0.0
101.6 0.0
101.7 0.0
101.8 0.0
101.9 0.0
102.0 0.0
102.1 0.0
102.2 0.0
102.3 0.0
