0 -0.00240499
0.0995343 -0.0179243
0.199069 -0.0282675
0.298603 -0.0233995
0.398137 0.00313185
0.497671 0.0504969
0.597206 0.109328
0.69674 0.163505
0.796274 0.194366
0.895808 0.185857
0.995343 0.12898
1.09488 0.0243644
1.19441 -0.117393
1.29395 -0.277298
1.39348 -0.430758
1.49301 -0.550895
1.59255 -0.611817
1.69208 -0.591421
1.79162 -0.473513
1.89115 -0.24936
1.99069 0.0806461
2.09022 0.504067
2.18975 0.991191
2.28929 1.48773
2.38882 1.90807
2.48836 2.13449
2.58789 2.029
2.68742 1.46264
2.78696 0.361313
2.88649 -1.24174
2.98603 -3.16498
3.08556 -5.07084
3.1851 -6.50806
3.28463 -7.00662
3.38416 -6.20806
3.4837 -3.99497
3.58323 -0.575124
3.68277 3.51757
3.7823 7.51988
3.88184 10.6158
3.98137 12.1446
4.0809 11.7757
4.18044 9.59366
4.27997 6.06408
4.37951 1.89177
4.47904 -2.17922
4.57858 -5.55568
4.67811 -7.91388
4.77764 -9.21512
4.87718 -9.62704
4.97671 -9.39467
5.07625 -8.71949
5.17578 -7.6944
5.27532 -6.31278
5.37485 -4.53473
5.47438 -2.3698
5.57392 0.068359
5.67345 2.56216
5.77299 4.84318
5.87252 6.67075
5.97206 7.89784
6.07159 8.49507
6.17112 8.52605
6.27066 8.09186
6.37019 7.27611
6.46973 6.1191
6.56926 4.63214
6.6688 2.84028
6.76833 0.826445
6.86786 -1.251
6.9674 -3.18092
7.06693 -4.75515
7.16647 -5.83206
7.266 -6.37861
7.36553 -6.47098
7.46507 -6.25375
7.5646 -5.87666
7.66414 -5.43728
7.76367 -4.95367
7.86321 -4.37591
7.96274 -3.62721
8.06227 -2.65316
8.16181 -1.45675
8.26134 -0.10582
8.36088 1.28629
8.46041 2.59451
8.55995 3.71443
8.65948 4.58129
8.75901 5.17252
8.85855 5.49863
8.95808 5.59017
9.05762 5.48682
9.15715 5.22962
9.25669 4.85451
9.35622 4.38483
9.45575 3.82411
9.55529 3.15349
9.65482 2.33875
9.75436 1.3483
9.85389 0.177177
9.95343 -1.13306
10.053 -2.48904
10.1525 -3.76051
10.252 -4.81185
10.3516 -5.53867
10.4511 -5.89489
10.5506 -5.89955
10.6502 -5.62154
10.7497 -5.15037
10.8492 -4.56619
10.9488 -3.92123
11.0483 -3.23793
11.1478 -2.52033
11.2474 -1.76941
11.3469 -0.993166
11.4464 -0.207003
11.546 0.573163
11.6455 1.33818
11.745 2.08673
11.8446 2.81825
11.9441 3.52152
12.0436 4.16655
12.1432 4.7057
12.2427 5.08541
12.3422 5.26345
12.4418 5.22304
12.5413 4.9768
12.6409 4.55854
12.7404 4.00754
12.8399 3.35385
12.9395 2.61223
13.039 1.78749
13.1385 0.887306
13.2381 -0.0653748
13.3376 -1.02783
13.4371 -1.94402
13.5367 -2.75892
13.6362 -3.43315
13.7357 -3.95085
13.8353 -4.317
13.9348 -4.5467
14.0343 -4.65278
14.1339 -4.63847
14.2334 -4.49865
14.3329 -4.22818
14.4325 -3.83163
14.532 -3.32865
14.6315 -2.75161
14.7311 -2.13702
14.8306 -1.51541
14.9301 -0.904989
15.0297 -0.312189
15.1292 0.262217
15.2287 0.815312
15.3283 1.33731
15.4278 1.8124
15.5273 2.2243
15.6269 2.56295
15.7264 2.82838
15.8259 3.02964
15.9255 3.17947
16.025 3.28793
16.1245 3.35812
16.2241 3.38603
16.3236 3.36375
16.4232 3.28371
16.5227 3.14149
16.6222 2.93601
16.7218 2.66784
16.8213 2.33757
16.9208 1.94595
17.0204 1.49589
17.1199 0.995257
17.2194 0.458155
17.319 -0.0963682
17.4185 -0.648049
17.518 -1.1797
17.6176 -1.67982
17.7171 -2.14217
17.8166 -2.56278
17.9162 -2.93634
18.0157 -3.25415
18.1152 -3.50508
18.2148 -3.67879
18.3143 -3.76943
18.4138 -3.77742
18.5134 -3.70838
18.6129 -3.56969
18.7124 -3.36678
18.812 -3.10126
18.9115 -2.77196
19.011 -2.37817
19.1106 -1.92317
19.2101 -1.41586
19.3096 -0.869844
19.4092 -0.300387
19.5087 0.278672
19.6082 0.856316
19.7078 1.42331
19.8073 1.96956
19.9069 2.48177
20.0064 2.94305
20.1059 3.33514
20.2055 3.64221
20.305 3.85445
20.4045 3.96946
20.5041 3.99109
20.6036 3.92633
20.7031 3.78219
20.8027 3.56406
20.9022 3.27623
21.0017 2.9239
21.1013 2.51518
21.2008 2.06161
21.3003 1.57704
21.3999 1.07522
21.4994 0.567617
21.5989 0.0626099
21.6985 -0.433771
21.798 -0.916078
21.8975 -1.37784
21.9971 -1.81103
22.0966 -2.20684
22.1961 -2.55707
22.2957 -2.85543
22.3952 -3.09797
22.4947 -3.28264
22.5943 -3.40854
22.6938 -3.4754
22.7933 -3.48349
22.8929 -3.43379
22.9924 -3.32787
23.0919 -3.16712
23.1915 -2.9517
23.291 -2.67995
23.3905 -2.3492
23.4901 -1.95813
23.5896 -1.51018
23.6892 -1.01635
23.7887 -0.495955
23.8882 0.0256267
23.9878 0.521741
24.0873 0.970159
24.1868 1.35759
24.2864 1.68138
24.3859 1.94793
24.4854 2.16881
24.585 2.35613
24.6845 2.51895
24.784 2.66162
24.8836 2.78379
24.9831 2.88159
25.0826 2.94887
25.1822 2.97818
25.2817 2.96158
25.3812 2.8916
25.4808 2.76261
25.5803 2.57238
25.6798 2.32316
25.7794 2.02184
25.8789 1.67875
25.9784 1.30568
26.078 0.913886
26.1775 0.512871
26.277 0.11034
26.3766 -0.286924
26.4761 -0.671988
26.5756 -1.03719
26.6752 -1.37443
26.7747 -1.67606
26.8742 -1.93597
26.9738 -2.15021
27.0733 -2.31708
27.1729 -2.4369
27.2724 -2.51165
27.3719 -2.54498
27.4715 -2.54212
27.571 -2.50947
27.6705 -2.45353
27.7701 -2.37918
27.8696 -2.28797
27.9691 -2.1773
28.0687 -2.04115
28.1682 -1.87228
28.2677 -1.66524
28.3673 -1.41898
28.4668 -1.13777
28.5663 -0.83029
28.6659 -0.507326
28.7654 -0.179115
28.8649 0.146314
28.9645 0.463348
29.064 0.767758
29.1635 1.05534
29.2631 1.32123
29.3626 1.56032
29.4621 1.76853
29.5617 1.94411
29.6612 2.08801
29.7607 2.203
29.8603 2.29178
29.9598 2.35512
30.0593 2.39078
30.1589 2.39387
30.2584 2.35847
30.3579 2.27961
30.4575 2.15493
30.557 1.98543
30.6566 1.77517
30.7561 1.53048
30.8556 1.25903
30.9552 0.969199
31.0547 0.669662
31.1542 0.368953
31.2538 0.0748763
31.3533 -0.206203
31.4528 -0.469864
31.5524 -0.713631
31.6519 -0.936353
31.7514 -1.13723
31.851 -1.31499
31.9505 -1.46764
32.05 -1.59296
32.1496 -1.6894
32.2491 -1.75685
32.3486 -1.7967
32.4482 -1.81123
32.5477 -1.80254
32.6472 -1.77174
32.7468 -1.71894
32.8463 -1.64405
32.9458 -1.54794
33.0454 -1.43332
33.1449 -1.30456
33.2444 -1.16663
33.344 -1.0234
33.4435 -0.87632
33.543 -0.724221
33.6426 -0.564315
33.7421 -0.394105
33.8416 -0.213261
33.9412 -0.0246086
34.0407 0.166169
34.1402 0.351922
34.2398 0.525842
34.3393 0.682901
34.4389 0.820434
34.5384 0.937833
34.6379 1.03575
34.7375 1.11532
34.837 1.17768
34.9365 1.22392
35.0361 1.25515
35.1356 1.27248
35.2351 1.27675
35.3347 1.26819
35.4342 1.24622
35.5337 1.20961
35.6333 1.15697
35.7328 1.08741
35.8323 1.00102
35.9319 0.899065
36.0314 0.783742
36.1309 0.657804
36.2305 0.524195
36.33 0.385857
36.4295 0.245708
36.5291 0.106634
36.6286 -0.0286233
36.7281 -0.157698
36.8277 -0.278835
36.9272 -0.390948
37.0267 -0.493426
37.1263 -0.585746
37.2258 -0.66712
37.3253 -0.736403
37.4249 -0.792352
37.5244 -0.834106
37.6239 -0.861608
37.7235 -0.875682
37.823 -0.877675
37.9226 -0.86881
38.0221 -0.849602
38.1216 -0.819663
38.2212 -0.778041
38.3207 -0.72395
38.4202 -0.657529
38.5198 -0.580258
38.6193 -0.494835
38.7188 -0.404597
38.8184 -0.312781
38.9179 -0.221967
39.0174 -0.133914
39.117 -0.0497489
39.2165 0.0296905
39.316 0.103601
39.4156 0.171181
39.5151 0.231781
39.6146 0.285051
39.7142 0.330956
39.8137 0.369597
39.9132 0.400953
40.0128 0.42472
40.1123 0.440375
40.2118 0.447448
40.3114 0.445863
40.4109 0.43614
40.5104 0.419352
40.61 0.39685
40.7095 0.369919
40.809 0.339553
40.9086 0.30643
41.0081 0.271082
41.1076 0.23409
41.2072 0.196175
41.3067 0.158128
41.4062 0.120636
41.5058 0.0841606
41.6053 0.0489638
41.7049 0.0152816
41.8044 -0.0164635
41.9039 -0.0455726
42.0035 -0.0711894
42.103 -0.0925848
42.2025 -0.109449
42.3021 -0.122012
42.4016 -0.13091
42.5011 -0.136868
42.6007 -0.140367
42.7002 -0.141505
42.7997 -0.140111
42.8993 -0.136043
42.9988 -0.129472
43.0983 -0.120969
43.1979 -0.111345
43.2974 -0.101329
43.3969 -0.091293
43.4965 -0.0811944
43.596 -0.0707642
43.6955 -0.0598307
43.7951 -0.048568
43.8946 -0.0375123
43.9941 -0.0273339
44.0937 -0.0185047
44.1932 -0.011071
44.2927 -0.00467447
44.3923 0.00118776
44.4918 0.00682562
44.5913 0.0121496
44.6909 0.0167245
44.7904 0.0200498
44.8899 0.0218913
44.9895 0.0224565
45.089 0.022302
45.1886 0.0220303
45.2881 0.0219618
45.3876 0.0219859
45.4872 0.0216811
45.5867 0.0206275
45.6862 0.0187145
45.7858 0.0162497
45.8853 0.0138022
45.9848 0.011877
46.0844 0.010626
46.1839 0.00977736
46.2834 0.00882762
46.383 0.00737653
46.4825 0.00539529
46.582 0.00325936
46.6816 0.00152472
46.7811 0.000587087
46.8806 0.000437206
46.9802 0.000665577
47.0797 0.00071442
47.1792 0.00022017
47.2788 -0.00076679
47.3783 -0.00182179
47.4778 -0.00241959
47.5774 -0.00227057
47.6769 -0.00150928
47.7764 -0.000617262
47.876 -0.000128836
47.9755 -0.000303654
48.075 -0.000970808
48.1746 -0.00164165
48.2741 -0.00182052
48.3736 -0.00131881
48.4732 -0.000376038
48.5727 0.000487703
48.6723 0.000795387
48.7718 0.000410229
48.8713 -0.000379468
48.9709 -0.00104078
49.0704 -0.00112906
49.1699 -0.000565085
49.2695 0.000316589
49.369 0.000978046
49.4685 0.00101537
49.5681 0.000411893
49.6676 -0.000450946
49.7671 -0.00103167
49.8667 -0.000966784
49.9662 -0.000297314
50.0657 0.000557577
50.1653 0.00106319
50.2648 0.000903742
50.3643 0.000179529
50.4639 -0.000656188
50.5634 -0.0010809
50.6629 -0.000829563
50.7625 -5.99644e-05
50.862 0.000746311
50.9615 0.00108526
51.0611 0.000745521
51.1606 -5.98376e-05
51.2601 -0.000826937
51.3597 -0.00107635
51.4592 -0.00065274
51.5587 0.000178401
51.6583 0.000897142
51.7578 0.00105437
51.8573 0.000552408
51.9569 -0.000294284
52.0564 -0.000956128
52.1559 -0.00101965
52.2555 -0.000445788
52.355 0.000406092
52.4546 0.00100324
52.5541 0.000972689
52.6536 0.000334206
52.7532 -0.000512489
52.8527 -0.00103796
52.9522 -0.000914116
53.0518 -0.00021904
53.1513 0.000612215
53.2508 0.00105994
53.3504 0.000844696
53.4499 0.000101699
53.5494 -0.000704099
53.649 -0.00106898
53.7485 -0.000765318
53.848 1.63936e-05
53.9476 0.000787071
54.0471 0.00106501
54.1466 0.000676986
54.2462 -0.000133812
54.3457 -0.000860173
54.4452 -0.00104816
54.5448 -0.000580802
54.6443 0.000249148
54.7438 0.000922571
54.8434 0.00101868
54.9429 0.000477954
55.0424 -0.000361028
55.142 -0.000973565
55.2415 -0.000976984
55.341 -0.000369705
55.4406 0.000468126
55.5401 0.00101259
55.6396 0.000923614
55.7392 0.00025737
55.8387 -0.000569179
55.9383 -0.00103923
56.0378 -0.000859257
56.1373 -0.00014231
56.2369 0.000663003
56.3364 0.00105321
56.4359 0.000784723
56.5355 2.59088e-05
56.635 -0.000748504
56.7345 -0.00105441
56.8341 -0.00070094
56.9336 9.04395e-05
57.0331 0.000824692
57.1327 0.00104286
57.2322 0.000608937
57.3317 -0.000205348
57.4313 -0.000890688
57.5308 -0.00101874
57.6303 -0.000509838
57.7299 0.000317453
57.8294 0.00094574
57.9289 0.000982379
58.0285 0.000404844
58.128 -0.000425427
58.2275 -0.000989223
58.3271 -0.000934241
58.4266 -0.000295221
58.5261 0.000527997
58.6257 0.00102065
58.7252 0.000874931
58.8247 0.000182285
58.9243 -0.000623959
59.0238 -0.00103968
59.1233 -0.000805183
59.2229 -6.73865e-05
59.3224 0.000712187
59.422 0.00104612
59.5215 0.000725847
59.621 -4.81057e-05
59.7206 -0.000791649
59.8201 -0.00103992
59.9196 -0.000637887
60.0192 0.000162819
60.1187 0.000861421
60.2182 0.00102116
60.3178 0.000542363
60.4173 -0.000275393
60.5168 -0.000920689
60.6164 -0.000990107
60.7159 -0.000440419
60.8154 0.000384495
60.915 0.000968768
61.0145 0.000947135
61.114 0.000333275
61.2136 -0.000488837
61.3131 -0.0010051
61.4126 -0.00089277
61.5122 -0.000222206
61.6117 0.000587187
61.7112 0.00102927
61.8108 0.000827668
61.9103 0.000108533
62.0098 -0.000678383
62.1094 -0.001041
62.2089 -0.00075261
62.3084 6.39466e-06
62.408 0.000761351
62.5075 0.00104016
62.607 0.000668491
62.7066 -0.000121215
62.8061 -0.000835111
62.9056 -0.00102676
63.0052 -0.000576309
63.1047 0.000234569
63.2043 0.000898792
63.3038 0.00100097
63.4033 0.000477157
63.5029 -0.000345113
63.6024 -0.000951639
63.7019 -0.000963081
63.8015 -0.000372207
63.901 0.000451539
64.0005 0.000993023
64.1001 0.000913548
64.1996 0.000262701
64.2991 -0.000552585
64.3987 -0.00102245
64.4982 -0.000852947
64.5977 -0.00014993
64.6973 0.000647051
64.7968 0.00103956
64.8963 0.000781986
64.9959 3.52264e-05
65.0954 -0.000733814
65.1949 -0.00104414
65.2945 -0.000701494
65.394 8.00549e-05
65.4935 0.000811838
65.5931 0.00103612
65.6926 0.000612411
65.7921 -0.000194551
65.8917 -0.000880188
65.9912 -0.00101558
66.0907 -0.000515776
66.1903 0.000306907
66.2898 0.000938038
66.3893 0.000982734
66.4889 0.000412719
66.5884 -0.00041579
66.688 -0.000984685
66.7875 -0.00093795
66.887 -0.000304446
66.9866 0.000519906
67.0861 0.00101955
67.1856 0.000881728
67.2852 0.000192223
67.3847 -0.000618011
67.4842 -0.0010422
67.5838 -0.000814707
67.6833 -7.73672e-05
67.7828 0.000708932
67.8824 0.00105233
67.9819 0.000737647
68.0814 -3.8771e-05
68.181 -0.000791571
68.2805 -0.00104978
68.38 -0.000651428
68.4796 0.000154824
68.5791 0.000864928
68.6786 0.00103454
68.7782 0.00055704
68.8777 -0.000269419
68.9772 -0.000928102
69.0768 -0.00100674
69.1763 -0.000455568
69.2758 0.000381198
69.3754 0.000980311
69.4749 0.000966676
69.5744 0.000348184
69.674 -0.00048883
69.7735 -0.00102089
69.873 -0.000914763
69.9726 -0.000236132
70.0721 0.000591026
70.1716 0.00104932
70.2712 0.000851563
70.3707 0.000120714
70.4703 -0.000686555
70.5698 -0.0010652
70.6693 -0.000777771
70.7689 -3.27769e-06
70.8684 0.000774258
70.9679 0.0010683
71.0675 0.000694207
71.167 -0.0001148
71.2665 -0.00085306
71.3661 -0.00105849
71.4656 -0.000601807
71.5651 0.00023213
71.6647 0.000921984
71.7642 0.00103584
71.8637 0.000501614
71.9633 -0.000347323
72.0628 -0.000980162
72.1623 -0.00100054
72.2619 -0.000394765
72.3614 0.000459007
72.4609 0.00102684
72.5605 0.000952922
72.66 0.000282481
72.7595 -0.000565843
72.8591 -0.00106141
72.9586 -0.000893482
73.0581 -0.000166053
73.1577 0.000666541
73.2572 0.00108337
73.3567 0.00082284
73.4563 4.68251e-05
73.5558 -0.000759872
73.6553 -0.00109239
73.7549 -0.000741752
73.8544 7.38153e-05
73.954 0.000844684
74.0535 0.00108826
74.153 0.000651101
74.2526 -0.000194456
74.3521 -0.000919917
74.4516 -0.00107095
74.5512 -0.000551884
74.6507 0.000313677
74.7502 0.000984611
74.8498 0.00104054
74.9493 0.000445203
75.0488 -0.00043006
75.1484 -0.00103792
75.2479 -0.000997298
75.3474 -0.000332255
75.447 0.000542214
75.5465 0.00107912
75.646 0.000941626
75.7456 0.000214318
75.8451 -0.00064878
75.9446 -0.00110764
76.0442 -0.000874071
76.1437 -9.27377e-05
76.2432 0.000748457
76.3428 0.00112301
76.4423 0.000795323
76.5418 -3.10893e-05
76.6414 -0.000840009
76.7409 -0.00112493
76.8404 -0.000706204
76.94 0.000155727
77.0395 0.000922282
77.139 0.00111327
77.2386 0.000607663
77.3381 -0.000279717
77.4377 -0.000994219
77.5372 -0.00108801
77.6367 -0.000500765
77.7363 0.000401596
77.8358 0.00105487
77.9353 0.00104933
78.0349 0.00038668
78.1344 -0.000519911
78.2339 -0.0011034
78.3335 -0.000997528
78.433 -0.000266672
78.5325 0.000633234
78.6321 0.00113912
78.7316 0.000933074
78.8311 0.000142085
78.9307 -0.000740179
79.0302 -0.00116146
79.1297 -0.000856583
79.2293 -1.43279e-05
79.3288 0.00083942
79.4283 0.00117001
79.5279 0.000768811
79.6274 -0.000115138
79.7269 -0.000929703
79.8265 -0.0011645
79.926 -0.000670652
80.0255 0.000244818
80.1251 0.00100986
80.2246 0.00114482
80.3241 0.000563127
80.4237 -0.000373195
80.5232 -0.00107883
80.6227 -0.00111102
80.7223 -0.000447375
80.8218 0.00049875
80.9213 0.00113566
81.0209 0.00106333
81.1204 0.000324641
81.22 -0.000619981
81.3195 -0.00117952
81.419 -0.0010021
81.5186 -0.000196263
81.6181 0.000735411
81.7176 0.00120972
81.8172 0.000927863
81.9167 6.36623e-05
82.0162 -0.000843613
82.1158 -0.00122572
82.2153 -0.000841301
82.3148 7.16782e-05
82.4144 0.000943222
82.5139 0.00122712
82.6134 0.000743241
82.713 -0.000208223
82.8125 -0.00103295
82.912 -0.00121369
83.0116 -0.000634647
83.1111 0.000344404
83.2106 0.0011116
83.3102 0.00118536
83.4097 0.000516618
83.5092 -0.000478634
83.6088 -0.00117809
83.7083 -0.00114221
83.8078 -0.00039037
83.9074 0.000609326
84.0069 0.00123145
84.1064 0.00108451
84.206 0.000257228
84.3055 -0.000734909
84.405 -0.00127085
84.5046 -0.00101267
84.6041 -0.000118612
84.7037 0.000853846
84.8032 0.00129557
84.9027 0.00092727
85.0023 -2.39745e-05
85.1018 -0.000964651
85.2013 -0.00130509
85.3009 -0.00082906
85.4004 0.000168965
85.4999 0.0010659
85.5995 0.00129901
85.699 0.000718926
85.7985 -0.000314741
85.8981 -0.00115626
85.9976 -0.00127712
86.0971 -0.000597902
86.1967 0.000459651
86.2962 0.00123448
86.3957 0.00123934
86.4953 0.000467156
86.5948 -0.000602027
86.6943 -0.00129943
86.7939 -0.00118579
86.8934 -0.000327977
86.9929 0.0007402
87.0925 0.00135011
87.192 0.00111676
87.2915 0.000181765
87.3911 -0.00087252
87.4906 -0.00138563
87.5901 -0.00103269
87.6897 -3.00166e-05
87.7892 0.000997371
87.8887 0.00140528
87.9883 0.000934203
88.0878 -0.000125689
88.1873 -0.00111319
88.2869 -0.00140848
88.3864 -0.000822065
88.486 0.000283707
88.5855 0.00121848
88.685 0.0013948
88.7846 0.000697204
88.8841 -0.000442342
88.9836 -0.00131183
89.0832 -0.001364
89.1827 -0.000560686
89.2822 0.000599868
89.3818 0.00139193
89.4813 0.001316
89.5808 0.000413713
89.6804 -0.00075454
89.7799 -0.00145756
89.8794 -0.00125087
89.979 -0.000257604
90.0785 0.000904618
90.178 0.00150765
90.2776 0.00116885
90.3771 9.37862e-05
90.4766 -0.00104838
90.5762 -0.00154124
90.6757 -0.00107037
90.7752 7.62246e-05
90.8748 0.00118414
90.9743 0.00155752
91.0738 0.00095598
91.1734 -0.000250838
91.2729 -0.00131025
91.3724 -0.00155582
91.472 -0.000826391
91.5715 0.000428406
91.671 0.00142517
91.7706 0.00153562
91.8701 0.000682446
91.9697 -0.000607245
92.0692 -0.00152739
92.1687 -0.00149655
92.2683 -0.000525107
92.3678 0.000785652
92.4673 0.00161552
92.5669 0.00143836
92.6664 0.000355437
92.7659 -0.000961924
92.8655 -0.00168827
92.965 -0.00136096
93.0645 -0.000174583
93.1641 0.00113438
93.2636 0.00174445
93.3631 0.00126438
93.4627 -1.62543e-05
93.5622 -0.00130138
93.6617 -0.00178298
93.7613 -0.00114872
93.8608 0.000215841
93.9603 0.00146135
94.0599 0.00180288
94.1594 0.00101421
94.2589 -0.000422947
94.3585 -0.00161278
94.458 -0.00180328
94.5575 -0.000861079
94.6571 0.000636382
94.7566 0.00175426
94.8561 0.00178339
94.9557 0.000689581
95.0552 -0.000855037
95.1547 -0.00188451
95.2543 -0.00174245
95.3538 -0.00049991
95.4534 0.00107794
95.5529 0.00200233
95.6524 0.00167973
95.752 0.000292133
95.8515 -0.0013043
95.951 -0.00210668
96.0506 -0.00159444
96.1501 -6.60896e-05
96.2496 0.00153362
96.3492 0.00219664
96.4487 0.00148567
96.5482 -0.000178735
96.6478 -0.00176575
96.7473 -0.00227139
96.8468 -0.00135222
96.9464 0.000443392
97.0459 0.00200104
97.1454 0.00233023
97.245 0.00119248
97.3445 -0.000729722
97.444 -0.0022405
97.5436 -0.00237252
97.6431 -0.00100409
97.7426 0.00104072
97.8422 0.00248604
97.9417 0.00239759
98.0412 0.000783607
98.1408 -0.00138107
98.2403 -0.00274085
98.3398 -0.00240465
98.4394 -0.000525835
98.5389 0.00175806
98.6384 0.00300997
98.738 0.00239264
98.8375 0.000222798
98.937 -0.00218293
99.0366 -0.00330122
99.1361 -0.00235986
99.2357 0.000138021
99.3352 0.0026734
99.4347 0.00362694
99.5343 0.00230344
99.6338 -0.000576891
99.7333 -0.00325822
99.8329 -0.00400714
99.9324 -0.00221832
100.032 0.00112812
100.131 0.00398636
100.231 0.00447604
100.331 0.00209499
100.43 -0.00185353
100.53 -0.00494694
100.629 -0.00509645
100.729 -0.00191411
100.828 0.00287436
100.928 0.00631749
101.027 0.00599486
101.127 0.00163122
101.226 -0.00445608
101.326 -0.00849062
101.425 -0.00744696
101.525 -0.00112241
101.624 0.00720925
101.724 0.0121703
101.824 0.0091971
