0 0.00194879
0.0995343 -0.0340221
0.199069 -0.0549288
0.298603 -0.0436017
0.398137 0.00412791
0.497671 0.0776016
0.597206 0.156772
0.69674 0.221181
0.796274 0.25694
0.895808 0.257906
0.995343 0.221375
1.09488 0.142556
1.19441 0.0131524
1.29395 -0.173194
1.39348 -0.410579
1.49301 -0.671599
1.59255 -0.905723
1.69208 -1.04827
1.79162 -1.03752
1.89115 -0.833129
1.99069 -0.428762
2.09022 0.144486
2.18975 0.8218
2.28929 1.51027
2.38882 2.09273
2.48836 2.43163
2.58789 2.38081
2.68742 1.814
2.78696 0.672294
2.88649 -0.979856
2.98603 -2.91338
3.08556 -4.73603
3.1851 -5.95557
3.28463 -6.10172
3.38416 -4.87716
3.4837 -2.28736
3.58323 1.3029
3.68277 5.21942
3.7823 8.63176
3.88184 10.7681
3.98137 11.1242
4.0809 9.59867
4.18044 6.50926
4.27997 2.48906
4.37951 -1.69924
4.47904 -5.36538
4.57858 -8.04459
4.67811 -9.55923
4.77764 -9.98422
4.87718 -9.54585
4.97671 -8.50339
5.07625 -7.06066
5.17578 -5.33462
5.27532 -3.37949
5.37485 -1.24179
5.47438 0.988366
5.57392 3.15767
5.67345 5.07102
5.77299 6.54263
5.87252 7.45159
5.97206 7.77528
6.07159 7.58527
6.17112 7.00804
6.27066 6.1693
6.37019 5.14762
6.46973 3.95856
6.56926 2.57598
6.6688 0.979543
6.76833 -0.795174
6.86786 -2.62922
6.9674 -4.33123
7.06693 -5.685
7.16647 -6.5153
7.266 -6.74447
7.36553 -6.41593
7.46507 -5.67471
7.5646 -4.71354
7.66414 -3.70749
7.76367 -2.76404
7.86321 -1.90736
7.96274 -1.09921
8.06227 -0.282931
8.16181 0.572404
8.26134 1.44823
8.36088 2.28211
8.46041 2.99679
8.55995 3.53587
8.65948 3.88748
8.75901 4.08492
8.85855 4.18522
8.95808 4.23767
9.05762 4.25784
9.15715 4.21874
9.25669 4.06148
9.35622 3.71854
9.45575 3.13837
9.55529 2.30187
9.65482 1.22694
9.75436 -0.0358261
9.85389 -1.41094
9.95343 -2.80468
10.053 -4.11042
10.1525 -5.21591
10.252 -6.0156
10.3516 -6.42841
10.4511 -6.41601
10.5506 -5.99434
10.6502 -5.2319
10.7497 -4.2337
10.8492 -3.11602
10.9488 -1.98133
11.0483 -0.902242
11.1478 0.081178
11.2474 0.953157
11.3469 1.70983
11.4464 2.35011
11.546 2.87362
11.6455 3.28409
11.745 3.59333
11.8446 3.82052
11.9441 3.9856
12.0436 4.09954
12.1432 4.15746
12.2427 4.13894
12.3422 4.01635
12.4418 3.76698
12.5413 3.3826
12.6409 2.87171
12.7404 2.25399
12.8399 1.55122
12.9395 0.780888
13.039 -0.0431818
13.1385 -0.90368
13.2381 -1.77105
13.3376 -2.59986
13.4371 -3.33427
13.5367 -3.92159
13.6362 -4.3275
13.7357 -4.54526
13.8353 -4.59371
13.9348 -4.50504
14.0343 -4.30855
14.1339 -4.01905
14.2334 -3.63563
14.3329 -3.15118
14.4325 -2.56657
14.532 -1.90127
14.6315 -1.19416
14.7311 -0.493683
14.8306 0.157464
14.9301 0.735125
15.0297 1.2376
15.1292 1.67918
15.2287 2.07751
15.3283 2.44171
15.4278 2.7674
15.5273 3.04021
15.6269 3.24474
15.7264 3.37302
15.8259 3.42751
15.9255 3.41743
16.025 3.35114
16.1245 3.22979
16.2241 3.04625
16.3236 2.79001
16.4232 2.45519
16.5227 2.0469
16.6222 1.58221
16.7218 1.08533
16.8213 0.579861
16.9208 0.0823257
17.0204 -0.39966
17.1199 -0.864234
17.2194 -1.30966
17.319 -1.72989
17.4185 -2.11396
17.518 -2.4493
17.6176 -2.72651
17.7171 -2.94255
17.8166 -3.10031
17.9162 -3.20496
18.0157 -3.25939
18.1152 -3.26159
18.2148 -3.20551
18.3143 -3.0847
18.4138 -2.8963
18.5134 -2.64307
18.6129 -2.33215
18.7124 -1.97172
18.812 -1.56771
18.9115 -1.12293
19.011 -0.639216
19.1106 -0.121432
19.2101 0.419199
19.3096 0.964447
19.4092 1.49176
19.5087 1.97894
19.6082 2.40853
19.7078 2.76983
19.8073 3.05813
19.9069 3.27206
20.0064 3.41119
20.1059 3.47508
20.2055 3.46416
20.305 3.38129
20.4045 3.23241
20.5041 3.02548
20.6036 2.76808
20.7031 2.46518
20.8027 2.11862
20.9022 1.72894
21.0017 1.29868
21.1013 0.835285
21.2008 0.351962
21.3003 -0.134348
21.3999 -0.606852
21.4994 -1.05277
21.5989 -1.46522
21.6985 -1.84242
21.798 -2.18468
21.8975 -2.49117
21.9971 -2.75791
22.0966 -2.97806
22.1961 -3.14385
22.2957 -3.24895
22.3952 -3.28994
22.4947 -3.26639
22.5943 -3.17977
22.6938 -3.03235
22.7933 -2.8267
22.8929 -2.56603
22.9924 -2.25477
23.0919 -1.89875
23.1915 -1.50472
23.291 -1.07939
23.3905 -0.629084
23.4901 -0.160278
23.5896 0.318801
23.6892 0.79656
23.7887 1.25756
23.8882 1.68393
23.9878 2.05848
24.0873 2.36826
24.1868 2.60694
24.2864 2.77504
24.3859 2.87791
24.4854 2.92272
24.585 2.91598
24.6845 2.86271
24.784 2.76715
24.8836 2.63421
24.9831 2.47007
25.0826 2.28141
25.1822 2.07339
25.2817 1.84769
25.3812 1.60209
25.4808 1.33198
25.5803 1.03353
25.6798 0.706758
25.7794 0.357089
25.8789 -0.00553656
25.9784 -0.369366
26.078 -0.723927
26.1775 -1.06186
26.277 -1.37868
26.3766 -1.67085
26.4761 -1.93366
26.5756 -2.16023
26.6752 -2.34253
26.7747 -2.47377
26.8742 -2.55088
26.9738 -2.57566
27.0733 -2.55388
27.1729 -2.49281
27.2724 -2.39855
27.3719 -2.27445
27.4715 -2.12134
27.571 -1.93916
27.6705 -1.72899
27.7701 -1.49413
27.8696 -1.23993
27.9691 -0.972332
28.0687 -0.696325
28.1682 -0.415011
28.2677 -0.129812
28.3673 0.158472
28.4668 0.448381
28.5663 0.736931
28.6659 1.01939
28.7654 1.28955
28.8649 1.54007
28.9645 1.76292
29.064 1.94977
29.1635 2.09299
29.2631 2.18708
29.3626 2.23033
29.4621 2.2259
29.5617 2.18165
29.6612 2.10819
29.7607 2.01594
29.8603 1.91208
29.9598 1.79888
30.0593 1.67398
30.1589 1.53245
30.2584 1.36958
30.3579 1.18296
30.4575 0.973157
30.557 0.742784
30.6566 0.495029
30.7561 0.232682
30.8556 -0.0415989
30.9552 -0.323935
31.0547 -0.607734
31.1542 -0.883169
31.2538 -1.13829
31.3533 -1.36148
31.4528 -1.54427
31.5524 -1.68311
31.6519 -1.77945
31.7514 -1.83814
31.851 -1.86498
31.9505 -1.8647
32.05 -1.84014
32.1496 -1.7927
32.2491 -1.72351
32.3486 -1.63454
32.4482 -1.52881
32.5477 -1.40997
32.6472 -1.2814
32.7468 -1.14548
32.8463 -1.00336
32.9458 -0.855129
33.0454 -0.700204
33.1449 -0.537493
33.2444 -0.365501
33.344 -0.182555
33.4435 0.0125536
33.543 0.219469
33.6426 0.43511
33.7421 0.653054
33.8416 0.863974
33.9412 1.0572
34.0407 1.22287
34.1402 1.35392
34.2398 1.44701
34.3393 1.50235
34.4389 1.52259
34.5384 1.51154
34.6379 1.47341
34.7375 1.41265
34.837 1.3342
34.9365 1.2436
35.0361 1.14639
35.1356 1.04715
35.2351 0.948316
35.3347 0.849777
35.4342 0.74929
35.5337 0.643734
35.6333 0.53052
35.7328 0.408481
35.8323 0.277894
35.9319 0.139853
36.0314 -0.00442849
36.1309 -0.153775
36.2305 -0.306496
36.33 -0.459481
36.4295 -0.607657
36.5291 -0.744366
36.6286 -0.862702
36.7281 -0.95727
36.8277 -1.02547
36.9272 -1.06766
37.0267 -1.08615
37.1263 -1.08368
37.2258 -1.06218
37.3253 -1.02261
37.4249 -0.965791
37.5244 -0.893653
37.6239 -0.809908
37.7235 -0.719627
37.823 -0.627808
37.9226 -0.537683
38.0221 -0.449761
38.1216 -0.362199
38.2212 -0.272338
38.3207 -0.178601
38.4202 -0.0817106
38.5198 0.0153851
38.6193 0.108756
38.7188 0.195108
38.8184 0.272828
38.9179 0.341913
39.0174 0.402939
39.117 0.455842
39.2165 0.499337
39.316 0.531387
39.4156 0.550406
39.5151 0.556421
39.6146 0.551389
39.7142 0.538408
39.8137 0.520262
39.9132 0.498149
40.0128 0.471389
40.1123 0.438285
40.2118 0.397636
40.3114 0.349974
40.4109 0.297777
40.5104 0.244527
40.61 0.193177
40.7095 0.144969
40.809 0.0992809
40.9086 0.0546005
41.0081 0.00997764
41.1076 -0.0339382
41.2072 -0.0749252
41.3067 -0.110257
41.4062 -0.138146
41.5058 -0.158666
41.6053 -0.173593
41.7049 -0.185261
41.8044 -0.195145
41.9039 -0.203055
42.0035 -0.207402
42.103 -0.20638
42.2025 -0.199294
42.3021 -0.187212
42.4016 -0.172539
42.5011 -0.15777
42.6007 -0.144213
42.7002 -0.131462
42.7997 -0.117943
42.8993 -0.102162
42.9988 -0.0838916
43.0983 -0.0645208
43.1979 -0.0463708
43.2974 -0.0313977
43.3969 -0.0200973
43.4965 -0.0112974
43.596 -0.00296654
43.6955 0.00646522
43.7951 0.0170965
43.8946 0.0274814
43.9941 0.035534
44.0937 0.0398404
44.1932 0.0405589
44.2927 0.0393462
44.3923 0.038359
44.4918 0.0389554
44.5913 0.0409069
44.6909 0.0426086
44.7904 0.0421529
44.8899 0.0385935
44.9895 0.032608
45.089 0.026148
45.1886 0.0212947
45.2881 0.0190351
45.3876 0.0187178
45.4872 0.0185247
45.5867 0.016656
45.6862 0.0124884
45.7858 0.00698151
45.8853 0.00208538
45.9848 -0.000477624
46.0844 -0.000289702
46.1839 0.00150003
46.2834 0.00289126
46.383 0.00227735
46.4825 -0.000559249
46.582 -0.00432225
46.6816 -0.00702341
46.7811 -0.00723569
46.8806 -0.00499394
46.9802 -0.00178139
47.0797 0.000387821
47.1792 0.00021527
47.2788 -0.00208482
47.3783 -0.0049347
47.4778 -0.00639264
47.5774 -0.00537638
47.6769 -0.00234568
47.7764 0.000981331
47.876 0.00269878
47.9755 0.0019001
48.075 -0.000760404
48.1746 -0.00348118
48.2741 -0.00444224
48.3736 -0.00294267
48.4732 0.000163568
48.5727 0.00300459
48.6723 0.00386283
48.7718 0.00224921
48.8713 -0.000791826
48.9709 -0.00333573
49.0704 -0.00377994
49.1699 -0.00184288
49.2695 0.0012639
49.369 0.00359662
49.4685 0.00369615
49.5681 0.00150007
49.6676 -0.00161968
49.7671 -0.00371566
49.8667 -0.00348232
49.9662 -0.00107075
50.0657 0.0020077
50.1653 0.00382763
50.2648 0.00325307
50.3643 0.000646133
50.4639 -0.00236135
50.5634 -0.00388932
50.6629 -0.00298467
50.7625 -0.000215728
50.862 0.00268477
50.9615 0.00390392
51.0611 0.00268171
51.1606 -0.000215237
51.2601 -0.00297448
51.3597 -0.00387163
51.4592 -0.00234795
51.5587 0.000641737
51.6583 0.0032273
51.7578 0.00379308
51.8573 0.00198741
51.9569 -0.00105883
52.0564 -0.00344043
52.1559 -0.00366935
52.2555 -0.0016044
52.355 0.0014617
52.4546 0.00361154
52.5541 0.00350204
52.6536 0.00120344
52.7532 -0.0018457
52.8527 -0.00373878
52.9522 -0.00329325
53.0518 -0.000789271
53.1513 0.00220642
53.2508 0.00382079
53.3504 0.00304552
53.4499 0.00036675
53.5494 -0.00253971
53.649 -0.00385673
53.7485 -0.00276183
53.848 5.9175e-05
53.9476 0.00284176
54.0471 0.00384629
54.1466 0.00244559
54.2462 -0.000483525
54.3457 -0.00310909
54.4452 -0.00378968
54.5448 -0.00210054
54.6443 0.000901348
54.7438 0.00333864
54.8434 0.00368762
54.9429 0.00173075
55.0424 -0.00130777
55.142 -0.00352778
55.2415 -0.00354139
55.341 -0.00134058
55.4406 0.00169806
55.5401 0.00367435
55.6396 0.00335271
55.7392 0.000934598
55.8387 -0.00206766
55.9383 -0.00377666
56.0378 -0.00312384
56.1373 -0.000517573
56.2369 0.00241227
56.3364 0.00383353
56.4359 0.00285745
56.5355 9.43821e-05
56.635 -0.00272784
56.7345 -0.0038443
56.8341 -0.00255667
56.9336 0.000330021
57.0331 0.00301068
57.1327 0.00380883
57.2322 0.00222501
57.3317 -0.000750667
57.4313 -0.00325747
57.5308 -0.00372751
57.6303 -0.00186634
57.7299 0.00116263
57.8294 0.00346529
57.9289 0.00360126
58.0285 0.00148482
58.128 -0.00156107
58.2275 -0.00363165
58.3271 -0.0034315
58.4266 -0.0010849
58.5261 0.00194129
58.6257 0.00375455
58.7252 0.00322015
58.8247 0.000671238
58.9243 -0.00229883
59.0238 -0.00383247
59.1233 -0.00296961
59.2229 -0.000248662
59.3224 0.00262943
59.422 0.00386441
59.5215 0.00268275
59.621 -0.000177897
59.7206 -0.00292916
59.8201 -0.00384989
59.9196 -0.00236284
60.0192 0.000603445
60.1187 0.00319442
60.2182 0.00378894
60.3178 0.00201353
60.4173 -0.00102299
60.5168 -0.003422
60.6164 -0.00368214
60.7159 -0.00163884
60.8154 0.00143158
60.915 0.00360911
61.0145 0.00353061
61.114 0.00124308
61.2136 -0.0018244
61.3131 -0.00375341
61.4126 -0.00333594
61.5122 -0.000830803
61.6117 0.00219677
61.7112 0.00385305
61.8108 0.00310026
61.9103 0.000406793
62.0098 -0.00254423
62.1094 -0.00390665
62.2089 -0.00282616
62.3084 2.4028e-05
62.408 0.0028626
62.5075 0.00391339
62.607 0.00251667
62.7066 -0.000456634
62.8061 -0.00314801
62.9056 -0.00387296
63.0052 -0.00217527
63.1047 0.000885956
63.2043 0.00339693
63.3038 0.0037856
63.4033 0.00180578
63.5029 -0.00130694
63.6024 -0.00360625
63.7019 -0.00365206
63.8015 -0.00141239
63.901 0.00171458
64.0005 0.00377327
64.1001 0.00347366
64.1996 0.000999575
64.2991 -0.00210403
64.3987 -0.00389579
64.4982 -0.00325221
64.5977 -0.000572068
64.6973 0.0024706
64.7968 0.00397209
64.8963 0.00299002
64.9959 0.000134788
65.0954 -0.00280982
65.1949 -0.00400095
65.2945 -0.00268992
65.394 0.000307196
65.4935 0.00311753
65.5931 0.0039817
65.6926 0.00235514
65.7921 -0.00074873
65.8917 -0.00338989
65.9912 -0.00391421
66.0907 -0.00198936
66.1903 0.00118463
66.2898 0.00362341
66.3893 0.00379891
66.4889 0.00159663
66.5884 -0.00160972
66.688 -0.00381507
66.7875 -0.00363675
66.887 -0.00118134
66.9866 0.00201894
67.0861 0.00396224
67.1856 0.00342926
67.2852 0.000748181
67.3847 -0.00240733
67.4842 -0.00406283
67.5838 -0.00317847
67.6833 -0.000302075
67.7828 0.00277016
67.8824 0.00411523
67.9819 0.00288693
68.0814 -0.000151859
68.181 -0.00310293
68.2805 -0.00411838
68.38 -0.00255768
68.4796 0.00060837
68.5791 0.00340144
68.6786 0.00407175
68.7782 0.00219421
68.8777 -0.00106213
68.9772 -0.00366185
69.0768 -0.0039754
69.1763 -0.00180043
69.2758 0.00150777
69.3754 0.00388071
69.4749 0.00382994
69.5744 0.00138065
69.674 -0.00193999
69.7735 -0.004055
69.873 -0.00363653
69.9726 -0.000939516
70.0721 0.00235358
70.1716 0.00418219
70.2712 0.00339692
70.3707 0.00048195
70.4703 -0.00274345
70.5698 -0.00426024
70.6693 -0.00311338
70.7689 -1.3132e-05
70.8684 0.00310478
70.9679 0.00428766
71.0675 0.00278871
71.167 -0.000461578
71.2665 -0.00343296
71.3661 -0.00426351
71.4656 -0.00242621
71.5651 0.000936688
71.6647 0.00372375
71.7642 0.00418741
71.8637 0.00202964
71.9633 -0.00140663
72.0628 -0.00397325
72.1623 -0.00405959
72.2619 -0.00160321
72.3614 0.00186584
72.4609 0.00417799
72.5605 0.00388085
72.66 0.00115151
72.7595 -0.00230879
72.8591 -0.00433495
72.9586 -0.00365258
73.0581 -0.000679479
73.1577 0.00273006
73.2572 0.00444163
73.3567 0.00337675
73.4563 0.000192346
73.5558 -0.00312441
73.6553 -0.00449604
73.7549 -0.00305589
73.8544 0.000304406
73.954 0.00348683
74.0535 0.00449677
74.153 0.00269307
74.2526 -0.000805112
74.3521 -0.00381258
74.4516 -0.00444299
74.5512 -0.00229189
74.6507 0.00130398
74.7502 0.00409728
74.8498 0.00433445
74.9493 0.00185643
75.0488 -0.00179514
75.1484 -0.00433694
75.2479 -0.00417153
75.3474 -0.00139122
75.447 0.00227274
75.5465 0.00452801
75.646 0.00395524
75.7456 0.000901186
75.8451 -0.00273096
75.9446 -0.00466744
76.0442 -0.00368718
76.1437 -0.000391626
76.2432 0.00316411
76.3428 0.00475268
76.4423 0.00336956
76.5418 -0.000131861
76.6414 -0.0035667
76.7409 -0.00478178
76.8404 -0.0030052
76.94 0.000663423
77.0395 0.00393347
77.139 0.00475335
77.2386 0.00259748
77.3381 -0.00119701
77.4377 -0.00425947
77.5372 -0.00466663
77.6367 -0.00215031
77.7363 0.00172646
77.8358 0.00454011
77.9353 0.00452151
78.0349 0.00166813
78.1344 -0.0022455
78.2339 -0.00477123
78.3335 -0.00431849
78.433 -0.00115585
78.5325 0.00274791
78.6321 0.00494912
78.7316 0.00405877
78.8311 0.000618799
78.9307 -0.00322748
79.0302 -0.00507061
79.1297 -0.00374416
79.2293 -6.27045e-05
79.3288 0.00367816
79.4283 0.00513308
79.5279 0.00337713
79.6274 -0.000506396
79.7269 -0.00409409
79.8265 -0.0051345
79.926 -0.00296078
80.0255 0.00108219
80.1251 0.00446967
80.2246 0.00507348
80.3241 0.00249882
80.4237 -0.00165815
80.5232 -0.00479961
80.6227 -0.00494929
80.7223 -0.00199553
80.8218 0.00222762
80.9213 0.00507901
81.0209 0.00476185
81.1204 0.00145576
81.22 -0.00278386
81.3195 -0.00530343
81.419 -0.0045118
81.5186 -0.000884848
81.6181 0.0033201
81.7176 0.0054689
81.8172 0.00420046
81.9167 0.0002886
82.0162 -0.00382966
82.1158 -0.00557202
82.2153 -0.00382986
82.3148 0.00032676
82.4144 0.00430596
82.5139 0.00560997
82.6134 0.00340269
82.713 -0.000954651
82.8125 -0.00474264
82.912 -0.00558057
83.0116 -0.00292236
83.1111 0.00158819
83.2106 0.0051336
83.3102 0.0054823
83.4097 0.0023929
83.5092 -0.00222026
83.6088 -0.00547306
83.7083 -0.00531434
83.8078 -0.00181901
83.9074 0.00284358
84.0069 0.00575566
84.1064 0.00507661
84.206 0.00120594
84.3055 -0.00345074
84.405 -0.00597648
84.5046 -0.00476975
84.6041 -0.000559551
84.7037 0.00403434
84.8032 0.00613114
84.9027 0.00439515
85.0023 -0.000113818
85.1018 -0.00458698
85.2013 -0.0062158
85.3009 -0.00395497
85.4004 0.000807346
85.4999 0.00510139
85.5995 0.00622727
85.699 0.0034521
85.7985 -0.00151381
85.8981 -0.00557049
85.9976 -0.00616303
86.0971 -0.00289016
86.1967 0.00222563
86.2962 0.00598745
86.3957 0.00602124
86.4953 0.00227353
86.5948 -0.00293494
86.6943 -0.00634576
86.7939 -0.00580083
86.8934 -0.00160724
86.9929 0.00363365
87.0925 0.00663933
87.192 0.00550149
87.2915 0.00089701
87.3911 -0.00431354
87.4906 -0.00686249
87.5901 -0.00512367
87.6897 -0.000149194
87.7892 0.00496628
87.8887 0.00701012
87.9883 0.00466867
88.0878 -0.000629277
88.1873 -0.00558356
88.2869 -0.00707768
88.3864 -0.00413857
88.486 0.00143093
88.5855 0.00615711
88.685 0.00706125
88.7846 0.00353625
88.8841 -0.00224781
88.9836 -0.00667881
89.0832 -0.0069576
89.1827 -0.00286542
89.2822 0.00307152
89.3818 0.00714077
89.4813 0.00676421
89.5808 0.00213057
89.6804 -0.0038933
89.7799 -0.00753534
89.8794 -0.00647932
89.979 -0.00133696
90.0785 0.0047041
90.178 0.00785525
90.2776 0.00610198
90.3771 0.000490572
90.4766 -0.0054946
90.5762 -0.00809363
90.6757 -0.00563203
90.7752 0.000401869
90.8748 0.00625532
90.9743 0.00824408
91.0738 0.00507013
91.1734 -0.00133298
91.2729 -0.00697669
91.3724 -0.00830072
91.472 -0.00441779
91.5715 0.00229476
91.671 0.00764908
91.7706 0.00825827
91.8701 0.00367734
91.9697 -0.0032786
92.0692 -0.00826289
92.1687 -0.00811202
92.2683 -0.00285194
92.3678 0.00427539
92.4673 0.00880861
92.5669 0.00785794
92.6664 0.00194557
92.7659 -0.00527551
92.8655 -0.00927685
92.965 -0.00749265
93.0645 -0.000962977
93.1641 0.00626894
93.2636 0.00965845
93.3631 0.00701348
93.4627 -9.03291e-05
93.5622 -0.00724529
93.6617 -0.00994446
93.7613 -0.00641841
93.8608 0.00120813
93.9603 0.00819386
94.0599 0.0101262
94.1594 0.00570612
94.2589 -0.00238353
94.3585 -0.00910366
94.458 -0.0101953
94.5575 -0.0048759
94.6571 0.00360904
94.7566 0.00996351
94.8561 0.0101435
94.9557 0.00392767
95.0552 -0.00487663
95.1547 -0.0107621
95.2543 -0.00996316
95.3538 -0.00286183
95.4534 0.00617779
95.5529 0.0114878
95.6524 0.00964651
95.752 0.00167923
95.8515 -0.00750367
95.951 -0.012129
96.0506 -0.00918605
96.1501 -0.000380984
96.2496 0.00884512
96.3492 0.0126739
96.4487 0.00857427
96.5482 -0.00103171
96.6478 -0.0101929
96.7473 -0.0131106
96.8468 -0.00780343
96.9464 0.00255782
97.0459 0.0115376
97.1454 0.0134267
97.245 0.00686526
97.3445 -0.00419686
97.444 -0.0128704
97.5436 -0.0136097
97.6431 -0.00575057
97.7426 0.00594944
97.8422 0.0141825
97.9417 0.0136463
98.0412 0.00444854
98.1408 -0.00781798
98.2403 -0.0154665
98.3398 -0.0135224
98.4394 -0.00294578
98.5389 0.00980796
98.6384 0.0167163
98.738 0.0132226
98.8375 0.00122469
98.937 -0.0119298
99.0366 -0.0179285
99.1361 -0.0127293
99.2357 0.000739059
99.3352 0.0142024
99.4347 0.0191044
99.5343 0.012022
99.6338 -0.0029812
99.7333 -0.0166589
99.8329 -0.0202541
99.9324 -0.0110748
100.032 0.00555765
100.131 0.0193594
100.231 0.0214049
100.331 0.00985353
100.43 -0.00856338
100.53 -0.0224189
100.629 -0.0226218
100.729 -0.00830809
100.828 0.0121785
100.928 0.0260794
101.027 0.0240637
101.127 0.00635353
101.226 -0.0168054
101.326 -0.0309424
101.425 -0.0261833
101.525 -0.00380609
101.624 0.0236507
101.724 0.0391934
101.824 0.0314087
