0.0 -0.00030769384636
0.1 -0.0105639364037
0.2 -0.0242376868519
0.3 -0.0337929618644
0.4 -0.0268419715145
0.5 0.00915660264573
0.6 0.0795221514833
0.7 0.175696734104
0.8 0.273296873889
0.9 0.337294291045
1.0 0.33349300815
1.1 0.241934095717
1.2 0.0659912386871
1.3 -0.167697834402
1.4 -0.418769750383
1.5 -0.646992465135
1.6 -0.822320047485
1.7 -0.925020688399
1.8 -0.93639125964
1.9 -0.828198682844
2.0 -0.562225759171
2.1 -0.106635204059
2.2 0.534871907956
2.3 1.29515655425
2.4 2.03364861449
2.5 2.55438751977
2.6 2.6504611765
2.7 2.16246952515
2.8 1.03396112581
2.9 -0.650704676972
3.0 -2.65444535684
3.1 -4.60534735389
3.2 -6.04732080167
3.3 -6.52532699059
3.4 -5.69934698127
3.5 -3.46537078393
3.6 -0.0445077884046
3.7 4.00425616147
3.8 7.87612224598
3.9 10.7095663733
4.0 11.8220960343
4.1 10.9136820745
4.2 8.16071604219
4.3 4.15967822343
4.4 -0.26214553355
4.5 -4.29708255246
4.6 -7.37249563627
4.7 -9.25397962003
4.8 -10.0124542307
4.9 -9.89220066518
5.0 -9.15498896066
5.1 -7.9736825041
5.2 -6.41216792244
5.3 -4.47980972387
5.4 -2.21400933307
5.5 0.26096723282
5.6 2.72930110011
5.7 4.93105359387
5.8 6.63457753217
5.9 7.69933626234
6.0 8.10390026001
6.1 7.93168881867
6.2 7.32420574698
6.3 6.42247024549
6.4 5.32017796358
6.5 4.04697294969
6.6 2.58833525362
6.7 0.933088988478
6.8 -0.874014410211
6.9 -2.7021118706
7.0 -4.34600257976
7.1 -5.58047059106
7.2 -6.23615719256
7.3 -6.26311370923
7.4 -5.75179299165
7.5 -4.90046356046
7.6 -3.94316735792
7.7 -3.07024053114
7.8 -2.37499079943
7.9 -1.84540271049
8.0 -1.39743817017
8.1 -0.928610860241
8.2 -0.365434783317
8.3 0.31332685132
8.4 1.08049047889
8.5 1.88121366678
8.6 2.65585106423
8.7 3.35410049318
8.8 3.93797010521
8.9 4.37801359464
9.0 4.64932060092
9.1 4.73118279704
9.2 4.61008880082
9.3 4.28288827996
9.4 3.75710626927
9.5 3.04786993576
9.6 2.17380895078
9.7 1.1556484483
9.8 0.0200565080154
9.9 -1.19194047033
10.0 -2.41637810432
10.1 -3.56404346426
10.2 -4.52953210921
10.3 -5.21195044266
10.4 -5.54119372346
10.5 -5.49924656161
10.6 -5.12636957622
10.7 -4.50801844716
10.8 -3.74727664144
10.9 -2.93468944076
11.0 -2.12847344318
11.1 -1.35227153379
11.2 -0.608166472074
11.3 0.104962415951
11.4 0.779117681475
11.5 1.39705573619
11.6 1.94214149981
11.7 2.40972410792
11.8 2.81112750706
11.9 3.16662485661
12.0 3.4911559352
12.1 3.78135442113
12.2 4.01183183745
12.3 4.14322190758
12.4 4.13767158199
12.5 3.97334352925
12.6 3.65037514032
12.7 3.18595272792
12.8 2.60258108659
12.9 1.91751438761
13.0 1.14041029958
13.1 0.28105577057
13.2 -0.637547564346
13.3 -1.56951954006
13.4 -2.44763521921
13.5 -3.19796672264
13.6 -3.76190056608
13.7 -4.1147596475
13.8 -4.27103156116
13.9 -4.27280797441
14.0 -4.16703016313
14.1 -3.98341232392
14.2 -3.7246836154
14.3 -3.37394153014
14.4 -2.91426448194
14.5 -2.34887339918
14.6 -1.71006240739
14.7 -1.05180975167
14.8 -0.43038910619
14.9 0.116135347573
15.0 0.578615458983
15.1 0.972967908439
15.2 1.32537247697
15.3 1.65570093861
15.4 1.96817256502
15.5 2.2529654259
15.6 2.49575708294
15.7 2.68801714168
15.8 2.83145006201
15.9 2.93440953178
16.0 3.00334908273
16.1 3.03527029693
16.2 3.01620962209
16.3 2.92693498916
16.4 2.75266279348
16.5 2.49127717058
16.6 2.155441769
16.7 1.76748808542
16.8 1.35001172872
16.9 0.917446652903
17.0 0.473238294529
17.1 0.013979046315
17.2 -0.462157012307
17.3 -0.947834372441
17.4 -1.42447008838
17.5 -1.86701114019
17.6 -2.25282693983
17.7 -2.56948068966
17.8 -2.8168359529
17.9 -3.00244437539
18.0 -3.1333001526
18.1 -3.20924042054
18.2 -3.22212739226
18.3 -3.16119954012
18.4 -3.02102786059
18.5 -2.80688057812
18.6 -2.53399219579
18.7 -2.2211112448
18.8 -1.88226027207
18.9 -1.52165968009
19.0 -1.13471297243
19.1 -0.714239352565
19.2 -0.258126508448
19.3 0.22597571523
19.4 0.721264018912
19.5 1.20684854484
19.6 1.66406607261
19.7 2.08054611862
19.8 2.45024418783
19.9 2.77013405161
20.0 3.0360176957
20.1 3.24009603665
20.2 3.37166320471
20.3 3.42042088236
20.4 3.38051128326
20.5 3.25310628345
20.6 3.04628056625
20.7 2.77238218792
20.8 2.44439320637
20.9 2.07319595139
21.0 1.66703453878
21.1 1.23314395813
21.2 0.78024465577
21.3 0.32009605664
21.4 -0.133124935367
21.5 -0.56552188495
21.6 -0.966846916079
21.7 -1.33264305111
21.8 -1.66390292994
21.9 -1.96437148866
22.0 -2.23691459434
22.1 -2.48081169266
22.2 -2.69119242117
22.3 -2.86057434124
22.4 -2.98136717594
22.5 -3.04790713523
22.6 -3.057144415
22.7 -3.00806521464
22.8 -2.90064467132
22.9 -2.73520553354
23.0 -2.51256774772
23.1 -2.23473456765
23.2 -1.90551876234
23.3 -1.53065293202
23.4 -1.11739122043
23.5 -0.674037617463
23.6 -0.20992032593
23.7 0.263997849695
23.8 0.734228153129
23.9 1.18435470496
24.0 1.59588766707
24.1 1.9506316766
24.2 2.23404181548
24.3 2.43837609652
24.4 2.5643179443
24.5 2.62028884012
24.6 2.61967386973
24.7 2.57711677142
24.8 2.50537227951
24.9 2.4137284088
25.0 2.30802064027
25.1 2.19138560624
25.2 2.06471155606
25.3 1.926343812
25.4 1.7715419375
25.5 1.59274292756
25.6 1.38138693005
25.7 1.13104314861
25.8 0.840520029391
25.9 0.515331080691
26.0 0.166625940645
26.1 -0.191918803119
26.2 -0.547595876629
26.3 -0.890724732265
26.4 -1.21438782926
26.5 -1.51243147666
26.6 -1.77738408599
26.7 -1.99995371495
26.8 -2.17073597041
26.9 -2.28334612797
27.0 -2.33724173411
27.1 -2.33856077029
27.2 -2.29829917374
27.3 -2.22851311551
27.4 -2.1382310119
27.5 -2.03091377663
27.6 -1.90457373841
27.7 -1.75442893687
27.8 -1.5768080654
27.9 -1.37245259519
28.0 -1.1476405661
28.1 -0.912567244193
28.2 -0.677714981978
28.3 -0.449925867882
28.4 -0.230069445353
28.5 -0.0134568615605
28.6 0.207162154073
28.7 0.437416158411
28.8 0.677867057954
28.9 0.922803398952
29.0 1.16165988363
29.1 1.38225970956
29.2 1.57439515404
29.3 1.73233700589
29.4 1.85551267602
29.5 1.94738928806
29.6 2.01316791757
29.7 2.0571124648
29.8 2.08030133718
29.9 2.07945142744
30.0 2.04726249615
30.1 1.97427278527
30.2 1.85222047462
30.3 1.67765478936
30.4 1.45425274519
30.5 1.19312202288
30.6 0.91062167236
30.7 0.62439613026
30.8 0.349118753907
30.9 0.0935760299813
31.0 -0.13990101068
31.1 -0.353725340449
31.2 -0.552107857811
31.3 -0.73832710176
31.4 -0.913337762208
31.5 -1.07600638828
31.6 -1.22438912639
31.7 -1.35700788988
31.8 -1.47324579134
31.9 -1.57263745021
32.0 -1.65358467851
32.1 -1.71244764638
32.2 -1.74380150594
32.3 -1.74199334747
32.4 -1.70335869188
32.5 -1.6280167787
32.6 -1.52032981099
32.7 -1.38779651929
32.8 -1.23895328398
32.9 -1.08130263466
33.0 -0.920131128331
33.1 -0.758453044919
33.2 -0.597651365358
33.3 -0.438113879575
33.4 -0.279422744045
33.5 -0.120215234545
33.6 0.0417465986241
33.7 0.208805535048
33.8 0.38194060443
33.9 0.55920004776
34.0 0.734907759017
34.1 0.900250598568
34.2 1.04519626721
34.3 1.16103221344
34.4 1.24253005693
34.5 1.28895432392
34.6 1.30368147628
34.7 1.2927566316
34.8 1.26303052721
34.9 1.22051392568
35.0 1.16935728063
35.1 1.11156847967
35.2 1.04733982522
35.3 0.975716336845
35.4 0.895308032126
35.5 0.804822739015
35.6 0.70334801728
35.7 0.590476119801
35.8 0.466450238439
35.9 0.332447215288
36.0 0.190928261065
36.1 0.0458121139764
36.2 -0.0977960070218
36.3 -0.234395068616
36.4 -0.359168925261
36.5 -0.468909476272
36.6 -0.562367638202
36.7 -0.63990407533
36.8 -0.70268042955
36.9 -0.751850757668
37.0 -0.788148389603
37.1 -0.811969784468
37.2 -0.823734350758
37.3 -0.824154575305
37.4 -0.814162718582
37.5 -0.794517784061
37.6 -0.765370031786
37.7 -0.726127885069
37.8 -0.675814695107
37.9 -0.613817295727
38.0 -0.54068164424
38.1 -0.458543925506
38.2 -0.370939413168
38.3 -0.2820295175
38.4 -0.195576015653
38.5 -0.114117945386
38.6 -0.0387003266887
38.7 0.030781661602
38.8 0.0948692858101
38.9 0.153865873527
39.0 0.2075359979
39.1 0.255256545768
39.2 0.296422779913
39.3 0.330788548106
39.4 0.358513220687
39.5 0.379919640806
39.6 0.395171399391
39.7 0.404118300382
39.8 0.406422002418
39.9 0.401869142069
40.0 0.390654412015
40.1 0.373450247196
40.2 0.351234312593
40.3 0.325003252914
40.4 0.295555387377
40.5 0.263454290294
40.6 0.229154983354
40.7 0.193179281438
40.8 0.156220751574
40.9 0.119127434792
41.0 0.082792245419
41.1 0.0480232348936
41.2 0.0154554443278
41.3 -0.0144730148314
41.4 -0.0414926469982
41.5 -0.065447859448
41.6 -0.0862394101961
41.7 -0.103781299678
41.8 -0.117984446515
41.9 -0.128772609828
42.0 -0.136123969787
42.1 -0.140118706628
42.2 -0.140968085933
42.3 -0.139009249186
42.4 -0.134667391529
42.5 -0.128401832584
42.6 -0.120655886243
42.7 -0.111822912951
42.8 -0.102230381033
42.9 -0.09213775402
43.0 -0.0817439297802
43.1 -0.071201747078
43.2 -0.0606368073845
43.3 -0.0501657994333
43.4 -0.0399090050508
43.5 -0.0299946817207
43.6 -0.0205575085343
43.7 -0.0117351552386
43.8 -0.00366457657122
43.9 0.00352439213767
44.0 0.00972147471986
44.1 0.0148536934673
44.2 0.0189017397538
44.3 0.0219060240951
44.4 0.0239576802201
44.5 0.0251779607495
44.6 0.0256955673314
44.7 0.025631095124
44.8 0.0250916872598
44.9 0.0241722183028
45.0 0.0229568303537
45.1 0.0215174471553
45.2 0.019910770999
45.3 0.0181779108878
45.4 0.0163493269619
45.5 0.0144538197624
45.6 0.012527119305
45.7 0.0106154664791
45.8 0.00877225360696
45.9 0.00704936890598
46.0 0.00548729691848
46.1 0.00410825198455
46.2 0.00291492055057
46.3 0.00189480101495
46.4 0.0010278662774
46.5 0.000294246541343
46.6 -0.000320846985129
46.7 -0.000826062820324
46.8 -0.0012259304453
46.9 -0.00152405042757
47.0 -0.0017256282757
47.1 -0.00183851357477
47.2 -0.00187299403738
47.3 -0.00184109749692
47.4 -0.00175594943264
47.5 -0.00163122880647
47.6 -0.00148047803618
47.7 -0.00131615028531
47.8 -0.001148608865
47.9 -0.00098547761138
48.0 -0.000831611529277
48.1 -0.000689637239307
48.2 -0.000560757088827
48.3 -0.000445474395569
48.4 -0.000344042762736
48.5 -0.000256623901193
48.6 -0.000183244351768
48.7 -0.00012366043615
48.8 -7.7221415819e-05
48.9 -4.27995549991e-05
49.0 -1.88299725251e-05
49.1 -3.4599235432e-06
49.2 5.24265985967e-06
49.3 9.09648962995e-06
49.4 9.68612028527e-06
49.5 8.32105977208e-06
49.6 6.04269793903e-06
49.7 3.64029462314e-06
49.8 1.65934333737e-06
49.9 4.11118107771e-07
50.0 0.0
50.1 0.0
50.2 0.0
50.3 0.0
50.4 0.0
50.5 0.0
50.6 0.0
50.7 0.0
50.8 0.0
50.9 0.0
51.0 0.0
51.1 0.0
51.2 0.0
51.3 0.0
51.4 0.0
51.5 0.0
51.6 0.0
51.7 0.0
51.8 0.0
51.9 0.0
52.0 0.0
52.1 0.0
52.2 0.0
52.3 0.0
52.4 0.0
52.5 0.0
52.6 0.0
52.7 0.0
52.8 0.0
52.9 0.0
53.0 0.0
53.1 0.0
53.2 0.0
53.3 0.0
53.4 0.0
53.5 0.0
53.6 0.0
53.7 0.0
53.8 0.0
53.9 0.0
54.0 0.0
54.1 0.0
54.2 0.0
54.3 0.0
54.4 0.0
54.5 0.0
54.6 0.0
54.7 0.0
54.8 0.0
54.9 0.0
55.0 0.0
55.1 0.0
55.2 0.0
55.3 0.0
55.4 0.0
55.5 0.0
55.6 0.0
55.7 0.0
55.8 0.0
55.9 0.0
56.0 0.0
56.1 0.0
56.2 0.0
56.3 0.0
56.4 0.0
56.5 0.0
56.6 0.0
56.7 0.0
56.8 0.0
56.9 0.0
57.0 0.0
57.1 0.0
57.2 0.0
57.3 0.0
57.4 0.0
57.5 0.0
57.6 0.0
57.7 0.0
57.8 0.0
57.9 0.0
58.0 0.0
58.1 0.0
58.2 0.0
58.3 0.0
58.4 0.0
58.5 0.0
58.6 0.0
58.7 0.0
58.8 0.0
58.9 0.0
59.0 0.0
59.1 0.0
59.2 0.0
59.3 0.0
59.4 0.0
59.5 0.0
59.6 0.0
59.7 0.0
59.8 0.0
59.9 0.0
60.0 0.0
60.1 0.0
60.2 0.0
60.3 0.0
60.4 0.0
60.5 0.0
60.6 0.0
60.7 0.0
60.8 0.0
60.9 0.0
61.0 0.0
61.1 0.0
61.2 0.0
61.3 0.0
61.4 0.0
61.5 0.0
61.6 0.0
61.7 0.0
61.8 0.0
61.9 0.0
62.0 0.0
62.1 0.0
62.2 0.0
62.3 0.0
62.4 0.0
62.5 0.0
62.6 0.0
62.7 0.0
62.8 0.0
62.9 0.0
63.0 0.0
63.1 0.0
63.2 0.0
63.3 0.0
63.4 0.0
63.5 0.0
63.6 0.0
63.7 0.0
63.8 0.0
63.9 0.0
64.0 0.0
64.1 0.0
64.2 0.0
64.3 0.0
64.4 0.0
64.5 0.0
64.6 0.0
64.7 0.0
64.8 0.0
64.9 0.0
65.0 0.0
65.1 0.0
65.2 0.0
65.3 0.0
65.4 0.0
65.5 0.0
65.6 0.0
65.7 0.0
65.8 0.0
65.9 0.0
66.0 0.0
66.1 0.0
66.2 0.0
66.3 0.0
66.4 0.0
66.5 0.0
66.6 0.0
66.7 0.0
66.8 0.0
66.9 0.0
67.0 0.0
67.1 0.0
67.2 0.0
67.3 0.0
67.4 0.0
67.5 0.0
67.6 0.0
67.7 0.0
67.8 0.0
67.9 0.0
68.0 0.0
68.1 0.0
68.2 0.0
68.3 0.0
68.4 0.0
68.5 0.0
68.6 0.0
68.7 0.0
68.8 0.0
68.9 0.0
69.0 0.0
69.1 0.0
69.2 0.0
69.3 0.0
69.4 0.0
69.5 0.0
69.6 0.0
69.7 0.0
69.8 0.0
69.9 0.0
70.0 0.0
70.1 0.0
70.2 0.0
70.3 0.0
70.4 0.0
70.5 0.0
70.6 0.0
70.7 0.0
70.8 0.0
70.9 0.0
71.0 0.0
71.1 0.0
71.2 0.0
71.3 0.0
71.4 0.0
71.5 0.0
71.6 0.0
71.7 0.0
71.8 0.0
71.9 0.0
72.0 0.0
72.1 0.0
72.2 0.0
72.3 0.0
72.4 0.0
72.5 0.0
72.6 0.0
72.7 0.0
72.8 0.0
72.9 0.0
73.0 0.0
73.1 0.0
73.2 0.0
73.3 0.0
73.4 0.0
73.5 0.0
73.6 0.0
73.7 0.0
73.8 0.0
73.9 0.0
74.0 0.0
74.1 0.0
74.2 0.0
74.3 0.0
74.4 0.0
74.5 0.0
74.6 0.0
74.7 0.0
74.8 0.0
74.9 0.0
75.0 0.0
75.1 0.0
75.2 0.0
75.3 0.0
75.4 0.0
75.5 0.0
75.6 0.0
75.7 0.0
75.8 0.0
75.9 0.0
76.0 0.0
76.1 0.0
76.2 0.0
76.3 0.0
76.4 0.0
76.5 0.0
76.6 0.0
76.7 0.0
76.8 0.0
76.9 0.0
77.0 0.0
77.1 0.0
77.2 0.0
77.3 0.0
77.4 0.0
77.5 0.0
77.6 0.0
77.7 0.0
77.8 0.0
77.9 0.0
78.0 0.0
78.1 0.0
78.2 0.0
78.3 0.0
78.4 0.0
78.5 0.0
78.6 0.0
78.7 0.0
78.8 0.0
78.9 0.0
79.0 0.0
79.1 0.0
79.2 0.0
79.3 0.0
79.4 0.0
79.5 0.0
79.6 0.0
79.7 0.0
79.8 0.0
79.9 0.0
80.0 0.0
80.1 0.0
80.2 0.0
80.3 0.0
80.4 0.0
80.5 0.0
80.6 0.0
80.7 0.0
80.8 0.0
80.9 0.0
81.0 0.0
81.1 0.0
81.2 0.0
81.3 0.0
81.4 0.0
81.5 0.0
81.6 0.0
81.7 0.0
81.8 0.0
81.9 0.0
82.0 0.0
82.1 0.0
82.2 0.0
82.3 0.0
82.4 0.0
82.5 0.0
82.6 0.0
82.7 0.0
82.8 0.0
82.9 0.0
83.0 0.0
83.1 0.0
83.2 0.0
83.3 0.0
83.4 0.0
83.5 0.0
83.6 0.0
83.7 0.0
83.8 0.0
83.9 0.0
84.0 0.0
84.1 0.0
84.2 0.0
84.3 0.0
84.4 0.0
84.5 0.0
84.6 0.0
84.7 0.0
84.8 0.0
84.9 0.0
85.0 0.0
85.1 0.0
85.2 0.0
85.3 0.0
85.4 0.0
85.5 0.0
85.6 0.0
85.7 0.0
85.8 0.0
85.9 0.0
86.0 0.0
86.1 0.0
86.2 0.0
86.3 0.0
86.4 0.0
86.5 0.0
86.6 0.0
86.7 0.0
86.8 0.0
86.9 0.0
87.0 0.0
87.1 0.0
87.2 0.0
87.3 0.0
87.4 0.0
87.5 0.0
87.6 0.0
87.7 0.0
87.8 0.0
87.9 0.0
88.0 0.0
88.1 0.0
88.2 0.0
88.3 0.0
88.4 0.0
88.5 0.0
88.6 0.0
88.7 0.0
88.8 0.0
88.9 0.0
89.0 0.0
89.1 0.0
89.2 0.0
89.3 0.0
89.4 0.0
89.5 0.0
89.6 0.0
89.7 0.0
89.8 0.0
89.9 0.0
90.0 0.0
90.1 0.0
90.2 0.0
90.3 0.0
90.4 0.0
90.5 0.0
90.6 0.0
90.7 0.0
90.8 0.0
90.9 0.0
91.0 0.0
91.1 0.0
91.2 0.0
91.3 0.0
91.4 0.0
91.5 0.0
91.6 0.0
91.7 0.0
91.8 0.0
91.9 0.0
92.0 0.0
92.1 0.0
92.2 0.0
92.3 0.0
92.4 0.0
92.5 0.0
92.6 0.0
92.7 0.0
92.8 0.0
92.9 0.0
93.0 0.0
93.1 0.0
93.2 0.0
93.3 0.0
93.4 0.0
93.5 0.0
93.6 0.0
93.7 0.0
93.8 0.0
93.9 0.0
94.0 0.0
94.1 0.0
94.2 0.0
94.3 0.0
94.4 0.0
94.5 0.0
94.6 0.0
94.7 0.0
94.8 0.0
94.9 0.0
95.0 0.0
95.1 0.0
95.2 0.0
95.3 0.0
95.4 0.0
95.5 0.0
95.6 0.0
95.7 0.0
95.8 0.0
95.9 0.0
96.0 0.0
96.1 0.0
96.2 0.0
96.3 0.0
96.4 0.0
96.5 0.0
96.6 0.0
96.7 0.0
96.8 0.0
96.9 0.0
97.0 0.0
97.1 0.0
97.2 0.0
97.3 0.0
97.4 0.0
97.5 0.0
97.6 0.0
97.7 0.0
97.8 0.0
97.9 0.0
98.0 0.0
98.1 0.0
98.2 0.0
98.3 0.0
98.4 0.0
98.5 0.0
98.6 0.0
98.7 0.0
98.8 0.0
98.9 0.0
99.0 0.0
99.1 0.0
99.2 0.0
99.3 0.0
99.4 0.0
99.5 0.0
99.6 0.0
99.7 0.0
99.8 0.0
99.9 0.0
100.0 0.0
100.1 0.0
100.2 0.0
100.3 0.0
100.4 0.0
100.5 0.0
100.6 0.0
100.7 0.0
100.8 0.0
100.9 0.0
101.0 0.0
101.1 0.0
101.2 0.0
101.3 0.0
101.4 0.0
101.5 0.0
101.6 0.0
101.7 0.0
101.8 0.0
101.9 0.0
102.0 0.0
102.1 0.0
102.2 0.0
102.3 0.0
