0.0 0.0211462478457
0.09277 0.418349445473
0.18554 0.782311050469
0.27831 1.05460426331
0.37108 1.19809738172
0.46385 1.20947010246
0.55662 1.11655345406
0.64939 0.962735161923
0.74216 0.78641865092
0.83493 0.604952110759
0.9277 0.41077510357
1.02047 0.181723629863
1.11324 -0.0998815759135
1.20601 -0.428148529684
1.29878 -0.763283801297
1.39155 -1.03639926269
1.48432 -1.16972487825
1.57709 -1.10433100836
1.66986 -0.820772618543
1.76263 -0.34258428221
1.8554 0.272308049273
1.94817 0.940657410203
2.04094 1.55939031372
2.13371 2.0108045519
2.22648 2.17040225372
2.31925 1.92088658152
2.41202 1.17830327567
2.50479 -0.0707322812837
2.59756 -1.7353784056
2.69033 -3.60921800821
2.7831 -5.38869966595
2.87587 -6.71579881886
2.96864 -7.23605418638
3.06141 -6.66660535448
3.15418 -4.87140839281
3.24695 -1.93186176046
3.33972 1.81615980922
3.43249 5.81022419412
3.52526 9.36198980919
3.61803 11.8061858864
3.7108 12.6549257527
3.80357 11.7141654879
3.89634 9.13107416901
3.98911 5.35933042436
4.08188 1.05019193194
4.17465 -3.10222435409
4.26742 -6.51795869138
4.36019 -8.84486958201
4.45296 -9.99746369029
4.54573 -10.1164571929
4.6385 -9.47227222557
4.73127 -8.35203691517
4.82404 -6.971064805
4.91681 -5.43604439949
5.00958 -3.76284388309
5.10235 -1.92943162848
5.19512 0.0649159634444
5.28789 2.15865383127
5.38066 4.21862389726
5.47343 6.06330798198
5.5662 7.50840449102
5.65897 8.41674161193
5.75174 8.73289614648
5.84451 8.48903851027
5.93728 7.78120638382
6.03005 6.72824714181
6.12282 5.43253800721
6.21559 3.95927640572
6.30836 2.34130368006
6.40113 0.604097888229
6.4939 -1.20383493572
6.58667 -2.9917871259
6.67944 -4.62932019387
6.77221 -5.97069821001
6.86498 -6.89232665573
6.95775 -7.32912847253
7.05052 -7.2958717411
7.14329 -6.88428442825
7.23606 -6.23535665952
7.32883 -5.49565722012
7.4216 -4.77315184619
7.51437 -4.10880587542
7.60714 -3.47396585227
7.69991 -2.79312383193
7.79268 -1.98189549246
7.88545 -0.984885434673
7.97822 0.200357489835
8.07099 1.52037333177
8.16376 2.88248401271
8.25653 4.1828298472
8.3493 5.33389135685
8.44207 6.28072934395
8.53484 7.00065498473
8.62761 7.48852907097
8.72038 7.73630032336
8.81315 7.71812308516
8.90592 7.38990562216
8.99869 6.7051458932
9.09146 5.64062904366
9.18423 4.22032629244
9.277 2.52615514091
9.36977 0.689650789482
9.46254 -1.1333434756
9.55531 -2.79592520831
9.64808 -4.18964624725
9.74085 -5.26078998407
9.83362 -6.00937574627
9.92639 -6.47331497318
10.01916 -6.70520087045
10.11193 -6.75104289536
10.2047 -6.63818467351
10.29747 -6.37472604326
10.39024 -5.95764141382
10.48301 -5.38388438795
10.57578 -4.658970573
10.66855 -3.80012588338
10.76132 -2.83443044442
10.85409 -1.79477105744
10.94686 -0.716712474907
11.03963 0.362334844104
11.1324 1.40266485203
11.22517 2.36286337109
11.31794 3.20322512248
11.41071 3.89197061008
11.50348 4.41217256342
11.59625 4.76608698967
11.68902 4.97401878251
11.78179 5.06701198404
11.87456 5.07560534193
11.96733 5.01904229466
12.0601 4.89942767047
12.15287 4.70322376611
12.24564 4.40917939064
12.33841 3.99891503274
12.43118 3.4653679511
12.52395 2.81566651483
12.61672 2.06803542547
12.70949 1.24540662901
12.80226 0.369908039108
12.89503 -0.538430162434
12.9878 -1.45810583064
13.08057 -2.36018756816
13.17334 -3.2043008845
13.26611 -3.940396637
13.35888 -4.51742088393
13.45165 -4.89635254174
13.54442 -5.06234768805
13.63719 -5.03040737127
13.72996 -4.84138630352
13.82273 -4.54924517449
13.9155 -4.20431270344
14.00827 -3.83913448053
14.10104 -3.46236886007
14.19381 -3.06264358501
14.28658 -2.61996622884
14.37935 -2.11918535312
14.47212 -1.55951259939
14.56489 -0.956360816792
14.65766 -0.3355618967
14.75043 0.276460832319
14.8432 0.861415705685
14.93597 1.41260897266
15.02874 1.93193970312
15.12151 2.42254630957
15.21428 2.88130655993
15.30705 3.29525463331
15.39982 3.64380328363
15.49259 3.90562473772
15.58536 4.06669920954
15.67813 4.12552083632
15.7709 4.09293787518
15.86367 3.98677834559
15.95644 3.82390967408
16.04921 3.61349257694
16.14198 3.35444930373
16.23475 3.03803807599
16.32752 2.6540188092
16.42029 2.19737996147
16.51306 1.67262463077
16.60583 1.09403711086
16.6986 0.482354141853
16.79137 -0.140176361961
16.88414 -0.753959133532
16.97691 -1.34385497007
17.06968 -1.89850662125
17.16245 -2.40836097966
17.25522 -2.86402250985
17.34799 -3.25605633362
17.44076 -3.57626097419
17.53353 -3.81943313774
17.6263 -3.98432487532
17.71907 -4.07300117698
17.81184 -4.08881204711
17.90461 -4.03408750756
17.99738 -3.90891307085
18.09015 -3.71179087396
18.18292 -3.44194236421
18.27569 -3.10205174596
18.36846 -2.69992832692
18.46123 -2.24807487865
18.554 -1.76122690961
18.64677 -1.25300058194
18.73954 -0.73328026745
18.83231 -0.207623945294
18.92508 0.321052315518
19.01785 0.849400886092
19.11062 1.37076143526
19.20339 1.87393748525
19.29616 2.34424924055
19.38893 2.76635360792
19.4817 3.12749392136
19.57447 3.4197182807
19.66724 3.64021312686
19.76001 3.78988550588
19.85278 3.87116160426
19.94555 3.88622637682
20.03832 3.8365134843
20.13109 3.72343689512
20.22386 3.54961258904
20.31663 3.31956735684
20.4094 3.0392998744
20.50217 2.71482180713
20.59494 2.35051555375
20.68771 1.94838131387
20.78048 1.50885351076
20.87325 1.03304053581
20.96602 0.525424178701
21.05879 -0.00430483415246
21.15156 -0.541287712881
21.24433 -1.0675840917
21.3371 -1.56551693781
21.42987 -2.02089972161
21.52264 -2.42484108382
21.61541 -2.77351142337
21.70818 -3.06621238144
21.80095 -3.30284022351
21.89372 -3.48202212213
21.98649 -3.60076691876
22.07926 -3.65565730745
22.17203 -3.64483982312
22.2648 -3.56971746772
22.35757 -3.43546086115
22.45034 -3.25008185511
22.54311 -3.02251624866
22.63588 -2.7605877194
22.72865 -2.46969173408
22.82142 -2.15261372071
22.91419 -1.81033991839
23.00696 -1.44332929964
23.09973 -1.05266305905
23.1925 -0.640740533182
23.28527 -0.211547037101
23.37804 0.229254929633
23.47081 0.674191527516
23.56358 1.11381935937
23.65635 1.53681730333
23.74912 1.93066962362
23.84189 2.28307274462
23.93466 2.58380397075
24.02743 2.82643423209
24.1202 3.00917646805
24.21297 3.13443286022
24.30574 3.20713674353
24.39851 3.2325241112
24.49128 3.21423891851
24.58405 3.15352659881
24.67682 3.04976349049
24.76959 2.9019529815
24.86236 2.71039782233
24.95513 2.47773825518
25.0479 2.2089259982
25.14067 1.91027698746
25.23344 1.5882071086
25.32621 1.24836600537
25.41898 0.89559734908
25.51175 0.534638429053
25.60452 0.171019599827
25.69729 -0.188509510337
25.79006 -0.536436751087
25.88283 -0.865719823153
25.9756 -1.17120406515
26.06837 -1.45046173053
26.16114 -1.70353418709
26.25391 -1.93160456178
26.34668 -2.13518962639
26.43945 -2.31271610562
26.53222 -2.46018512946
26.62499 -2.57210642709
26.71776 -2.6432682155
26.81053 -2.67051535793
26.9033 -2.65373531049
26.99607 -2.59567611636
27.08884 -2.50081450124
27.18161 -2.37394262668
27.27438 -2.21921841007
27.36715 -2.04009759869
27.45992 -1.84002211587
27.55269 -1.62327948024
27.64546 -1.39532747863
27.73823 -1.1621696605
27.831 -0.928920564172
27.92377 -0.698175996677
28.01654 -0.469229336069
28.10931 -0.238515408904
28.20208 -0.00130167088184
28.29485 0.245848457285
28.38762 0.502919666807
28.48039 0.765515055749
28.57316 1.02555303611
28.66593 1.27329165371
28.7587 1.49983242747
28.85147 1.69910725262
28.94424 1.86864994605
29.03701 2.00902946707
29.12978 2.12238603571
29.22255 2.21080641538
29.31532 2.27519794015
29.40809 2.31496177455
29.50086 2.32834189708
29.59363 2.31305929871
29.6864 2.26684203348
29.77917 2.18768417974
29.87194 2.07394593544
29.96471 1.92456132901
30.05748 1.73955405575
30.15025 1.52081744646
30.24302 1.27284315081
30.33579 1.00295859748
30.42856 0.720752412
30.52133 0.436692536563
30.6141 0.160318864992
30.70687 -0.101371527965
30.79964 -0.344761283491
30.89241 -0.569384292447
30.98518 -0.776771694072
31.07795 -0.968871144283
31.17072 -1.14666816269
31.26349 -1.30949356328
31.35626 -1.45516653813
31.44903 -1.58076486211
31.5418 -1.68359218403
31.63457 -1.76190638986
31.72734 -1.81515282948
31.82011 -1.84370281129
31.91288 -1.8483068627
32.00565 -1.82955492201
32.09842 -1.78758550771
32.19119 -1.72215482976
32.28396 -1.63303487946
32.37673 -1.52060679441
32.4695 -1.38646642264
32.56227 -1.23385181579
32.65504 -1.06772424139
32.74781 -0.894386734301
32.84058 -0.7206202063
32.93335 -0.55246058851
33.02612 -0.393903920111
33.11889 -0.245946198576
33.21166 -0.106364285987
33.30443 0.0295243511863
33.3972 0.167200043774
33.48997 0.310813174055
33.58274 0.461277929862
33.67551 0.615287528201
33.76828 0.765679427712
33.86105 0.90310511361
33.95382 1.01846708524
34.04659 1.10528589071
34.13936 1.16118997097
34.23213 1.1880753266
34.3249 1.19100836214
34.41767 1.17641272102
34.51044 1.15028839404
34.60321 1.11708293717
34.69598 1.07945338278
34.78875 1.03872093696
34.88152 0.995540832593
34.97429 0.950308833688
35.06706 0.903079619685
35.15983 0.853128608533
35.2526 0.798549924895
35.34537 0.736308095326
35.43814 0.662936162912
35.53091 0.575716916475
35.62368 0.47388503569
35.71645 0.359306917957
35.80922 0.236282953039
35.90199 0.11048953358
35.99476 -0.0125426197276
36.08753 -0.12881316985
36.1803 -0.236566367653
36.27307 -0.33610336696
36.36584 -0.428851059113
36.45861 -0.516140215005
36.55138 -0.598216942632
36.64415 -0.673846512613
36.73692 -0.740568117426
36.82969 -0.795379180508
36.92246 -0.835497470157
37.01523 -0.858907939591
37.108 -0.864587302727
37.20077 -0.85249252371
37.29354 -0.823490630827
37.38631 -0.779357556472
37.47908 -0.722830650244
37.57185 -0.657565274956
37.66462 -0.587816239641
37.75739 -0.517773325661
37.85016 -0.450677566072
37.94293 -0.388024138574
38.0357 -0.329210761347
38.12847 -0.271867516573
38.22124 -0.212843660451
38.31401 -0.149541712348
38.40678 -0.081112658648
38.49955 -0.00904829635096
38.59232 0.0630716931921
38.68509 0.130590572341
38.77786 0.189159600366
38.87063 0.235977529539
38.9634 0.270442873243
39.05617 0.294028365398
39.14894 0.309496993604
39.24171 0.319815658334
39.33448 0.327195312628
39.42725 0.332582648181
39.52002 0.335711060589
39.61279 0.335590742177
39.70556 0.331172797544
39.79833 0.321905357956
39.8911 0.307995471469
39.98387 0.290339687439
40.07664 0.270218302817
40.16941 0.248913851383
40.26218 0.227402400593
40.35495 0.206200534264
40.44772 0.1853726247
40.54049 0.164648224021
40.63326 0.143583948732
40.72603 0.121721068865
40.8188 0.0987183192776
40.91157 0.0744587399488
41.00434 0.0491306548028
41.09711 0.0232715793277
41.18988 -0.00224622992786
41.28265 -0.0263064048605
41.37542 -0.0477133604797
41.46819 -0.0654018873741
41.56096 -0.0786404375688
41.65373 -0.0871734157675
41.7465 -0.0912644634378
41.83927 -0.0916325731111
41.93204 -0.0893034001063
42.02481 -0.0854181732974
42.11758 -0.0810471216664
42.21035 -0.077045246029
42.30312 -0.0739716789635
42.39589 -0.0720762038784
42.48866 -0.0713419294483
42.58143 -0.0715633446884
42.6742 -0.072434486023
42.76697 -0.0736231123032
42.85974 -0.0748138677752
42.95251 -0.0757155196369
43.04528 -0.0760414868799
43.13805 -0.0754841928133
43.23082 -0.0737073512852
43.32359 -0.0703735889873
43.41636 -0.0652094403436
43.50913 -0.0580914986679
43.6019 -0.0491241515626
43.69467 -0.0386772534438
43.78744 -0.0273631546315
43.88021 -0.0159528119845
43.97298 -0.00525202170775
44.06575 0.00402778801712
44.15852 0.0113697649003
44.25129 0.0165012128329
44.34406 0.019390242272
44.43683 0.0202041965646
44.5296 0.0192522842267
44.62237 0.0169314746681
44.71514 0.013684050462
44.80791 0.00996417900252
44.90068 0.00620556315323
44.99345 0.00278474082433
45.08622 -1.7710379515e-05
45.17899 -0.00204837481449
45.27176 -0.00329266639928
45.36453 -0.00385964808906
45.4573 -0.00394194022527
45.55007 -0.00376181736236
45.64284 -0.00351918154628
45.73561 -0.00335518656121
45.82838 -0.00333827251345
45.92115 -0.00347093814107
46.01392 -0.00370957842295
46.10669 -0.00398819840712
46.19946 -0.00423926318361
46.29223 -0.00440898414965
46.385 -0.00446737881317
46.47777 -0.00446737881317
46.57054 -0.00446737881317
46.66331 -0.00446737881317
46.75608 -0.00446737881317
46.84885 -0.00446737881317
46.94162 -0.00446737881317
47.03439 -0.00446737881317
47.12716 -0.00446737881317
47.21993 -0.00446737881317
47.3127 -0.00446737881317
47.40547 -0.00446737881317
47.49824 -0.00446737881317
47.59101 -0.00446737881317
47.68378 -0.00446737881317
47.77655 -0.00446737881317
47.86932 -0.00446737881317
47.96209 -0.00446737881317
48.05486 -0.00446737881317
48.14763 -0.00446737881317
48.2404 -0.00446737881317
48.33317 -0.00446737881317
48.42594 -0.00446737881317
48.51871 -0.00446737881317
48.61148 -0.00446737881317
48.70425 -0.00446737881317
48.79702 -0.00446737881317
48.88979 -0.00446737881317
48.98256 -0.00446737881317
49.07533 -0.00446737881317
49.1681 -0.00446737881317
49.26087 -0.00446737881317
49.35364 -0.00446737881317
49.44641 -0.00446737881317
49.53918 -0.00446737881317
49.63195 -0.00446737881317
49.72472 -0.00446737881317
49.81749 -0.00446737881317
49.91026 -0.00446737881317
50.00303 -0.00446737881317
50.0958 -0.00446737881317
50.18857 -0.00446737881317
50.28134 -0.00446737881317
50.37411 -0.00446737881317
50.46688 -0.00446737881317
50.55965 -0.00446737881317
50.65242 -0.00446737881317
50.74519 -0.00446737881317
50.83796 -0.00446737881317
50.93073 -0.00446737881317
51.0235 -0.00446737881317
51.11627 -0.00446737881317
51.20904 -0.00446737881317
51.30181 -0.00446737881317
51.39458 -0.00446737881317
51.48735 -0.00446737881317
51.58012 -0.00446737881317
51.67289 -0.00446737881317
51.76566 -0.00446737881317
51.85843 -0.00446737881317
51.9512 -0.00446737881317
52.04397 -0.00446737881317
52.13674 -0.00446737881317
52.22951 -0.00446737881317
52.32228 -0.00446737881317
52.41505 -0.00446737881317
52.50782 -0.00446737881317
52.60059 -0.00446737881317
52.69336 -0.00446737881317
52.78613 -0.00446737881317
52.8789 -0.00446737881317
52.97167 -0.00446737881317
53.06444 -0.00446737881317
53.15721 -0.00446737881317
53.24998 -0.00446737881317
53.34275 -0.00446737881317
53.43552 -0.00446737881317
53.52829 -0.00446737881317
53.62106 -0.00446737881317
53.71383 -0.00446737881317
53.8066 -0.00446737881317
53.89937 -0.00446737881317
53.99214 -0.00446737881317
54.08491 -0.00446737881317
54.17768 -0.00446737881317
54.27045 -0.00446737881317
54.36322 -0.00446737881317
54.45599 -0.00446737881317
54.54876 -0.00446737881317
54.64153 -0.00446737881317
54.7343 -0.00446737881317
54.82707 -0.00446737881317
54.91984 -0.00446737881317
55.01261 -0.00446737881317
55.10538 -0.00446737881317
55.19815 -0.00446737881317
55.29092 -0.00446737881317
55.38369 -0.00446737881317
55.47646 -0.00446737881317
55.56923 -0.00446737881317
55.662 -0.00446737881317
55.75477 -0.00446737881317
55.84754 -0.00446737881317
55.94031 -0.00446737881317
56.03308 -0.00446737881317
56.12585 -0.00446737881317
56.21862 -0.00446737881317
56.31139 -0.00446737881317
56.40416 -0.00446737881317
56.49693 -0.00446737881317
56.5897 -0.00446737881317
56.68247 -0.00446737881317
56.77524 -0.00446737881317
56.86801 -0.00446737881317
56.96078 -0.00446737881317
57.05355 -0.00446737881317
57.14632 -0.00446737881317
57.23909 -0.00446737881317
57.33186 -0.00446737881317
57.42463 -0.00446737881317
57.5174 -0.00446737881317
57.61017 -0.00446737881317
57.70294 -0.00446737881317
57.79571 -0.00446737881317
57.88848 -0.00446737881317
57.98125 -0.00446737881317
58.07402 -0.00446737881317
58.16679 -0.00446737881317
58.25956 -0.00446737881317
58.35233 -0.00446737881317
58.4451 -0.00446737881317
58.53787 -0.00446737881317
58.63064 -0.00446737881317
58.72341 -0.00446737881317
58.81618 -0.00446737881317
58.90895 -0.00446737881317
59.00172 -0.00446737881317
59.09449 -0.00446737881317
59.18726 -0.00446737881317
59.28003 -0.00446737881317
59.3728 -0.00446737881317
59.46557 -0.00446737881317
59.55834 -0.00446737881317
59.65111 -0.00446737881317
59.74388 -0.00446737881317
59.83665 -0.00446737881317
59.92942 -0.00446737881317
60.02219 -0.00446737881317
60.11496 -0.00446737881317
60.20773 -0.00446737881317
60.3005 -0.00446737881317
60.39327 -0.00446737881317
60.48604 -0.00446737881317
60.57881 -0.00446737881317
60.67158 -0.00446737881317
60.76435 -0.00446737881317
60.85712 -0.00446737881317
60.94989 -0.00446737881317
61.04266 -0.00446737881317
61.13543 -0.00446737881317
61.2282 -0.00446737881317
61.32097 -0.00446737881317
61.41374 -0.00446737881317
61.50651 -0.00446737881317
61.59928 -0.00446737881317
61.69205 -0.00446737881317
61.78482 -0.00446737881317
61.87759 -0.00446737881317
61.97036 -0.00446737881317
62.06313 -0.00446737881317
62.1559 -0.00446737881317
62.24867 -0.00446737881317
62.34144 -0.00446737881317
62.43421 -0.00446737881317
62.52698 -0.00446737881317
62.61975 -0.00446737881317
62.71252 -0.00446737881317
62.80529 -0.00446737881317
62.89806 -0.00446737881317
62.99083 -0.00446737881317
63.0836 -0.00446737881317
63.17637 -0.00446737881317
63.26914 -0.00446737881317
63.36191 -0.00446737881317
63.45468 -0.00446737881317
63.54745 -0.00446737881317
63.64022 -0.00446737881317
63.73299 -0.00446737881317
63.82576 -0.00446737881317
63.91853 -0.00446737881317
64.0113 -0.00446737881317
64.10407 -0.00446737881317
64.19684 -0.00446737881317
64.28961 -0.00446737881317
64.38238 -0.00446737881317
64.47515 -0.00446737881317
64.56792 -0.00446737881317
64.66069 -0.00446737881317
64.75346 -0.00446737881317
64.84623 -0.00446737881317
64.939 -0.00446737881317
65.03177 -0.00446737881317
65.12454 -0.00446737881317
65.21731 -0.00446737881317
65.31008 -0.00446737881317
65.40285 -0.00446737881317
65.49562 -0.00446737881317
65.58839 -0.00446737881317
65.68116 -0.00446737881317
65.77393 -0.00446737881317
65.8667 -0.00446737881317
65.95947 -0.00446737881317
66.05224 -0.00446737881317
66.14501 -0.00446737881317
66.23778 -0.00446737881317
66.33055 -0.00446737881317
66.42332 -0.00446737881317
66.51609 -0.00446737881317
66.60886 -0.00446737881317
66.70163 -0.00446737881317
66.7944 -0.00446737881317
66.88717 -0.00446737881317
66.97994 -0.00446737881317
67.07271 -0.00446737881317
67.16548 -0.00446737881317
67.25825 -0.00446737881317
67.35102 -0.00446737881317
67.44379 -0.00446737881317
67.53656 -0.00446737881317
67.62933 -0.00446737881317
67.7221 -0.00446737881317
67.81487 -0.00446737881317
67.90764 -0.00446737881317
68.00041 -0.00446737881317
68.09318 -0.00446737881317
68.18595 -0.00446737881317
68.27872 -0.00446737881317
68.37149 -0.00446737881317
68.46426 -0.00446737881317
68.55703 -0.00446737881317
68.6498 -0.00446737881317
68.74257 -0.00446737881317
68.83534 -0.00446737881317
68.92811 -0.00446737881317
69.02088 -0.00446737881317
69.11365 -0.00446737881317
69.20642 -0.00446737881317
69.29919 -0.00446737881317
69.39196 -0.00446737881317
69.48473 -0.00446737881317
69.5775 -0.00446737881317
69.67027 -0.00446737881317
69.76304 -0.00446737881317
69.85581 -0.00446737881317
69.94858 -0.00446737881317
70.04135 -0.00446737881317
70.13412 -0.00446737881317
70.22689 -0.00446737881317
70.31966 -0.00446737881317
70.41243 -0.00446737881317
70.5052 -0.00446737881317
70.59797 -0.00446737881317
70.69074 -0.00446737881317
70.78351 -0.00446737881317
70.87628 -0.00446737881317
70.96905 -0.00446737881317
71.06182 -0.00446737881317
71.15459 -0.00446737881317
71.24736 -0.00446737881317
71.34013 -0.00446737881317
71.4329 -0.00446737881317
71.52567 -0.00446737881317
71.61844 -0.00446737881317
71.71121 -0.00446737881317
71.80398 -0.00446737881317
71.89675 -0.00446737881317
71.98952 -0.00446737881317
72.08229 -0.00446737881317
72.17506 -0.00446737881317
72.26783 -0.00446737881317
72.3606 -0.00446737881317
72.45337 -0.00446737881317
72.54614 -0.00446737881317
72.63891 -0.00446737881317
72.73168 -0.00446737881317
72.82445 -0.00446737881317
72.91722 -0.00446737881317
73.00999 -0.00446737881317
73.10276 -0.00446737881317
73.19553 -0.00446737881317
73.2883 -0.00446737881317
73.38107 -0.00446737881317
73.47384 -0.00446737881317
73.56661 -0.00446737881317
73.65938 -0.00446737881317
73.75215 -0.00446737881317
73.84492 -0.00446737881317
73.93769 -0.00446737881317
74.03046 -0.00446737881317
74.12323 -0.00446737881317
74.216 -0.00446737881317
74.30877 -0.00446737881317
74.40154 -0.00446737881317
74.49431 -0.00446737881317
74.58708 -0.00446737881317
74.67985 -0.00446737881317
74.77262 -0.00446737881317
74.86539 -0.00446737881317
74.95816 -0.00446737881317
75.05093 -0.00446737881317
75.1437 -0.00446737881317
75.23647 -0.00446737881317
75.32924 -0.00446737881317
75.42201 -0.00446737881317
75.51478 -0.00446737881317
75.60755 -0.00446737881317
75.70032 -0.00446737881317
75.79309 -0.00446737881317
75.88586 -0.00446737881317
75.97863 -0.00446737881317
76.0714 -0.00446737881317
76.16417 -0.00446737881317
76.25694 -0.00446737881317
76.34971 -0.00446737881317
76.44248 -0.00446737881317
76.53525 -0.00446737881317
76.62802 -0.00446737881317
76.72079 -0.00446737881317
76.81356 -0.00446737881317
76.90633 -0.00446737881317
76.9991 -0.00446737881317
77.09187 -0.00446737881317
77.18464 -0.00446737881317
77.27741 -0.00446737881317
77.37018 -0.00446737881317
77.46295 -0.00446737881317
77.55572 -0.00446737881317
77.64849 -0.00446737881317
77.74126 -0.00446737881317
77.83403 -0.00446737881317
77.9268 -0.00446737881317
78.01957 -0.00446737881317
78.11234 -0.00446737881317
78.20511 -0.00446737881317
78.29788 -0.00446737881317
78.39065 -0.00446737881317
78.48342 -0.00446737881317
78.57619 -0.00446737881317
78.66896 -0.00446737881317
78.76173 -0.00446737881317
78.8545 -0.00446737881317
78.94727 -0.00446737881317
79.04004 -0.00446737881317
79.13281 -0.00446737881317
79.22558 -0.00446737881317
79.31835 -0.00446737881317
79.41112 -0.00446737881317
79.50389 -0.00446737881317
79.59666 -0.00446737881317
79.68943 -0.00446737881317
79.7822 -0.00446737881317
79.87497 -0.00446737881317
79.96774 -0.00446737881317
80.06051 -0.00446737881317
80.15328 -0.00446737881317
80.24605 -0.00446737881317
80.33882 -0.00446737881317
80.43159 -0.00446737881317
80.52436 -0.00446737881317
80.61713 -0.00446737881317
80.7099 -0.00446737881317
80.80267 -0.00446737881317
80.89544 -0.00446737881317
80.98821 -0.00446737881317
81.08098 -0.00446737881317
81.17375 -0.00446737881317
81.26652 -0.00446737881317
81.35929 -0.00446737881317
81.45206 -0.00446737881317
81.54483 -0.00446737881317
81.6376 -0.00446737881317
81.73037 -0.00446737881317
81.82314 -0.00446737881317
81.91591 -0.00446737881317
82.00868 -0.00446737881317
82.10145 -0.00446737881317
82.19422 -0.00446737881317
82.28699 -0.00446737881317
82.37976 -0.00446737881317
82.47253 -0.00446737881317
82.5653 -0.00446737881317
82.65807 -0.00446737881317
82.75084 -0.00446737881317
82.84361 -0.00446737881317
82.93638 -0.00446737881317
83.02915 -0.00446737881317
83.12192 -0.00446737881317
83.21469 -0.00446737881317
83.30746 -0.00446737881317
83.40023 -0.00446737881317
83.493 -0.00446737881317
83.58577 -0.00446737881317
83.67854 -0.00446737881317
83.77131 -0.00446737881317
83.86408 -0.00446737881317
83.95685 -0.00446737881317
84.04962 -0.00446737881317
84.14239 -0.00446737881317
84.23516 -0.00446737881317
84.32793 -0.00446737881317
84.4207 -0.00446737881317
84.51347 -0.00446737881317
84.60624 -0.00446737881317
84.69901 -0.00446737881317
84.79178 -0.00446737881317
84.88455 -0.00446737881317
84.97732 -0.00446737881317
85.07009 -0.00446737881317
85.16286 -0.00446737881317
85.25563 -0.00446737881317
85.3484 -0.00446737881317
85.44117 -0.00446737881317
85.53394 -0.00446737881317
85.62671 -0.00446737881317
85.71948 -0.00446737881317
85.81225 -0.00446737881317
85.90502 -0.00446737881317
85.99779 -0.00446737881317
86.09056 -0.00446737881317
86.18333 -0.00446737881317
86.2761 -0.00446737881317
86.36887 -0.00446737881317
86.46164 -0.00446737881317
86.55441 -0.00446737881317
86.64718 -0.00446737881317
86.73995 -0.00446737881317
86.83272 -0.00446737881317
86.92549 -0.00446737881317
87.01826 -0.00446737881317
87.11103 -0.00446737881317
87.2038 -0.00446737881317
87.29657 -0.00446737881317
87.38934 -0.00446737881317
87.48211 -0.00446737881317
87.57488 -0.00446737881317
87.66765 -0.00446737881317
87.76042 -0.00446737881317
87.85319 -0.00446737881317
87.94596 -0.00446737881317
88.03873 -0.00446737881317
88.1315 -0.00446737881317
88.22427 -0.00446737881317
88.31704 -0.00446737881317
88.40981 -0.00446737881317
88.50258 -0.00446737881317
88.59535 -0.00446737881317
88.68812 -0.00446737881317
88.78089 -0.00446737881317
88.87366 -0.00446737881317
88.96643 -0.00446737881317
89.0592 -0.00446737881317
89.15197 -0.00446737881317
89.24474 -0.00446737881317
89.33751 -0.00446737881317
89.43028 -0.00446737881317
89.52305 -0.00446737881317
89.61582 -0.00446737881317
89.70859 -0.00446737881317
89.80136 -0.00446737881317
89.89413 -0.00446737881317
89.9869 -0.00446737881317
90.07967 -0.00446737881317
90.17244 -0.00446737881317
90.26521 -0.00446737881317
90.35798 -0.00446737881317
90.45075 -0.00446737881317
90.54352 -0.00446737881317
90.63629 -0.00446737881317
90.72906 -0.00446737881317
90.82183 -0.00446737881317
90.9146 -0.00446737881317
91.00737 -0.00446737881317
91.10014 -0.00446737881317
91.19291 -0.00446737881317
91.28568 -0.00446737881317
91.37845 -0.00446737881317
91.47122 -0.00446737881317
91.56399 -0.00446737881317
91.65676 -0.00446737881317
91.74953 -0.00446737881317
91.8423 -0.00446737881317
91.93507 -0.00446737881317
92.02784 -0.00446737881317
92.12061 -0.00446737881317
92.21338 -0.00446737881317
92.30615 -0.00446737881317
92.39892 -0.00446737881317
92.49169 -0.00446737881317
92.58446 -0.00446737881317
92.67723 -0.00446737881317
92.77 -0.00446737881317
92.86277 -0.00446737881317
92.95554 -0.00446737881317
93.04831 -0.00446737881317
93.14108 -0.00446737881317
93.23385 -0.00446737881317
93.32662 -0.00446737881317
93.41939 -0.00446737881317
93.51216 -0.00446737881317
93.60493 -0.00446737881317
93.6977 -0.00446737881317
93.79047 -0.00446737881317
93.88324 -0.00446737881317
93.97601 -0.00446737881317
94.06878 -0.00446737881317
94.16155 -0.00446737881317
94.25432 -0.00446737881317
94.34709 -0.00446737881317
94.43986 -0.00446737881317
94.53263 -0.00446737881317
94.6254 -0.00446737881317
94.71817 -0.00446737881317
94.81094 -0.00446737881317
94.90371 -0.00446737881317
