0 0.000531325
0.0995343 -0.0187104
0.199069 -0.0322591
0.298603 -0.0369623
0.398137 -0.037487
0.497671 -0.0426783
0.597206 -0.0577056
0.69674 -0.0768427
0.796274 -0.0821352
0.895808 -0.0503224
0.995343 0.0343792
1.09488 0.167955
1.19441 0.321741
1.29395 0.448825
1.39348 0.499913
1.49301 0.442018
1.59255 0.271884
1.69208 0.0187459
1.79162 -0.263595
1.89115 -0.510771
1.99069 -0.661845
2.09022 -0.669777
2.18975 -0.509092
2.28929 -0.184281
2.38882 0.259111
2.48836 0.724189
2.58789 1.06286
2.68742 1.09789
2.78696 0.672283
2.88649 -0.281722
2.98603 -1.67675
3.08556 -3.23889
3.1851 -4.53777
3.28463 -5.08582
3.38416 -4.48672
3.4837 -2.58723
3.58323 0.424104
3.68277 4.01676
3.7823 7.43057
3.88184 9.87359
3.98137 10.7445
4.0809 9.80518
4.18044 7.24494
4.27997 3.61397
4.37951 -0.348157
4.47904 -3.9276
4.57858 -6.6203
4.67811 -8.22605
4.77764 -8.83085
4.87718 -8.69891
4.97671 -8.12702
5.07625 -7.32242
5.17578 -6.34841
5.27532 -5.14885
5.37485 -3.62843
5.47438 -1.74466
5.57392 0.43267
5.67345 2.71907
5.77299 4.86657
5.87252 6.64053
5.97206 7.88527
6.07159 8.55025
6.17112 8.67035
6.27066 8.31653
6.37019 7.54658
6.46973 6.38326
6.56926 4.83064
6.6688 2.91779
6.76833 0.7432
6.86786 -1.50849
6.9674 -3.59287
7.06693 -5.26866
7.16647 -6.37137
7.266 -6.86446
7.36553 -6.84364
7.46507 -6.49063
7.5646 -5.99588
7.66414 -5.48398
7.76367 -4.97372
7.86321 -4.38893
7.96274 -3.61274
8.06227 -2.5587
8.16181 -1.22621
8.26134 0.283845
8.36088 1.79766
8.46041 3.12647
8.55995 4.12709
8.65948 4.74043
8.75901 4.99541
8.85855 4.98214
8.95808 4.8105
9.05762 4.5726
9.15715 4.32162
9.25669 4.06922
9.35622 3.79499
9.45575 3.45924
9.55529 3.01347
9.65482 2.40903
9.75436 1.60742
9.85389 0.594864
9.95343 -0.601656
10.053 -1.90453
10.1525 -3.19036
10.252 -4.31322
10.3516 -5.14104
10.4511 -5.59244
10.5506 -5.65872
10.6502 -5.40136
10.7497 -4.92564
10.8492 -4.34177
10.9488 -3.73004
11.0483 -3.12367
11.1478 -2.51385
11.2474 -1.87107
11.3469 -1.16989
11.4464 -0.405084
11.546 0.406337
11.6455 1.23434
11.745 2.04774
11.8446 2.82045
11.9441 3.52927
12.0436 4.14683
12.1432 4.63724
12.2427 4.95998
12.3422 5.08218
12.4418 4.99297
12.5413 4.71094
12.6409 4.27902
12.7404 3.74763
12.8399 3.15436
12.9395 2.51076
13.039 1.804
13.1385 1.0129
13.2381 0.130359
13.3376 -0.81982
13.4371 -1.78069
13.5367 -2.67607
13.6362 -3.43373
13.7357 -4.00652
13.8353 -4.3816
13.9348 -4.57498
14.0343 -4.61578
14.1339 -4.53003
14.2334 -4.33241
14.3329 -4.02883
14.4325 -3.6264
14.532 -3.1426
14.6315 -2.60721
14.7311 -2.0549
14.8306 -1.51308
14.9301 -0.992115
15.0297 -0.48452
15.1292 0.0262453
15.2287 0.551909
15.3283 1.08836
15.4278 1.61364
15.5273 2.09618
15.6269 2.50843
15.7264 2.83843
15.8259 3.09283
15.9255 3.28998
16.025 3.44724
16.1245 3.5696
16.2241 3.6458
16.3236 3.65357
16.4232 3.57071
16.5227 3.38567
16.6222 3.10218
16.7218 2.7362
16.8213 2.30795
16.9208 1.83415
17.0204 1.32492
17.1199 0.786446
17.2194 0.226781
17.319 -0.339722
17.4185 -0.892662
17.518 -1.41082
17.6176 -1.8793
17.7171 -2.29415
17.8166 -2.66147
17.9162 -2.99115
18.0157 -3.28859
18.1152 -3.54892
18.2148 -3.75671
18.3143 -3.89136
18.4138 -3.93475
18.5134 -3.87748
18.6129 -3.7204
18.7124 -3.47163
18.812 -3.14143
18.9115 -2.73845
19.011 -2.26933
19.1106 -1.74153
19.2101 -1.16691
19.3096 -0.563247
19.4092 0.0478921
19.5087 0.645844
19.6082 1.21563
19.7078 1.74994
19.8073 2.24704
19.9069 2.70594
20.0064 3.12144
20.1059 3.48193
20.2055 3.77124
20.305 3.97333
20.4045 4.07727
20.5041 4.07989
20.6036 3.98502
20.7031 3.8004
20.8027 3.5344
20.9022 3.19467
21.0017 2.78935
21.1013 2.32955
21.2008 1.83085
21.3003 1.31228
21.3999 0.792553
21.4994 0.285422
21.5989 -0.203268
21.6985 -0.675041
21.798 -1.13469
21.8975 -1.58456
21.9971 -2.02015
22.0966 -2.42912
22.1961 -2.79424
22.2957 -3.09867
22.3952 -3.33092
22.4947 -3.48718
22.5943 -3.57043
22.6938 -3.58706
22.7933 -3.54341
22.8929 -3.44357
22.9924 -3.28955
23.0919 -3.08269
23.1915 -2.82516
23.291 -2.52032
23.3905 -2.17182
23.4901 -1.78245
23.5896 -1.3539
23.6892 -0.888186
23.7887 -0.390402
23.8882 0.128769
23.9878 0.652218
24.0873 1.15817
24.1868 1.62413
24.2864 2.03145
24.3859 2.3687
24.4854 2.63263
24.585 2.82671
24.6845 2.95823
24.784 3.03558
24.8836 3.06651
24.9831 3.05783
25.0826 3.01548
25.1822 2.9444
25.2817 2.8475
25.3812 2.7243
25.4808 2.57017
25.5803 2.3772
25.6798 2.13688
25.7794 1.84393
25.8789 1.49951
25.9784 1.11245
26.078 0.697636
26.1775 0.272116
26.277 -0.149309
26.3766 -0.557132
26.4761 -0.9474
26.5756 -1.31915
26.6752 -1.6704
26.7747 -1.99464
26.8742 -2.27993
26.9738 -2.51097
27.0733 -2.67377
27.1729 -2.76064
27.2724 -2.77354
27.3719 -2.72415
27.4715 -2.63042
27.571 -2.51118
27.6705 -2.3806
27.7701 -2.24488
27.8696 -2.10207
27.9691 -1.94494
28.0687 -1.76528
28.1682 -1.55788
28.2677 -1.3225
28.3673 -1.06357
28.4668 -0.787991
28.5663 -0.502565
28.6659 -0.21234
28.7654 0.0795618
28.8649 0.370801
28.9645 0.658324
29.064 0.937505
29.1635 1.20244
29.2631 1.44719
29.3626 1.66711
29.4621 1.85953
29.5617 2.02329
29.6612 2.15756
29.7607 2.26073
29.8603 2.33005
29.9598 2.36253
30.0593 2.35639
30.1589 2.31229
30.2584 2.23342
30.3579 2.12432
30.4575 1.9889
30.557 1.82887
30.6566 1.64344
30.7561 1.43069
30.8556 1.18986
30.9552 0.923299
31.0547 0.637074
31.1542 0.339755
31.2538 0.0401009
31.3533 -0.255079
31.4528 -0.541657
31.5524 -0.81712
31.6519 -1.07837
31.7514 -1.31982
31.851 -1.53308
31.9505 -1.7088
32.05 -1.83972
32.1496 -1.92371
32.2491 -1.96479
32.3486 -1.97174
32.4482 -1.95465
32.5477 -1.92107
32.6472 -1.8736
32.7468 -1.80985
32.8463 -1.72471
32.9458 -1.61373
33.0454 -1.47569
33.1449 -1.31352
33.2444 -1.13312
33.344 -0.941068
33.4435 -0.742528
33.543 -0.540281
33.6426 -0.335267
33.7421 -0.128016
33.8416 0.0799036
33.9412 0.285167
34.0407 0.482906
34.1402 0.667532
34.2398 0.833653
34.3393 0.976714
34.4389 1.09337
34.5384 1.18178
34.6379 1.24206
34.7375 1.27662
34.837 1.2902
34.9365 1.28893
35.0361 1.2787
35.1356 1.2632
35.2351 1.24252
35.3347 1.21321
35.4342 1.1699
35.5337 1.10789
35.6333 1.0255
35.7328 0.925095
35.8323 0.812188
35.9319 0.693205
36.0314 0.572957
36.1309 0.453167
36.2305 0.332736
36.33 0.209494
36.4295 0.0824075
36.5291 -0.0469697
36.6286 -0.174554
36.7281 -0.295167
36.8277 -0.40449
36.9272 -0.500443
37.0267 -0.58331
37.1263 -0.654689
37.2258 -0.71598
37.3253 -0.767339
37.4249 -0.807639
37.5244 -0.835342
37.6239 -0.849627
37.7235 -0.85103
37.823 -0.841192
37.9226 -0.821919
38.0221 -0.794167
38.1216 -0.757606
38.2212 -0.71104
38.3207 -0.653416
38.4202 -0.584806
38.5198 -0.506796
38.6193 -0.422093
38.7188 -0.33365
38.8184 -0.243871
38.9179 -0.154356
39.0174 -0.0662523
39.117 0.0191213
39.2165 0.0998912
39.316 0.173805
39.4156 0.238894
39.5151 0.294185
39.6146 0.339975
39.7142 0.377426
39.8137 0.407702
39.9132 0.431154
40.0128 0.447086
40.1123 0.454252
40.2118 0.451813
40.3114 0.440162
40.4109 0.421082
40.5104 0.397127
40.61 0.370561
40.7095 0.342474
40.809 0.312596
40.9086 0.27991
41.0081 0.24367
41.1076 0.204215
41.2072 0.163096
41.3067 0.122457
41.4062 0.0840772
41.5058 0.0486765
41.6053 0.0158949
41.7049 -0.0150607
41.8044 -0.0445407
41.9039 -0.071921
42.0035 -0.095763
42.103 -0.11457
42.2025 -0.127661
42.3021 -0.135609
42.4016 -0.139949
42.5011 -0.142336
42.6007 -0.14366
42.7002 -0.143672
42.7997 -0.14133
42.8993 -0.135661
42.9988 -0.126573
43.0983 -0.115116
43.1979 -0.103031
43.2974 -0.0918447
43.3969 -0.0821056
43.4965 -0.073208
43.596 -0.063929
43.6955 -0.0533297
43.7951 -0.0414585
43.8946 -0.0294143
43.9941 -0.0187334
44.0937 -0.0104868
44.1932 -0.00465585
44.2927 -0.000181113
44.3923 0.00434644
44.4918 0.00978235
44.5913 0.0158802
44.6909 0.0214415
44.7904 0.0250718
44.8899 0.0260697
44.9895 0.0248948
45.089 0.0229192
45.1886 0.021618
45.2881 0.021701
45.3876 0.0227256
45.4872 0.0234285
45.5867 0.0225669
45.6862 0.0197396
45.7858 0.0156768
45.8853 0.0118175
45.9848 0.00943986
46.0844 0.0088906
46.1839 0.00939422
46.2834 0.00956093
46.383 0.00827455
46.4825 0.00540458
46.582 0.00189724
46.6816 -0.000810588
46.7811 -0.00168722
46.8806 -0.000750913
46.9802 0.00093968
47.0797 0.00194347
47.1792 0.00133178
47.2788 -0.000738901
47.3783 -0.00313353
47.4778 -0.00445693
47.5774 -0.00393416
47.6769 -0.00190244
47.7764 0.000392557
47.876 0.00156805
47.9755 0.000960822
48.075 -0.00096604
48.1746 -0.00291973
48.2741 -0.00359135
48.3736 -0.00247753
48.4732 -0.000196666
48.5727 0.00189709
48.6723 0.00255994
48.7718 0.0014351
48.8713 -0.000725244
48.9709 -0.00253102
49.0704 -0.00282316
49.1699 -0.00139698
49.2695 0.000871824
49.369 0.00257664
49.4685 0.00266064
49.5681 0.00107797
49.6676 -0.00117775
49.7671 -0.00269467
49.8667 -0.00252501
49.9662 -0.00077649
50.0657 0.00145623
50.1653 0.00277685
50.2648 0.00236053
50.3643 0.000468958
50.4639 -0.00171422
50.5634 -0.00282406
50.6629 -0.00216764
50.7625 -0.000156707
50.862 0.00195064
50.9615 0.00283699
51.0611 0.00194919
51.1606 -0.000156474
51.2601 -0.00216282
51.3597 -0.00281569
51.4592 -0.00170788
51.5587 0.00046688
51.6583 0.00234836
51.7578 0.00276054
51.8573 0.00144665
51.9569 -0.000770862
52.0564 -0.00250516
52.1559 -0.00267229
52.2555 -0.00116863
52.355 0.00106486
52.4546 0.00263145
52.5541 0.00255206
52.6536 0.000877122
52.7532 -0.00134543
52.8527 -0.0027258
52.9522 -0.00240133
53.0518 -0.000575593
53.1513 0.00160931
53.2508 0.00278718
53.3504 0.00222194
53.4499 0.000267608
53.5494 -0.00185342
53.649 -0.00281491
53.7485 -0.00201604
53.848 4.32012e-05
53.9476 0.00207491
54.0471 0.00280872
54.1466 0.00178609
54.2462 -0.000353176
54.3457 -0.00227121
54.4452 -0.00276871
54.5448 -0.00153482
54.6443 0.000658671
54.7438 0.00244003
54.8434 0.00269538
54.9429 0.00126519
55.0424 -0.000956097
55.142 -0.0025794
55.2415 -0.00258962
55.341 -0.000980392
55.4406 0.00124196
55.5401 0.00268769
55.6396 0.00245266
55.7392 0.00068377
55.8387 -0.00151289
55.9383 -0.00276362
56.0378 -0.00228613
56.1373 -0.000378813
56.2369 0.00176571
56.3364 0.0028063
56.4359 0.00209196
56.5355 6.91041e-05
56.635 -0.00199743
56.7345 -0.0028152
56.8341 -0.00187243
56.9336 0.000241718
57.0331 0.00220531
57.1327 0.00279019
57.2322 0.00163009
57.3317 -0.000549998
57.4313 -0.00238688
57.5308 -0.00273152
57.6303 -0.00136776
57.7299 0.000852107
57.8294 0.00253996
57.9289 0.00263983
58.0285 0.0010885
58.128 -0.00114448
58.2275 -0.00266271
58.3271 -0.00251615
58.4266 -0.000795561
58.5261 0.00142366
58.6257 0.00275363
58.7252 0.00236186
58.8247 0.000492363
58.9243 -0.00168634
59.0238 -0.00281156
59.1233 -0.0021787
59.2229 -0.000182447
59.3224 0.00192938
59.422 0.00283575
59.5215 0.00196877
59.621 -0.00013056
59.7206 -0.00214987
59.8201 -0.00282582
59.9196 -0.00173444
60.0192 0.000442985
60.1187 0.00234515
60.2182 0.00278177
60.3178 0.00147839
60.4173 -0.000751149
60.5168 -0.00251282
60.6164 -0.00270401
60.7159 -0.00120356
60.8154 0.00105141
60.915 0.00265083
61.0145 0.00259332
61.114 0.000913121
61.2136 -0.00134021
61.3131 -0.00275743
61.4126 -0.00245087
61.5122 -0.000610411
61.6117 0.0016141
61.7112 0.00283122
61.8108 0.00227819
61.9103 0.000298943
62.0098 -0.00186979
62.1094 -0.0028712
62.2089 -0.00207719
62.3084 1.76612e-05
62.408 0.00210419
62.5075 0.00287671
62.607 0.00185008
62.7066 -0.000335702
62.8061 -0.00231442
62.9056 -0.00284753
63.0052 -0.0015994
63.1047 0.000651444
63.2043 0.00249788
63.3038 0.0027838
63.4033 0.00132797
63.5029 -0.000961162
63.6024 -0.00265226
63.7019 -0.00268607
63.8015 -0.00103885
63.901 0.00126117
64.0005 0.00277557
64.1001 0.00255528
64.1996 0.000735335
64.2991 -0.00154789
64.3987 -0.00286616
64.4982 -0.00239276
64.5977 -0.000420907
64.6973 0.00181785
64.7968 0.00292275
64.8963 0.00220021
64.9959 9.91877e-05
65.0954 -0.00206776
65.1949 -0.00294442
65.2945 -0.00197967
65.394 0.000226091
65.4935 0.00229454
65.5931 0.00293068
65.6926 0.00173353
65.7921 -0.000551131
65.8917 -0.00249534
65.9912 -0.0028814
66.0907 -0.00146449
66.1903 0.000872106
66.2898 0.0026676
66.3893 0.00279689
66.4889 0.00117553
66.5884 -0.00118521
66.688 -0.00280905
66.7875 -0.00267785
66.887 -0.000869881
66.9866 0.00148669
67.0861 0.00291778
67.1856 0.00252537
67.2852 0.00055099
67.3847 -0.0017729
67.4842 -0.0029922
67.5838 -0.00234095
67.6833 -0.000222485
67.7828 0.00204034
67.8824 0.00303113
67.9819 0.00212647
68.0814 -0.00011186
68.181 -0.00228569
68.2805 -0.00303377
68.38 -0.00188414
68.4796 0.000448174
68.5791 0.00250583
68.6786 0.00299973
68.7782 0.00161655
68.8777 -0.000782523
68.9772 -0.00269794
69.0768 -0.00292903
69.1763 -0.00132656
69.2758 0.00111096
69.3754 0.00285945
69.4749 0.00282211
69.5744 0.00101736
69.674 -0.00142955
69.7735 -0.00298814
69.873 -0.00267983
69.9726 -0.00069236
70.0721 0.00173446
70.1716 0.00308211
70.2712 0.00250346
70.3707 0.000355193
70.4703 -0.00202194
70.5698 -0.00313988
70.6693 -0.00229467
70.7689 -9.67889e-06
70.8684 0.00228841
70.9679 0.00316032
71.0675 0.00205552
71.167 -0.000340228
71.2665 -0.00253048
71.3661 -0.00314273
71.4656 -0.00178844
71.5651 0.000690477
71.6647 0.002745
71.7642 0.00308683
71.8637 0.00149621
71.9633 -0.00103696
72.0628 -0.00292909
72.1623 -0.00299278
72.2619 -0.00118193
72.3614 0.00137556
72.4609 0.00308019
72.5605 0.00286117
72.66 0.000848966
72.7595 -0.0017022
72.8591 -0.00319607
72.9586 -0.00269301
73.0581 -0.000500977
73.1577 0.00201289
73.2572 0.00327487
73.3567 0.00248975
73.4563 0.000141822
73.5558 -0.00230374
73.6553 -0.00331512
73.7549 -0.00225326
73.8544 0.000224455
73.954 0.00257105
74.0535 0.00331578
74.153 0.0019858
74.2526 -0.000593673
74.3521 -0.00281134
74.4516 -0.00327621
74.5512 -0.00169003
74.6507 0.000961553
74.7502 0.00302135
74.8498 0.00319626
74.9493 0.00136896
75.0488 -0.00132377
75.1484 -0.00319814
75.2479 -0.00307619
75.3474 -0.00102592
75.447 0.00167598
75.5465 0.0033391
75.646 0.00291673
75.7456 0.000664568
75.8451 -0.00201391
75.9446 -0.00344196
76.0442 -0.00271908
76.1437 -0.000288802
76.2432 0.00233336
76.3428 0.00350484
76.4423 0.00248487
76.5418 -9.72404e-05
76.6414 -0.00263025
76.7409 -0.0035263
76.8404 -0.00221617
76.94 0.000489237
77.0395 0.00290071
77.139 0.00350531
77.2386 0.00191548
77.3381 -0.000882724
77.4377 -0.00314109
77.5372 -0.00344133
77.6367 -0.0015857
77.7363 0.00127314
77.8358 0.00334799
77.9353 0.00333426
78.0349 0.00123011
78.1344 -0.00165587
78.2339 -0.00351835
78.3335 -0.00318448
78.433 -0.000852321
78.5325 0.00202629
78.6321 0.00364943
78.7316 0.00299287
78.8311 0.000456289
78.9307 -0.00237985
79.0302 -0.00373889
79.1297 -0.00276079
79.2293 -4.62353e-05
79.3288 0.00271207
79.4283 0.00378481
79.5279 0.00249005
79.6274 -0.000373376
79.7269 -0.00301863
79.8265 -0.00378568
79.926 -0.00218297
80.0255 0.000797881
80.1251 0.00329537
80.2246 0.0037405
80.3241 0.00184227
80.4237 -0.00122246
80.5232 -0.00353843
80.6227 -0.00364872
80.7223 -0.00147113
80.8218 0.0016422
80.9213 0.00374417
81.0209 0.00351031
81.1204 0.00107313
81.22 -0.00205211
81.3195 -0.00390933
81.419 -0.00332573
81.5186 -0.000652226
81.6181 0.00244721
81.7176 0.00403099
81.8172 0.00309599
81.9167 0.000212711
82.0162 -0.00282256
82.1158 -0.00410664
82.2153 -0.00282258
82.3148 0.000240815
82.4144 0.00317332
82.5139 0.00413422
82.6134 0.00250752
82.713 -0.000703486
82.8125 -0.00349478
82.912 -0.00411212
83.0116 -0.00215332
83.1111 0.00117022
83.2106 0.00378245
83.3102 0.00403926
83.4097 0.001763
83.5092 -0.00163575
83.6088 -0.00403209
83.7083 -0.00391504
83.8078 -0.00134001
83.9074 0.00209471
84.0069 0.00423974
84.1064 0.00373941
84.206 0.000888263
84.3055 -0.00254163
84.405 -0.0044018
84.5046 -0.00351289
84.6041 -0.000412091
84.7037 0.00297104
84.8032 0.00451504
84.9027 0.00323651
85.0023 -8.381e-05
85.1018 -0.0033775
85.2013 -0.00457665
85.3009 -0.0029119
85.4004 0.000594395
85.4999 0.00375565
85.5995 0.00458432
85.699 0.00254121
85.7985 -0.00111432
85.8981 -0.00410027
85.9976 -0.00453621
86.0971 -0.00212716
86.1967 0.00163798
86.2962 0.00440634
86.3957 0.00443099
86.4953 0.00167299
86.5948 -0.00215958
86.6943 -0.00466908
86.7939 -0.00426791
86.8934 -0.00118245
86.9929 0.00267314
87.0925 0.00488402
87.192 0.00404677
87.2915 0.000659783
87.3911 -0.00317258
87.4906 -0.00504701
87.5901 -0.00376798
87.6897 -0.000109712
87.7892 0.00365178
87.8887 0.00515432
87.9883 0.00343251
88.0878 -0.000462628
88.1873 -0.00410461
88.2869 -0.00520263
88.3864 -0.00304195
88.486 0.0010517
88.5855 0.004525
88.685 0.0051891
88.7846 0.0025985
88.8841 -0.0016516
88.9836 -0.00490697
89.0832 -0.00511141
89.1827 -0.00210492
89.2822 0.00225614
89.3818 0.00524474
89.4813 0.00496776
89.5808 0.0015646
89.6804 -0.00285884
89.7799 -0.0055327
89.8794 -0.00475693
89.979 -0.000981468
90.0785 0.003453
90.178 0.00576555
90.2776 0.00447829
90.3771 0.00036
90.4766 -0.00403176
90.5762 -0.00593828
90.6757 -0.0041318
90.7752 0.000294792
90.8748 0.00458814
90.9743 0.00604622
91.0738 0.00371805
91.1734 -0.000977405
91.2729 -0.00511508
91.3724 -0.00608515
91.472 -0.00323826
91.5715 0.00168188
91.671 0.00560552
91.7706 0.00605123
91.8701 0.00269424
91.9697 -0.00240181
92.0692 -0.0060524
92.1687 -0.00594113
92.2683 -0.00208845
92.3678 0.00313042
92.4673 0.00644876
92.5669 0.00575199
92.6664 0.00142396
92.7659 -0.00386057
92.8655 -0.00678775
92.965 -0.00548147
93.0645 -0.000704388
93.1641 0.00458483
93.2636 0.00706267
93.3631 0.00512774
93.4627 -6.60312e-05
93.5622 -0.00529548
93.6617 -0.00726703
93.7613 -0.00468951
93.8608 0.000882542
93.9603 0.00598457
94.0599 0.00739453
94.1594 0.00416603
94.2589 -0.00173987
94.3585 -0.00664396
94.458 -0.00743911
94.5575 -0.00355703
94.6571 0.00263227
94.7566 0.00726536
94.8561 0.00739496
94.9557 0.00286274
95.0552 -0.00355356
95.1547 -0.00784031
95.2543 -0.00725649
95.3538 -0.00208382
95.4534 0.00449713
95.5529 0.00836025
95.6524 0.00701829
95.752 0.00122136
95.8515 -0.00545605
95.951 -0.00881647
96.0506 -0.00667513
96.1501 -0.000276754
96.2496 0.00642305
96.3492 0.00920014
96.4487 0.00622186
96.5482 -0.000748363
96.6478 -0.00739059
96.7473 -0.00950223
96.8468 -0.00565329
96.9464 0.00185221
97.0459 0.00835088
97.1454 0.00971343
97.245 0.00496405
97.3445 -0.00303299
97.444 -0.00929589
97.5436 -0.00982405
97.6431 -0.00414842
97.7426 0.00428906
97.8422 0.0102174
97.9417 0.00982385
98.0412 0.00319999
98.1408 -0.00561913
98.2403 -0.0111068
98.3398 -0.0097017
98.4394 -0.00211138
98.5389 0.00702244
98.6384 0.0119553
98.738 0.00944528
98.8375 0.000873705
98.937 -0.00849905
99.0366 -0.0127535
99.1361 -0.00904047
99.2357 0.000523971
99.3352 0.01005
99.4347 0.0134911
99.5343 0.00847063
99.6338 -0.00209541
99.7333 -0.0116778
99.8329 -0.0141563
99.9324 -0.00771555
100.032 0.00385807
100.131 0.0133861
100.231 0.0147355
100.331 0.00675016
100.43 -0.00583427
100.53 -0.0151804
100.629 -0.015212
100.729 -0.00554316
100.828 0.00805351
100.928 0.0170719
101.027 0.0155705
101.127 0.00405656
101.226 -0.0105659
101.326 -0.0191103
101.425 -0.0158401
101.525 -0.00224795
101.624 0.0135848
101.724 0.021793
101.824 0.0167605
