0.0 -0.245784564556
0.0939 0.152163585957
0.1878 0.53538357739
0.2817 0.842099165214
0.3756 1.0301828732
0.4695 1.09041558031
0.5634 1.04550609376
0.6573 0.936300985986
0.7512 0.802005276735
0.8451 0.662994251416
0.939 0.514119747185
1.0329 0.331674354256
1.1268 0.0903455514957
1.2207 -0.217256619189
1.3146 -0.566955528072
1.4085 -0.902643613461
1.5024 -1.15126962734
1.5963 -1.24690249202
1.6902 -1.14993403376
1.7841 -0.851225715393
1.878 -0.366319654846
1.9719 0.268120616752
2.0658 0.991098540094
2.1597 1.71091446367
2.2536 2.30025037383
2.3475 2.5997416916
2.4414 2.44108095248
2.5353 1.69328766943
2.6292 0.318974670181
2.7231 -1.58172201923
2.817 -3.75545271676
2.9109 -5.81369885896
3.0048 -7.28593851911
3.0987 -7.70795903057
3.1926 -6.74000132425
3.2865 -4.29177721733
3.3804 -0.608026433507
3.4743 3.7340418474
3.5682 7.93297226417
3.6621 11.1500858885
3.756 12.7183263898
3.8499 12.3099676773
3.9438 10.0143227183
4.0377 6.3038060468
4.1316 1.89946821495
4.2255 -2.42229129788
4.3194 -6.02103016668
4.4133 -8.52207328224
4.5072 -9.84874465878
4.6011 -10.1588391192
4.695 -9.72226142116
4.7889 -8.79380049595
4.8828 -7.53022263133
4.9767 -5.97710384031
5.0706 -4.11732137043
5.1645 -1.94674878228
5.2584 0.463422302172
5.3523 2.94517061954
5.4462 5.25900866557
5.5401 7.15309043913
5.634 8.4312236571
5.7279 9.00312597416
5.8218 8.89808358712
5.9157 8.23816303507
6.0096 7.18426784259
6.1035 5.87961783843
6.1974 4.41502156486
6.2913 2.82880834216
6.3852 1.1372722165
6.4791 -0.622851450414
6.573 -2.36376046134
6.6669 -3.94534646324
6.7608 -5.20597402474
6.8547 -6.01251220512
6.9486 -6.30812450191
7.0425 -6.13739837874
7.1364 -5.63760297104
7.2303 -4.99778206082
7.3242 -4.39957247128
7.4181 -3.96068749346
7.512 -3.70132801806
7.6059 -3.54538314414
7.6998 -3.35476384764
7.7937 -2.98253993352
7.8876 -2.32428394253
7.9815 -1.34948676565
8.0754 -0.104748937462
8.1693 1.30749458431
8.2632 2.76243054657
8.3571 4.14409612578
8.451 5.36373288587
8.5449 6.3618580806
8.6388 7.09820306159
8.7327 7.5382760457
8.8266 7.64543026357
8.9205 7.3835817128
9.0144 6.7298833067
9.1083 5.69119567655
9.2022 4.31567442214
9.2961 2.69281033075
9.39 0.940752078069
9.4839 -0.814433101905
9.5778 -2.45952739838
9.6717 -3.90766426112
9.7656 -5.10166670836
9.8595 -6.00947460748
9.9534 -6.61681494776
10.0473 -6.92185685711
10.1412 -6.93380754453
10.2351 -6.67421337943
10.329 -6.17780290469
10.4229 -5.48986906654
10.5168 -4.6594364384
10.6107 -3.73054299055
10.7046 -2.73587087427
10.7985 -1.69632328062
10.8924 -0.627189449011
10.9863 0.452064909764
11.0802 1.50963302696
11.1741 2.49978680766
11.268 3.3698444551
11.3619 4.07320502703
11.4558 4.58247538298
11.5497 4.89632492095
11.6436 5.03668259857
11.7375 5.03755841078
11.8314 4.9306971455
11.9253 4.7345816108
12.0192 4.45144919103
12.1131 4.07290245779
12.207 3.59046161215
12.3009 3.00521082444
12.3948 2.33163183196
12.4887 1.59419849257
12.5826 0.819373051897
12.6765 0.0281140210266
12.7704 -0.766439879127
12.8643 -1.55457162652
12.9582 -2.32141684678
13.0521 -3.03951317942
13.146 -3.66759848221
13.2399 -4.15774912483
13.3338 -4.46860740485
13.4277 -4.57907835491
13.5216 -4.49625433054
13.6155 -4.25379073294
13.7094 -3.90127278772
13.8033 -3.48912921823
13.8972 -3.05540125199
13.9911 -2.61939387933
14.085 -2.18369629111
14.1789 -1.74214395703
14.2728 -1.28896383298
14.3667 -0.824603075915
14.4606 -0.356203658095
14.5545 0.106152219674
14.6484 0.554184941163
14.7423 0.98387780951
14.8362 1.39425493384
14.9301 1.78361348837
15.024 2.14601388804
15.1179 2.4706719622
15.2118 2.74505739749
15.3057 2.96011272031
15.3996 3.11450839654
15.4935 3.21515910838
15.5874 3.27321186654
15.6813 3.29727515461
15.7752 3.28734310493
15.8691 3.23270753829
15.963 3.11519322282
16.0569 2.91634283539
16.1508 2.62517743973
16.2447 2.24293358557
16.3386 1.78282215771
16.4325 1.26544502705
16.5264 0.712626383514
16.6203 0.142939282245
16.7142 -0.42908850023
16.8081 -0.990433858295
16.902 -1.52606348172
16.9959 -2.01736306741
17.0898 -2.44422079597
17.1837 -2.79019679958
17.2776 -3.04816763392
17.3715 -3.22321220526
17.4654 -3.33070323622
17.5593 -3.3899748828
17.6532 -3.41626270063
17.7471 -3.41459524657
17.841 -3.37841403107
17.9349 -3.29338005069
18.0288 -3.14431389171
18.1227 -2.92182258876
18.2166 -2.625582208
18.3105 -2.26318539622
18.4044 -1.84584155734
18.4983 -1.38375160328
18.5922 -0.883887540105
18.6861 -0.351315043622
18.78 0.206959009745
18.8739 0.7781397736
18.9678 1.34236428934
19.0617 1.87513739927
19.1556 2.35257235381
19.2495 2.75696741021
19.3434 3.08004226638
19.4373 3.32238990205
19.5312 3.48967224155
19.6251 3.58771769366
19.719 3.61909682561
19.8129 3.58277591501
19.9068 3.47666034956
20.0007 3.30124998989
20.0946 3.06210500796
20.1885 2.76961562227
20.2824 2.43619484127
20.3763 2.07253042433
20.4702 1.68508247183
20.5641 1.27629639866
20.658 0.847434197942
20.7519 0.40240038638
20.8458 -0.0496850821104
20.9397 -0.494781833009
21.0336 -0.917161535666
21.1275 -1.30403547424
21.2214 -1.6492345164
21.3153 -1.95404048882
21.4092 -2.22470879273
21.5031 -2.46788971029
21.597 -2.68617516911
21.6909 -2.87586044285
21.7848 -3.02783231698
21.8787 -3.13093085022
21.9726 -3.17600345743
22.0665 -3.15872499398
22.1604 -3.08009330998
22.2543 -2.94480792919
22.3482 -2.75877533542
22.4421 -2.52723057771
22.536 -2.25436536163
22.6299 -1.94432240396
22.7238 -1.60258039898
22.8177 -1.23658602584
22.9116 -0.855047910488
23.0055 -0.466222835502
23.0994 -0.0762289968325
23.1933 0.311514956467
23.2872 0.695246806739
23.3811 1.07267822928
23.475 1.4388500566
23.5689 1.78526278091
23.6628 2.10087943579
23.7567 2.37460910883
23.8506 2.59809133448
23.9445 2.76744897576
24.0384 2.88323599015
24.1323 2.94875697619
24.2262 2.96774835416
24.3201 2.94264807686
24.414 2.87423739282
24.5079 2.76259358099
24.6018 2.60854243326
24.6957 2.41457028131
24.7896 2.18456457823
24.8835 1.92254549882
24.9774 1.63125325325
25.0713 1.3116430995
25.1652 0.963882699765
25.2591 0.589584861894
25.353 0.194221676536
25.4469 -0.211594307897
25.5408 -0.612836416002
25.6347 -0.992737153581
25.7286 -1.33639460648
25.8225 -1.63382129295
25.9164 -1.88119401111
26.0103 -2.07991121496
26.1042 -2.23407810408
26.1981 -2.34771057744
26.292 -2.42295903257
26.3859 -2.46003091011
26.4798 -2.45858416939
26.5737 -2.41964373561
26.6676 -2.3469056747
26.7615 -2.24669134836
26.8554 -2.12654824267
26.9493 -1.99316883829
27.0432 -1.85058453137
27.1371 -1.69938877111
27.231 -1.53720976787
27.3249 -1.36009279589
27.4188 -1.16414148527
27.5127 -0.946814662498
27.6066 -0.707586987325
27.7005 -0.44804255676
27.7944 -0.171678928908
27.8883 0.116323773702
27.9822 0.409296923295
28.0761 0.699354799624
28.17 0.977909792894
28.2639 1.23640638116
28.3578 1.4672981125
28.4517 1.66498079907
28.5456 1.82613210781
28.6395 1.94954678427
28.7334 2.03555012233
28.8273 2.08528428301
28.9212 2.10017121155
29.0151 2.08171421965
29.109 2.03160394095
29.2029 1.95196171126
29.2968 1.84554857059
29.3907 1.71586325621
29.4846 1.56715386313
29.5785 1.40438673679
29.6724 1.23313763704
29.7663 1.05926931698
29.8602 0.888250986946
29.9541 0.724125691628
30.048 0.568395608786
30.1419 0.41932010739
30.2358 0.272131329336
30.3297 0.12038408074
30.4236 -0.0418431465097
30.5175 -0.217655113215
30.6114 -0.405894947946
30.7053 -0.601222654417
30.7992 -0.795754190092
30.8931 -0.981573460819
30.987 -1.15298408393
31.0809 -1.30745638227
31.1748 -1.44484364483
31.2687 -1.56530818219
31.3626 -1.66708125232
31.4565 -1.74531898643
31.5504 -1.79280889695
31.6443 -1.80235722137
31.7382 -1.76980121803
31.8321 -1.69619798293
31.926 -1.58806291656
32.0199 -1.45543023133
32.1138 -1.30855038965
32.2077 -1.1547071045
32.3016 -0.996590550538
32.3955 -0.832918991495
32.4894 -0.660923276808
32.5833 -0.479429093683
32.6772 -0.291019667131
32.7711 -0.102248567618
32.865 0.0781583030299
32.9589 0.242208922263
33.0528 0.385268121711
33.1467 0.507207773416
33.2406 0.611652957726
33.3345 0.703806818778
33.4284 0.787952934967
33.5223 0.865775446961
33.6162 0.936130402295
33.7101 0.996142607534
33.804 1.04288791286
33.8979 1.07474213971
33.9918 1.09178043984
34.0857 1.09519154117
34.1796 1.08620229282
34.2735 1.06521612581
34.3674 1.03167406799
34.4613 0.98468837295
34.5552 0.924046072884
34.6491 0.850979441159
34.743 0.768245784231
34.8369 0.679450243833
34.9308 0.587955633322
35.0247 0.495929990328
35.1186 0.403987175282
35.2125 0.311549697172
35.3064 0.217696302592
35.4003 0.12204668558
35.4942 0.0252772902047
35.5881 -0.0708948972455
35.682 -0.164135206837
35.7759 -0.252025708488
35.8698 -0.332443516478
35.9637 -0.403694246737
36.0576 -0.464509674606
36.1515 -0.514101497856
36.2454 -0.552378962563
36.3393 -0.580247126321
36.4332 -0.599739027169
36.5271 -0.613724220132
36.621 -0.625114947925
36.7149 -0.635779310041
36.8088 -0.645609603239
36.9027 -0.652233045995
36.9966 -0.651635753327
37.0905 -0.639577580999
37.1844 -0.613286495797
37.2783 -0.572732444295
37.3722 -0.52090295558
37.4661 -0.462900491737
37.56 -0.404184156415
37.6539 -0.348658399745
37.7478 -0.29739277042
37.8417 -0.248499018147
37.9356 -0.198208910662
38.0295 -0.142701819798
38.1234 -0.07993875221
38.2173 -0.0107852510383
38.3112 0.0609786037873
38.4051 0.129707770837
38.499 0.189551554009
38.5929 0.236089665368
38.6868 0.267391900219
38.7807 0.284226488002
38.8746 0.289481968537
38.9685 0.287127270493
39.0624 0.281127821067
39.1563 0.274656908105
39.2502 0.269755500947
39.3441 0.267394919579
39.438 0.267765474955
39.5319 0.270586683673
39.6258 0.275297402167
39.7197 0.281090253451
39.8136 0.28685006683
39.9075 0.291103171463
40.0014 0.29207337678
40.0953 0.287886405285
40.1892 0.276895632515
40.2831 0.258046088992
40.377 0.231169028795
40.4709 0.197111572918
40.5648 0.157649525218
40.6587 0.115193121292
40.7526 0.0723572231768
40.8465 0.0315101071415
40.9404 -0.00557709975462
41.0343 -0.0378910725286
41.1282 -0.0651228678211
41.2221 -0.0874511074016
41.316 -0.105267537293
41.4099 -0.118962154758
41.5038 -0.128846526233
41.5977 -0.135221574418
41.6916 -0.138522793232
41.7855 -0.139436079126
41.8794 -0.138890667945
41.9733 -0.137896529465
42.0672 -0.137273513576
42.1611 -0.137380487201
42.255 -0.137965138072
42.3489 -0.138212127296
42.4428 -0.136987668428
42.5367 -0.133197951031
42.6306 -0.126132766448
42.7245 -0.115673727528
42.8184 -0.102303575507
42.9123 -0.0869328197294
43.0062 -0.0706273115097
43.1001 -0.0543477625117
43.194 -0.0387915286464
43.2879 -0.0243717823092
43.3818 -0.0113070146945
43.4757 0.000247571596742
43.5696 0.0101004414645
43.6635 0.0180013726011
43.7574 0.0236978083388
43.8513 0.0270336738402
43.9452 0.028039098566
44.0391 0.0269697549167
44.133 0.0242813034618
44.2269 0.0205527133976
44.3208 0.0163891629768
44.4147 0.0123357919263
44.5086 0.00882137433302
44.6025 0.00613470317121
44.6964 0.00442462926168
44.7903 0.00371149122982
44.8842 0.00390192780775
44.9781 0.00480603756232
45.072 0.00616050402122
45.1659 0.00766105696297
45.2598 0.00900330705735
45.3537 0.00992572459007
45.4476 0.0102456770815
45.5415 0.00988060881896
45.6354 0.00885084842002
45.7293 0.00726575295583
45.8232 0.00529848997887
45.9171 0.00315561977772
46.011 0.00104638871666
46.1049 -0.000845110442913
46.1988 -0.00238266098427
46.2927 -0.00349313382477
46.3866 -0.00417154349393
46.4805 -0.00447418689965
46.5744 -0.00450062119628
46.6683 -0.00436862859229
46.7622 -0.00418890910909
46.8561 -0.00404644868858
46.95 -0.00399283839203
47.0439 -0.00399283839203
47.1378 -0.00399283839203
47.2317 -0.00399283839203
47.3256 -0.00399283839203
47.4195 -0.00399283839203
47.5134 -0.00399283839203
47.6073 -0.00399283839203
47.7012 -0.00399283839203
47.7951 -0.00399283839203
47.889 -0.00399283839203
47.9829 -0.00399283839203
48.0768 -0.00399283839203
48.1707 -0.00399283839203
48.2646 -0.00399283839203
48.3585 -0.00399283839203
48.4524 -0.00399283839203
48.5463 -0.00399283839203
48.6402 -0.00399283839203
48.7341 -0.00399283839203
48.828 -0.00399283839203
48.9219 -0.00399283839203
49.0158 -0.00399283839203
49.1097 -0.00399283839203
49.2036 -0.00399283839203
49.2975 -0.00399283839203
49.3914 -0.00399283839203
49.4853 -0.00399283839203
49.5792 -0.00399283839203
49.6731 -0.00399283839203
49.767 -0.00399283839203
49.8609 -0.00399283839203
49.9548 -0.00399283839203
50.0487 -0.00399283839203
50.1426 -0.00399283839203
50.2365 -0.00399283839203
50.3304 -0.00399283839203
50.4243 -0.00399283839203
50.5182 -0.00399283839203
50.6121 -0.00399283839203
50.706 -0.00399283839203
50.7999 -0.00399283839203
50.8938 -0.00399283839203
50.9877 -0.00399283839203
51.0816 -0.00399283839203
51.1755 -0.00399283839203
51.2694 -0.00399283839203
51.3633 -0.00399283839203
51.4572 -0.00399283839203
51.5511 -0.00399283839203
51.645 -0.00399283839203
51.7389 -0.00399283839203
51.8328 -0.00399283839203
51.9267 -0.00399283839203
52.0206 -0.00399283839203
52.1145 -0.00399283839203
52.2084 -0.00399283839203
52.3023 -0.00399283839203
52.3962 -0.00399283839203
52.4901 -0.00399283839203
52.584 -0.00399283839203
52.6779 -0.00399283839203
52.7718 -0.00399283839203
52.8657 -0.00399283839203
52.9596 -0.00399283839203
53.0535 -0.00399283839203
53.1474 -0.00399283839203
53.2413 -0.00399283839203
53.3352 -0.00399283839203
53.4291 -0.00399283839203
53.523 -0.00399283839203
53.6169 -0.00399283839203
53.7108 -0.00399283839203
53.8047 -0.00399283839203
53.8986 -0.00399283839203
53.9925 -0.00399283839203
54.0864 -0.00399283839203
54.1803 -0.00399283839203
54.2742 -0.00399283839203
54.3681 -0.00399283839203
54.462 -0.00399283839203
54.5559 -0.00399283839203
54.6498 -0.00399283839203
54.7437 -0.00399283839203
54.8376 -0.00399283839203
54.9315 -0.00399283839203
55.0254 -0.00399283839203
55.1193 -0.00399283839203
55.2132 -0.00399283839203
55.3071 -0.00399283839203
55.401 -0.00399283839203
55.4949 -0.00399283839203
55.5888 -0.00399283839203
55.6827 -0.00399283839203
55.7766 -0.00399283839203
55.8705 -0.00399283839203
55.9644 -0.00399283839203
56.0583 -0.00399283839203
56.1522 -0.00399283839203
56.2461 -0.00399283839203
56.34 -0.00399283839203
56.4339 -0.00399283839203
56.5278 -0.00399283839203
56.6217 -0.00399283839203
56.7156 -0.00399283839203
56.8095 -0.00399283839203
56.9034 -0.00399283839203
56.9973 -0.00399283839203
57.0912 -0.00399283839203
57.1851 -0.00399283839203
57.279 -0.00399283839203
57.3729 -0.00399283839203
57.4668 -0.00399283839203
57.5607 -0.00399283839203
57.6546 -0.00399283839203
57.7485 -0.00399283839203
57.8424 -0.00399283839203
57.9363 -0.00399283839203
58.0302 -0.00399283839203
58.1241 -0.00399283839203
58.218 -0.00399283839203
58.3119 -0.00399283839203
58.4058 -0.00399283839203
58.4997 -0.00399283839203
58.5936 -0.00399283839203
58.6875 -0.00399283839203
58.7814 -0.00399283839203
58.8753 -0.00399283839203
58.9692 -0.00399283839203
59.0631 -0.00399283839203
59.157 -0.00399283839203
59.2509 -0.00399283839203
59.3448 -0.00399283839203
59.4387 -0.00399283839203
59.5326 -0.00399283839203
59.6265 -0.00399283839203
59.7204 -0.00399283839203
59.8143 -0.00399283839203
59.9082 -0.00399283839203
60.0021 -0.00399283839203
60.096 -0.00399283839203
60.1899 -0.00399283839203
60.2838 -0.00399283839203
60.3777 -0.00399283839203
60.4716 -0.00399283839203
60.5655 -0.00399283839203
60.6594 -0.00399283839203
60.7533 -0.00399283839203
60.8472 -0.00399283839203
60.9411 -0.00399283839203
61.035 -0.00399283839203
61.1289 -0.00399283839203
61.2228 -0.00399283839203
61.3167 -0.00399283839203
61.4106 -0.00399283839203
61.5045 -0.00399283839203
61.5984 -0.00399283839203
61.6923 -0.00399283839203
61.7862 -0.00399283839203
61.8801 -0.00399283839203
61.974 -0.00399283839203
62.0679 -0.00399283839203
62.1618 -0.00399283839203
62.2557 -0.00399283839203
62.3496 -0.00399283839203
62.4435 -0.00399283839203
62.5374 -0.00399283839203
62.6313 -0.00399283839203
62.7252 -0.00399283839203
62.8191 -0.00399283839203
62.913 -0.00399283839203
63.0069 -0.00399283839203
63.1008 -0.00399283839203
63.1947 -0.00399283839203
63.2886 -0.00399283839203
63.3825 -0.00399283839203
63.4764 -0.00399283839203
63.5703 -0.00399283839203
63.6642 -0.00399283839203
63.7581 -0.00399283839203
63.852 -0.00399283839203
63.9459 -0.00399283839203
64.0398 -0.00399283839203
64.1337 -0.00399283839203
64.2276 -0.00399283839203
64.3215 -0.00399283839203
64.4154 -0.00399283839203
64.5093 -0.00399283839203
64.6032 -0.00399283839203
64.6971 -0.00399283839203
64.791 -0.00399283839203
64.8849 -0.00399283839203
64.9788 -0.00399283839203
65.0727 -0.00399283839203
65.1666 -0.00399283839203
65.2605 -0.00399283839203
65.3544 -0.00399283839203
65.4483 -0.00399283839203
65.5422 -0.00399283839203
65.6361 -0.00399283839203
65.73 -0.00399283839203
65.8239 -0.00399283839203
65.9178 -0.00399283839203
66.0117 -0.00399283839203
66.1056 -0.00399283839203
66.1995 -0.00399283839203
66.2934 -0.00399283839203
66.3873 -0.00399283839203
66.4812 -0.00399283839203
66.5751 -0.00399283839203
66.669 -0.00399283839203
66.7629 -0.00399283839203
66.8568 -0.00399283839203
66.9507 -0.00399283839203
67.0446 -0.00399283839203
67.1385 -0.00399283839203
67.2324 -0.00399283839203
67.3263 -0.00399283839203
67.4202 -0.00399283839203
67.5141 -0.00399283839203
67.608 -0.00399283839203
67.7019 -0.00399283839203
67.7958 -0.00399283839203
67.8897 -0.00399283839203
67.9836 -0.00399283839203
68.0775 -0.00399283839203
68.1714 -0.00399283839203
68.2653 -0.00399283839203
68.3592 -0.00399283839203
68.4531 -0.00399283839203
68.547 -0.00399283839203
68.6409 -0.00399283839203
68.7348 -0.00399283839203
68.8287 -0.00399283839203
68.9226 -0.00399283839203
69.0165 -0.00399283839203
69.1104 -0.00399283839203
69.2043 -0.00399283839203
69.2982 -0.00399283839203
69.3921 -0.00399283839203
69.486 -0.00399283839203
69.5799 -0.00399283839203
69.6738 -0.00399283839203
69.7677 -0.00399283839203
69.8616 -0.00399283839203
69.9555 -0.00399283839203
70.0494 -0.00399283839203
70.1433 -0.00399283839203
70.2372 -0.00399283839203
70.3311 -0.00399283839203
70.425 -0.00399283839203
70.5189 -0.00399283839203
70.6128 -0.00399283839203
70.7067 -0.00399283839203
70.8006 -0.00399283839203
70.8945 -0.00399283839203
70.9884 -0.00399283839203
71.0823 -0.00399283839203
71.1762 -0.00399283839203
71.2701 -0.00399283839203
71.364 -0.00399283839203
71.4579 -0.00399283839203
71.5518 -0.00399283839203
71.6457 -0.00399283839203
71.7396 -0.00399283839203
71.8335 -0.00399283839203
71.9274 -0.00399283839203
72.0213 -0.00399283839203
72.1152 -0.00399283839203
72.2091 -0.00399283839203
72.303 -0.00399283839203
72.3969 -0.00399283839203
72.4908 -0.00399283839203
72.5847 -0.00399283839203
72.6786 -0.00399283839203
72.7725 -0.00399283839203
72.8664 -0.00399283839203
72.9603 -0.00399283839203
73.0542 -0.00399283839203
73.1481 -0.00399283839203
73.242 -0.00399283839203
73.3359 -0.00399283839203
73.4298 -0.00399283839203
73.5237 -0.00399283839203
73.6176 -0.00399283839203
73.7115 -0.00399283839203
73.8054 -0.00399283839203
73.8993 -0.00399283839203
73.9932 -0.00399283839203
74.0871 -0.00399283839203
74.181 -0.00399283839203
74.2749 -0.00399283839203
74.3688 -0.00399283839203
74.4627 -0.00399283839203
74.5566 -0.00399283839203
74.6505 -0.00399283839203
74.7444 -0.00399283839203
74.8383 -0.00399283839203
74.9322 -0.00399283839203
75.0261 -0.00399283839203
75.12 -0.00399283839203
75.2139 -0.00399283839203
75.3078 -0.00399283839203
75.4017 -0.00399283839203
75.4956 -0.00399283839203
75.5895 -0.00399283839203
75.6834 -0.00399283839203
75.7773 -0.00399283839203
75.8712 -0.00399283839203
75.9651 -0.00399283839203
76.059 -0.00399283839203
76.1529 -0.00399283839203
76.2468 -0.00399283839203
76.3407 -0.00399283839203
76.4346 -0.00399283839203
76.5285 -0.00399283839203
76.6224 -0.00399283839203
76.7163 -0.00399283839203
76.8102 -0.00399283839203
76.9041 -0.00399283839203
76.998 -0.00399283839203
77.0919 -0.00399283839203
77.1858 -0.00399283839203
77.2797 -0.00399283839203
77.3736 -0.00399283839203
77.4675 -0.00399283839203
77.5614 -0.00399283839203
77.6553 -0.00399283839203
77.7492 -0.00399283839203
77.8431 -0.00399283839203
77.937 -0.00399283839203
78.0309 -0.00399283839203
78.1248 -0.00399283839203
78.2187 -0.00399283839203
78.3126 -0.00399283839203
78.4065 -0.00399283839203
78.5004 -0.00399283839203
78.5943 -0.00399283839203
78.6882 -0.00399283839203
78.7821 -0.00399283839203
78.876 -0.00399283839203
78.9699 -0.00399283839203
79.0638 -0.00399283839203
79.1577 -0.00399283839203
79.2516 -0.00399283839203
79.3455 -0.00399283839203
79.4394 -0.00399283839203
79.5333 -0.00399283839203
79.6272 -0.00399283839203
79.7211 -0.00399283839203
79.815 -0.00399283839203
79.9089 -0.00399283839203
80.0028 -0.00399283839203
80.0967 -0.00399283839203
80.1906 -0.00399283839203
80.2845 -0.00399283839203
80.3784 -0.00399283839203
80.4723 -0.00399283839203
80.5662 -0.00399283839203
80.6601 -0.00399283839203
80.754 -0.00399283839203
80.8479 -0.00399283839203
80.9418 -0.00399283839203
81.0357 -0.00399283839203
81.1296 -0.00399283839203
81.2235 -0.00399283839203
81.3174 -0.00399283839203
81.4113 -0.00399283839203
81.5052 -0.00399283839203
81.5991 -0.00399283839203
81.693 -0.00399283839203
81.7869 -0.00399283839203
81.8808 -0.00399283839203
81.9747 -0.00399283839203
82.0686 -0.00399283839203
82.1625 -0.00399283839203
82.2564 -0.00399283839203
82.3503 -0.00399283839203
82.4442 -0.00399283839203
82.5381 -0.00399283839203
82.632 -0.00399283839203
82.7259 -0.00399283839203
82.8198 -0.00399283839203
82.9137 -0.00399283839203
83.0076 -0.00399283839203
83.1015 -0.00399283839203
83.1954 -0.00399283839203
83.2893 -0.00399283839203
83.3832 -0.00399283839203
83.4771 -0.00399283839203
83.571 -0.00399283839203
83.6649 -0.00399283839203
83.7588 -0.00399283839203
83.8527 -0.00399283839203
83.9466 -0.00399283839203
84.0405 -0.00399283839203
84.1344 -0.00399283839203
84.2283 -0.00399283839203
84.3222 -0.00399283839203
84.4161 -0.00399283839203
84.51 -0.00399283839203
84.6039 -0.00399283839203
84.6978 -0.00399283839203
84.7917 -0.00399283839203
84.8856 -0.00399283839203
84.9795 -0.00399283839203
85.0734 -0.00399283839203
85.1673 -0.00399283839203
85.2612 -0.00399283839203
85.3551 -0.00399283839203
85.449 -0.00399283839203
85.5429 -0.00399283839203
85.6368 -0.00399283839203
85.7307 -0.00399283839203
85.8246 -0.00399283839203
85.9185 -0.00399283839203
86.0124 -0.00399283839203
86.1063 -0.00399283839203
86.2002 -0.00399283839203
86.2941 -0.00399283839203
86.388 -0.00399283839203
86.4819 -0.00399283839203
86.5758 -0.00399283839203
86.6697 -0.00399283839203
86.7636 -0.00399283839203
86.8575 -0.00399283839203
86.9514 -0.00399283839203
87.0453 -0.00399283839203
87.1392 -0.00399283839203
87.2331 -0.00399283839203
87.327 -0.00399283839203
87.4209 -0.00399283839203
87.5148 -0.00399283839203
87.6087 -0.00399283839203
87.7026 -0.00399283839203
87.7965 -0.00399283839203
87.8904 -0.00399283839203
87.9843 -0.00399283839203
88.0782 -0.00399283839203
88.1721 -0.00399283839203
88.266 -0.00399283839203
88.3599 -0.00399283839203
88.4538 -0.00399283839203
88.5477 -0.00399283839203
88.6416 -0.00399283839203
88.7355 -0.00399283839203
88.8294 -0.00399283839203
88.9233 -0.00399283839203
89.0172 -0.00399283839203
89.1111 -0.00399283839203
89.205 -0.00399283839203
89.2989 -0.00399283839203
89.3928 -0.00399283839203
89.4867 -0.00399283839203
89.5806 -0.00399283839203
89.6745 -0.00399283839203
89.7684 -0.00399283839203
89.8623 -0.00399283839203
89.9562 -0.00399283839203
90.0501 -0.00399283839203
90.144 -0.00399283839203
90.2379 -0.00399283839203
90.3318 -0.00399283839203
90.4257 -0.00399283839203
90.5196 -0.00399283839203
90.6135 -0.00399283839203
90.7074 -0.00399283839203
90.8013 -0.00399283839203
90.8952 -0.00399283839203
90.9891 -0.00399283839203
91.083 -0.00399283839203
91.1769 -0.00399283839203
91.2708 -0.00399283839203
91.3647 -0.00399283839203
91.4586 -0.00399283839203
91.5525 -0.00399283839203
91.6464 -0.00399283839203
91.7403 -0.00399283839203
91.8342 -0.00399283839203
91.9281 -0.00399283839203
92.022 -0.00399283839203
92.1159 -0.00399283839203
92.2098 -0.00399283839203
92.3037 -0.00399283839203
92.3976 -0.00399283839203
92.4915 -0.00399283839203
92.5854 -0.00399283839203
92.6793 -0.00399283839203
92.7732 -0.00399283839203
92.8671 -0.00399283839203
92.961 -0.00399283839203
93.0549 -0.00399283839203
93.1488 -0.00399283839203
93.2427 -0.00399283839203
93.3366 -0.00399283839203
93.4305 -0.00399283839203
93.5244 -0.00399283839203
93.6183 -0.00399283839203
93.7122 -0.00399283839203
93.8061 -0.00399283839203
93.9 -0.00399283839203
93.9939 -0.00399283839203
94.0878 -0.00399283839203
94.1817 -0.00399283839203
94.2756 -0.00399283839203
94.3695 -0.00399283839203
94.4634 -0.00399283839203
94.5573 -0.00399283839203
94.6512 -0.00399283839203
94.7451 -0.00399283839203
94.839 -0.00399283839203
94.9329 -0.00399283839203
95.0268 -0.00399283839203
95.1207 -0.00399283839203
95.2146 -0.00399283839203
95.3085 -0.00399283839203
95.4024 -0.00399283839203
95.4963 -0.00399283839203
95.5902 -0.00399283839203
95.6841 -0.00399283839203
95.778 -0.00399283839203
95.8719 -0.00399283839203
95.9658 -0.00399283839203
96.0597 -0.00399283839203
