0.0 -0.450980916374
0.09465 -0.129980723556
0.1893 0.200432883808
0.28395 0.478788836582
0.3786 0.664716918971
0.47325 0.753910731933
0.5679 0.775103882847
0.66255 0.771452225008
0.7572 0.775931093914
0.85185 0.792168142224
0.9465 0.790082207908
1.04115 0.718864739699
1.1358 0.531210129684
1.23045 0.208601993301
1.3251 -0.222590792638
1.41975 -0.69201646602
1.5144 -1.10449980735
1.60905 -1.36948210266
1.7037 -1.42451115655
1.79835 -1.24111894753
1.893 -0.819417500139
1.98765 -0.186332885111
2.0823 0.597141848753
2.17695 1.42573848495
2.2716 2.14497301711
2.36625 2.56077626571
2.4609 2.47451748411
2.55555 1.74333568898
2.6502 0.345517239225
2.74485 -1.57845604427
2.8395 -3.72660762765
2.93415 -5.67689903391
3.0288 -6.95943937641
3.12345 -7.14986372355
3.2181 -5.97623707812
3.31275 -3.42190829398
3.4074 0.213486784343
3.50205 4.33605330676
3.5967 8.17477071496
3.69135 10.9634819283
3.786 12.1310156033
3.88065 11.4417888628
3.9753 9.04719829662
4.06995 5.4353363495
4.1646 1.29514487234
4.25925 -2.66435105835
4.3539 -5.88469543558
4.44855 -8.06633278961
4.5432 -9.18446860435
4.63785 -9.41754299981
4.7325 -9.02579143213
4.82715 -8.23213644116
4.9218 -7.1515431152
5.01645 -5.79077894019
5.1111 -4.10698220837
5.20575 -2.08761919242
5.3004 0.189913994422
5.39505 2.54492152914
5.4897 4.7286130196
5.58435 6.49069392722
5.679 7.64983849326
5.77365 8.14084772416
5.8683 8.02094101459
5.96295 7.43375551714
6.0576 6.54732919054
6.15225 5.49350836038
6.2469 4.33490687727
6.34155 3.07196482299
6.4362 1.68328957297
6.53085 0.176670982118
6.6255 -1.37688548156
6.72015 -2.84501103142
6.8148 -4.07216862166
6.90945 -4.93647257693
7.0041 -5.39842092168
7.09875 -5.5186244704
7.1934 -5.43531715888
7.28805 -5.30936523545
7.3827 -5.25820583895
7.47735 -5.30530813422
7.572 -5.36633250922
7.66665 -5.27897976537
7.7613 -4.86547759169
7.85595 -4.00280812858
7.9506 -2.67260893902
8.04525 -0.971600522893
8.1399 0.919375425572
8.23455 2.79235812383
8.3292 4.47077241773
8.42385 5.84701461293
8.5185 6.88772039075
8.61315 7.60973790046
8.7078 8.04162948515
8.80245 8.18993877937
8.8971 8.02538814085
8.99175 7.49428685456
9.0864 6.54907879579
9.18105 5.18362754756
9.2757 3.456883778
9.37035 1.49404611897
9.465 -0.535472505979
9.55965 -2.45418552365
9.6543 -4.11257888294
9.74895 -5.41248152625
9.8436 -6.31238261983
9.93825 -6.81772782262
10.0329 -6.96437336963
10.12755 -6.80347840632
10.2222 -6.39235622494
10.31685 -5.79100763245
10.4115 -5.06076778404
10.50615 -4.26101994122
10.6008 -3.44231981265
10.69545 -2.63797844697
10.7901 -1.85867430042
10.88475 -1.09424923208
10.9794 -0.323611156872
11.07405 0.470512981205
11.1687 1.28807243962
11.26335 2.10553022547
11.358 2.88005200423
11.45265 3.56216352978
11.5473 4.11087124461
11.64195 4.50429680735
11.7366 4.74153732679
11.83125 4.83604915116
11.9259 4.8048684054
12.02055 4.65952475391
12.1152 4.40303326555
12.20985 4.03374691188
12.3045 3.55307108272
12.39915 2.97210398787
12.4938 2.31315273918
12.58845 1.60518606487
12.6831 0.875814894169
12.77775 0.144407727224
12.8724 -0.579641376947
12.96705 -1.29236716929
13.0617 -1.98689017286
13.15635 -2.64605485274
13.251 -3.24051792971
13.34565 -3.73398769269
13.4403 -4.09356608321
13.53495 -4.30040340041
13.6296 -4.3555795803
13.72425 -4.27841006963
13.8189 -4.09804311837
13.91355 -3.84239180292
14.0082 -3.52953859764
14.10285 -3.1652764258
14.1975 -2.74724196238
14.29215 -2.27285716352
14.3868 -1.74666450514
14.48145 -1.18333801537
14.5761 -0.605170313557
14.67075 -0.0357595208476
14.7654 0.506584912043
14.86005 1.01237549967
14.9547 1.47997993485
15.04935 1.9112059987
15.144 2.30620171344
15.23865 2.66051319725
15.3333 2.96567268556
15.42795 3.2125860981
15.5226 3.3954529156
15.61725 3.5137947403
15.7119 3.57139891346
15.80655 3.57283977057
15.9012 3.51965330453
15.99585 3.40843608753
16.0905 3.23204852847
16.18515 2.98337238356
16.2798 2.65967871912
16.37445 2.2653610387
16.4691 1.81170804178
16.56375 1.31398656265
16.6584 0.787483344733
16.75305 0.244575197307
16.8477 -0.305822820339
16.94235 -0.85649048239
17.037 -1.39916133389
17.13165 -1.92260495016
17.2263 -2.41273670203
17.32095 -2.8547028568
17.4156 -3.23571391403
17.51025 -3.54698030759
17.6049 -3.78366727377
17.69955 -3.94298881904
17.7942 -4.02170173966
17.88885 -4.01467847325
17.9835 -3.91568391628
18.07815 -3.72025434176
18.1728 -3.42934889818
18.26745 -3.0518889921
18.3621 -2.60472601861
18.45675 -2.10976731474
18.5514 -1.58933057635
18.64605 -1.06161119449
18.7407 -0.538048037732
18.83535 -0.0234505669321
18.93 0.481501194198
19.02465 0.9767286898
19.1193 1.45977851473
19.21395 1.92446236258
19.3086 2.36126250224
19.40325 2.75884732647
19.4979 3.10573619684
19.59255 3.39141911121
19.6872 3.60682387429
19.78185 3.74452979664
19.8765 3.79924348611
19.97115 3.76873669464
20.0658 3.65493207876
20.16045 3.46446674408
20.2551 3.20812479021
20.34975 2.89901303026
20.4444 2.55000330282
20.53905 2.17141296875
20.6337 1.76987457725
20.72835 1.34884152069
20.823 0.910436228257
20.91765 0.457744600393
21.0123 -0.00350691943702
21.10695 -0.464618217257
21.2016 -0.914997587989
21.29625 -1.34408840597
21.3909 -1.743241974
21.48555 -2.10674740519
21.5802 -2.43167812808
21.67485 -2.71675713199
21.7695 -2.96082352355
21.86415 -3.16156004058
21.9588 -3.31493748859
22.05345 -3.41549344226
22.1481 -3.4572620165
22.24275 -3.43501771117
22.3374 -3.34549529106
22.43205 -3.18833014379
22.5267 -2.96655082458
22.62135 -2.6865163671
22.716 -2.35725327703
22.81065 -1.98925944997
22.9053 -1.59301551926
22.99995 -1.17761821169
23.0946 -0.75001465078
23.18925 -0.315178639005
23.2839 0.122770111191
23.37855 0.558922714954
23.4732 0.986132208842
23.56785 1.39448054717
23.6625 1.7720435962
23.75715 2.1067821437
23.8518 2.38887118137
23.94645 2.61255632486
24.0411 2.77681639481
24.13575 2.88463317582
24.2304 2.94127379099
24.32505 2.95238547324
24.4197 2.9227001098
24.51435 2.85576063744
24.609 2.75451866744
24.70365 2.62220305835
24.7983 2.46274983431
24.89295 2.28036564882
24.9876 2.07832159785
25.08225 1.85757107454
25.1769 1.61599735811
25.27155 1.34890603082
25.3662 1.0508616777
25.46085 0.718361243009
25.5555 0.35241511363
25.65015 -0.0399373259239
25.7448 -0.445797916694
25.83945 -0.848288307208
25.9341 -1.22956588619
26.02875 -1.57404661548
26.1234 -1.87089439537
26.21805 -2.11514232094
26.3127 -2.30728474181
26.40735 -2.45163722559
26.502 -2.5540636042
26.59665 -2.61975825185
26.6913 -2.651669188
26.78595 -2.64991868797
26.8806 -2.61229478188
26.97525 -2.5356095878
27.0699 -2.41749842735
27.16455 -2.25811247516
27.2592 -2.06117501115
27.35385 -1.83404019296
27.4485 -1.58668249495
27.54315 -1.32987477403
27.6378 -1.07307565066
27.73245 -0.822647591637
27.8271 -0.580924982186
27.92175 -0.346380717457
28.0164 -0.114797843254
28.11105 0.118939099934
28.2057 0.358963709476
28.30035 0.606952799541
28.395 0.861368840946
28.48965 1.11741811606
28.5843 1.36772537758
28.67895 1.60348894541
28.7736 1.81561422855
28.86825 1.9957979607
28.9629 2.13740999117
29.05755 2.2361166643
29.1522 2.29021098917
29.24685 2.30061859308
29.3415 2.27056753177
29.43615 2.20496167534
29.5308 2.10956863858
29.62545 1.99018802422
29.7201 1.8519691904
29.81475 1.69899084013
29.9094 1.53412256693
30.00405 1.35910604732
30.0987 1.17475835624
30.19335 0.981219739682
30.288 0.778218623611
30.38265 0.565368704626
30.4773 0.342518837929
30.57195 0.110145665966
30.6666 -0.130264521568
30.76125 -0.375924405714
30.8559 -0.622617686618
30.95055 -0.864774638309
31.0452 -1.09575365011
31.13985 -1.30830760603
31.2345 -1.49520645079
31.32915 -1.64998079904
31.4238 -1.76772630993
31.51845 -1.84585830892
31.6131 -1.88464845468
31.70775 -1.88734800064
31.8024 -1.8597448862
31.89705 -1.80913079627
31.9917 -1.7428444411
32.08635 -1.66674251119
32.181 -1.5840454068
32.27565 -1.49494596804
32.3703 -1.39714798093
32.46495 -1.28718240606
32.5596 -1.16205400043
32.65425 -1.02062729356
32.7489 -0.864244168285
32.84355 -0.696357087475
32.9382 -0.521350218374
33.03285 -0.343045350874
33.1275 -0.163513726222
33.22215 0.0173129026354
33.3168 0.201062088169
33.41145 0.389583507542
33.5061 0.583352519892
33.60075 0.780195470919
33.6954 0.974782155531
33.79005 1.15904742733
33.8847 1.3233928978
33.97935 1.45829640738
34.074 1.55588738027
34.16865 1.61112823882
34.2633 1.62241716264
34.35795 1.59161297276
34.4526 1.52360966357
34.54725 1.42562713689
34.6419 1.3063528006
34.73655 1.17501231554
34.8312 1.04041436746
34.92585 0.910026098407
35.0205 0.789179236075
35.11515 0.680543279886
35.2098 0.583992401066
35.30445 0.496922735542
35.3991 0.41496717832
35.49375 0.332951002281
35.5884 0.245879155525
35.68305 0.149766160986
35.7777 0.0421984267478
35.87235 -0.0773837973373
35.967 -0.207626705294
36.06165 -0.345350262096
36.1563 -0.485741392277
36.25095 -0.622667837373
36.3456 -0.749165606501
36.44025 -0.858142519434
36.5349 -0.943274975007
36.62955 -0.999977045046
36.7242 -1.02623332281
36.81885 -1.02305591656
36.9135 -0.994380372331
37.00815 -0.94635095901
37.1028 -0.886122796571
37.19745 -0.820464322313
37.2921 -0.754518347417
37.38675 -0.691041319531
37.4814 -0.630299027623
37.57605 -0.570602347885
37.6707 -0.509286195282
37.76535 -0.443826530351
37.86 -0.372781333312
37.95465 -0.296322555456
38.0493 -0.216260745804
38.14395 -0.135606575107
38.2386 -0.0578254125516
38.33325 0.0139995184077
38.4279 0.0778778018869
38.52255 0.133325703253
38.6172 0.181392877177
38.71185 0.224305690633
38.8065 0.264819254596
38.90115 0.305435143901
38.9958 0.347670557374
39.09045 0.391551827382
39.1851 0.435453592228
39.27975 0.476325575321
39.3744 0.510259199195
39.46905 0.533266983798
39.5637 0.542098448495
39.65835 0.534910081312
39.753 0.511645644369
39.84765 0.474055639345
39.9423 0.425370461035
40.03695 0.369717336498
40.1316 0.311418713974
40.22625 0.254321911507
40.3209 0.201289524095
40.41555 0.153936528822
40.5102 0.112643847077
40.60485 0.0768190012543
40.6995 0.0453218309737
40.79415 0.0169374940427
40.8888 -0.00922922134255
40.98345 -0.0335385272531
41.0781 -0.0558231600143
41.17275 -0.0755913131375
41.2674 -0.0923347960969
41.36205 -0.105821359042
41.4567 -0.116263015041
41.55135 -0.124303671808
41.646 -0.130838919939
41.74065 -0.136741312041
41.8353 -0.142593709937
41.92995 -0.148522742851
42.0246 -0.154181612038
42.11925 -0.158875506307
42.2139 -0.161775807091
42.30855 -0.162147143743
42.4032 -0.159518778681
42.49785 -0.153761482872
42.5925 -0.145068372002
42.68715 -0.133868090444
42.7818 -0.120712051793
42.87645 -0.106173534546
42.9711 -0.0907816133343
43.06575 -0.0749958889482
43.1604 -0.0592151565624
43.25505 -0.0438063889825
43.3497 -0.0291381437966
43.44435 -0.0156026949428
43.539 -0.00361363486572
43.63365 0.0064281432113
43.7283 0.0141965040714
43.82295 0.0195137249902
43.9176 0.0224098246731
44.01225 0.0231416689499
44.1069 0.0221579892794
44.20155 0.0200167720414
44.2962 0.0172811054116
44.39085 0.0144286990699
44.4855 0.0118037308651
44.58015 0.00962006703929
44.6748 0.00800170050939
44.76945 0.00703090706138
44.8641 0.00677461489423
44.95875 0.00727444881055
45.0534 0.00850787610911
45.14805 0.0103454590082
45.2427 0.0125334633053
45.33735 0.0147199735247
45.432 0.0165220058652
45.52665 0.0176113550505
45.6213 0.01778778456
45.71595 0.0170137697382
45.8106 0.0154019492816
45.90525 0.0131659393416
45.9999 0.0105577884971
46.09455 0.00781589750876
46.1892 0.00513705175437
46.28385 0.00267192319652
46.3785 0.00053283677614
46.47315 -0.00119946743978
46.5678 -0.0024774140084
46.66245 -0.0032947522053
46.7571 -0.00369316380725
46.85175 -0.00375903811152
46.9464 -0.00360761220246
47.04105 -0.0033589387233
47.1357 -0.00311471293096
47.23035 -0.00294440245813
47.325 -0.00288411541249
47.41965 -0.00288411541249
47.5143 -0.00288411541249
47.60895 -0.00288411541249
47.7036 -0.00288411541249
47.79825 -0.00288411541249
47.8929 -0.00288411541249
47.98755 -0.00288411541249
48.0822 -0.00288411541249
48.17685 -0.00288411541249
48.2715 -0.00288411541249
48.36615 -0.00288411541249
48.4608 -0.00288411541249
48.55545 -0.00288411541249
48.6501 -0.00288411541249
48.74475 -0.00288411541249
48.8394 -0.00288411541249
48.93405 -0.00288411541249
49.0287 -0.00288411541249
49.12335 -0.00288411541249
49.218 -0.00288411541249
49.31265 -0.00288411541249
49.4073 -0.00288411541249
49.50195 -0.00288411541249
49.5966 -0.00288411541249
49.69125 -0.00288411541249
49.7859 -0.00288411541249
49.88055 -0.00288411541249
49.9752 -0.00288411541249
50.06985 -0.00288411541249
50.1645 -0.00288411541249
50.25915 -0.00288411541249
50.3538 -0.00288411541249
50.44845 -0.00288411541249
50.5431 -0.00288411541249
50.63775 -0.00288411541249
50.7324 -0.00288411541249
50.82705 -0.00288411541249
50.9217 -0.00288411541249
51.01635 -0.00288411541249
51.111 -0.00288411541249
51.20565 -0.00288411541249
51.3003 -0.00288411541249
51.39495 -0.00288411541249
51.4896 -0.00288411541249
51.58425 -0.00288411541249
51.6789 -0.00288411541249
51.77355 -0.00288411541249
51.8682 -0.00288411541249
51.96285 -0.00288411541249
52.0575 -0.00288411541249
52.15215 -0.00288411541249
52.2468 -0.00288411541249
52.34145 -0.00288411541249
52.4361 -0.00288411541249
52.53075 -0.00288411541249
52.6254 -0.00288411541249
52.72005 -0.00288411541249
52.8147 -0.00288411541249
52.90935 -0.00288411541249
53.004 -0.00288411541249
53.09865 -0.00288411541249
53.1933 -0.00288411541249
53.28795 -0.00288411541249
53.3826 -0.00288411541249
53.47725 -0.00288411541249
53.5719 -0.00288411541249
53.66655 -0.00288411541249
53.7612 -0.00288411541249
53.85585 -0.00288411541249
53.9505 -0.00288411541249
54.04515 -0.00288411541249
54.1398 -0.00288411541249
54.23445 -0.00288411541249
54.3291 -0.00288411541249
54.42375 -0.00288411541249
54.5184 -0.00288411541249
54.61305 -0.00288411541249
54.7077 -0.00288411541249
54.80235 -0.00288411541249
54.897 -0.00288411541249
54.99165 -0.00288411541249
55.0863 -0.00288411541249
55.18095 -0.00288411541249
55.2756 -0.00288411541249
55.37025 -0.00288411541249
55.4649 -0.00288411541249
55.55955 -0.00288411541249
55.6542 -0.00288411541249
55.74885 -0.00288411541249
55.8435 -0.00288411541249
55.93815 -0.00288411541249
56.0328 -0.00288411541249
56.12745 -0.00288411541249
56.2221 -0.00288411541249
56.31675 -0.00288411541249
56.4114 -0.00288411541249
56.50605 -0.00288411541249
56.6007 -0.00288411541249
56.69535 -0.00288411541249
56.79 -0.00288411541249
56.88465 -0.00288411541249
56.9793 -0.00288411541249
57.07395 -0.00288411541249
57.1686 -0.00288411541249
57.26325 -0.00288411541249
57.3579 -0.00288411541249
57.45255 -0.00288411541249
57.5472 -0.00288411541249
57.64185 -0.00288411541249
57.7365 -0.00288411541249
57.83115 -0.00288411541249
57.9258 -0.00288411541249
58.02045 -0.00288411541249
58.1151 -0.00288411541249
58.20975 -0.00288411541249
58.3044 -0.00288411541249
58.39905 -0.00288411541249
58.4937 -0.00288411541249
58.58835 -0.00288411541249
58.683 -0.00288411541249
58.77765 -0.00288411541249
58.8723 -0.00288411541249
58.96695 -0.00288411541249
59.0616 -0.00288411541249
59.15625 -0.00288411541249
59.2509 -0.00288411541249
59.34555 -0.00288411541249
59.4402 -0.00288411541249
59.53485 -0.00288411541249
59.6295 -0.00288411541249
59.72415 -0.00288411541249
59.8188 -0.00288411541249
59.91345 -0.00288411541249
60.0081 -0.00288411541249
60.10275 -0.00288411541249
60.1974 -0.00288411541249
60.29205 -0.00288411541249
60.3867 -0.00288411541249
60.48135 -0.00288411541249
60.576 -0.00288411541249
60.67065 -0.00288411541249
60.7653 -0.00288411541249
60.85995 -0.00288411541249
60.9546 -0.00288411541249
61.04925 -0.00288411541249
61.1439 -0.00288411541249
61.23855 -0.00288411541249
61.3332 -0.00288411541249
61.42785 -0.00288411541249
61.5225 -0.00288411541249
61.61715 -0.00288411541249
61.7118 -0.00288411541249
61.80645 -0.00288411541249
61.9011 -0.00288411541249
61.99575 -0.00288411541249
62.0904 -0.00288411541249
62.18505 -0.00288411541249
62.2797 -0.00288411541249
62.37435 -0.00288411541249
62.469 -0.00288411541249
62.56365 -0.00288411541249
62.6583 -0.00288411541249
62.75295 -0.00288411541249
62.8476 -0.00288411541249
62.94225 -0.00288411541249
63.0369 -0.00288411541249
63.13155 -0.00288411541249
63.2262 -0.00288411541249
63.32085 -0.00288411541249
63.4155 -0.00288411541249
63.51015 -0.00288411541249
63.6048 -0.00288411541249
63.69945 -0.00288411541249
63.7941 -0.00288411541249
63.88875 -0.00288411541249
63.9834 -0.00288411541249
64.07805 -0.00288411541249
64.1727 -0.00288411541249
64.26735 -0.00288411541249
64.362 -0.00288411541249
64.45665 -0.00288411541249
64.5513 -0.00288411541249
64.64595 -0.00288411541249
64.7406 -0.00288411541249
64.83525 -0.00288411541249
64.9299 -0.00288411541249
65.02455 -0.00288411541249
65.1192 -0.00288411541249
65.21385 -0.00288411541249
65.3085 -0.00288411541249
65.40315 -0.00288411541249
65.4978 -0.00288411541249
65.59245 -0.00288411541249
65.6871 -0.00288411541249
65.78175 -0.00288411541249
65.8764 -0.00288411541249
65.97105 -0.00288411541249
66.0657 -0.00288411541249
66.16035 -0.00288411541249
66.255 -0.00288411541249
66.34965 -0.00288411541249
66.4443 -0.00288411541249
66.53895 -0.00288411541249
66.6336 -0.00288411541249
66.72825 -0.00288411541249
66.8229 -0.00288411541249
66.91755 -0.00288411541249
67.0122 -0.00288411541249
67.10685 -0.00288411541249
67.2015 -0.00288411541249
67.29615 -0.00288411541249
67.3908 -0.00288411541249
67.48545 -0.00288411541249
67.5801 -0.00288411541249
67.67475 -0.00288411541249
67.7694 -0.00288411541249
67.86405 -0.00288411541249
67.9587 -0.00288411541249
68.05335 -0.00288411541249
68.148 -0.00288411541249
68.24265 -0.00288411541249
68.3373 -0.00288411541249
68.43195 -0.00288411541249
68.5266 -0.00288411541249
68.62125 -0.00288411541249
68.7159 -0.00288411541249
68.81055 -0.00288411541249
68.9052 -0.00288411541249
68.99985 -0.00288411541249
69.0945 -0.00288411541249
69.18915 -0.00288411541249
69.2838 -0.00288411541249
69.37845 -0.00288411541249
69.4731 -0.00288411541249
69.56775 -0.00288411541249
69.6624 -0.00288411541249
69.75705 -0.00288411541249
69.8517 -0.00288411541249
69.94635 -0.00288411541249
70.041 -0.00288411541249
70.13565 -0.00288411541249
70.2303 -0.00288411541249
70.32495 -0.00288411541249
70.4196 -0.00288411541249
70.51425 -0.00288411541249
70.6089 -0.00288411541249
70.70355 -0.00288411541249
70.7982 -0.00288411541249
70.89285 -0.00288411541249
70.9875 -0.00288411541249
71.08215 -0.00288411541249
71.1768 -0.00288411541249
71.27145 -0.00288411541249
71.3661 -0.00288411541249
71.46075 -0.00288411541249
71.5554 -0.00288411541249
71.65005 -0.00288411541249
71.7447 -0.00288411541249
71.83935 -0.00288411541249
71.934 -0.00288411541249
72.02865 -0.00288411541249
72.1233 -0.00288411541249
72.21795 -0.00288411541249
72.3126 -0.00288411541249
72.40725 -0.00288411541249
72.5019 -0.00288411541249
72.59655 -0.00288411541249
72.6912 -0.00288411541249
72.78585 -0.00288411541249
72.8805 -0.00288411541249
72.97515 -0.00288411541249
73.0698 -0.00288411541249
73.16445 -0.00288411541249
73.2591 -0.00288411541249
73.35375 -0.00288411541249
73.4484 -0.00288411541249
73.54305 -0.00288411541249
73.6377 -0.00288411541249
73.73235 -0.00288411541249
73.827 -0.00288411541249
73.92165 -0.00288411541249
74.0163 -0.00288411541249
74.11095 -0.00288411541249
74.2056 -0.00288411541249
74.30025 -0.00288411541249
74.3949 -0.00288411541249
74.48955 -0.00288411541249
74.5842 -0.00288411541249
74.67885 -0.00288411541249
74.7735 -0.00288411541249
74.86815 -0.00288411541249
74.9628 -0.00288411541249
75.05745 -0.00288411541249
75.1521 -0.00288411541249
75.24675 -0.00288411541249
75.3414 -0.00288411541249
75.43605 -0.00288411541249
75.5307 -0.00288411541249
75.62535 -0.00288411541249
75.72 -0.00288411541249
75.81465 -0.00288411541249
75.9093 -0.00288411541249
76.00395 -0.00288411541249
76.0986 -0.00288411541249
76.19325 -0.00288411541249
76.2879 -0.00288411541249
76.38255 -0.00288411541249
76.4772 -0.00288411541249
76.57185 -0.00288411541249
76.6665 -0.00288411541249
76.76115 -0.00288411541249
76.8558 -0.00288411541249
76.95045 -0.00288411541249
77.0451 -0.00288411541249
77.13975 -0.00288411541249
77.2344 -0.00288411541249
77.32905 -0.00288411541249
77.4237 -0.00288411541249
77.51835 -0.00288411541249
77.613 -0.00288411541249
77.70765 -0.00288411541249
77.8023 -0.00288411541249
77.89695 -0.00288411541249
77.9916 -0.00288411541249
78.08625 -0.00288411541249
78.1809 -0.00288411541249
78.27555 -0.00288411541249
78.3702 -0.00288411541249
78.46485 -0.00288411541249
78.5595 -0.00288411541249
78.65415 -0.00288411541249
78.7488 -0.00288411541249
78.84345 -0.00288411541249
78.9381 -0.00288411541249
79.03275 -0.00288411541249
79.1274 -0.00288411541249
79.22205 -0.00288411541249
79.3167 -0.00288411541249
79.41135 -0.00288411541249
79.506 -0.00288411541249
79.60065 -0.00288411541249
79.6953 -0.00288411541249
79.78995 -0.00288411541249
79.8846 -0.00288411541249
79.97925 -0.00288411541249
80.0739 -0.00288411541249
80.16855 -0.00288411541249
80.2632 -0.00288411541249
80.35785 -0.00288411541249
80.4525 -0.00288411541249
80.54715 -0.00288411541249
80.6418 -0.00288411541249
80.73645 -0.00288411541249
80.8311 -0.00288411541249
80.92575 -0.00288411541249
81.0204 -0.00288411541249
81.11505 -0.00288411541249
81.2097 -0.00288411541249
81.30435 -0.00288411541249
81.399 -0.00288411541249
81.49365 -0.00288411541249
81.5883 -0.00288411541249
81.68295 -0.00288411541249
81.7776 -0.00288411541249
81.87225 -0.00288411541249
81.9669 -0.00288411541249
82.06155 -0.00288411541249
82.1562 -0.00288411541249
82.25085 -0.00288411541249
82.3455 -0.00288411541249
82.44015 -0.00288411541249
82.5348 -0.00288411541249
82.62945 -0.00288411541249
82.7241 -0.00288411541249
82.81875 -0.00288411541249
82.9134 -0.00288411541249
83.00805 -0.00288411541249
83.1027 -0.00288411541249
83.19735 -0.00288411541249
83.292 -0.00288411541249
83.38665 -0.00288411541249
83.4813 -0.00288411541249
83.57595 -0.00288411541249
83.6706 -0.00288411541249
83.76525 -0.00288411541249
83.8599 -0.00288411541249
83.95455 -0.00288411541249
84.0492 -0.00288411541249
84.14385 -0.00288411541249
84.2385 -0.00288411541249
84.33315 -0.00288411541249
84.4278 -0.00288411541249
84.52245 -0.00288411541249
84.6171 -0.00288411541249
84.71175 -0.00288411541249
84.8064 -0.00288411541249
84.90105 -0.00288411541249
84.9957 -0.00288411541249
85.09035 -0.00288411541249
85.185 -0.00288411541249
85.27965 -0.00288411541249
85.3743 -0.00288411541249
85.46895 -0.00288411541249
85.5636 -0.00288411541249
85.65825 -0.00288411541249
85.7529 -0.00288411541249
85.84755 -0.00288411541249
85.9422 -0.00288411541249
86.03685 -0.00288411541249
86.1315 -0.00288411541249
86.22615 -0.00288411541249
86.3208 -0.00288411541249
86.41545 -0.00288411541249
86.5101 -0.00288411541249
86.60475 -0.00288411541249
86.6994 -0.00288411541249
86.79405 -0.00288411541249
86.8887 -0.00288411541249
86.98335 -0.00288411541249
87.078 -0.00288411541249
87.17265 -0.00288411541249
87.2673 -0.00288411541249
87.36195 -0.00288411541249
87.4566 -0.00288411541249
87.55125 -0.00288411541249
87.6459 -0.00288411541249
87.74055 -0.00288411541249
87.8352 -0.00288411541249
87.92985 -0.00288411541249
88.0245 -0.00288411541249
88.11915 -0.00288411541249
88.2138 -0.00288411541249
88.30845 -0.00288411541249
88.4031 -0.00288411541249
88.49775 -0.00288411541249
88.5924 -0.00288411541249
88.68705 -0.00288411541249
88.7817 -0.00288411541249
88.87635 -0.00288411541249
88.971 -0.00288411541249
89.06565 -0.00288411541249
89.1603 -0.00288411541249
89.25495 -0.00288411541249
89.3496 -0.00288411541249
89.44425 -0.00288411541249
89.5389 -0.00288411541249
89.63355 -0.00288411541249
89.7282 -0.00288411541249
89.82285 -0.00288411541249
89.9175 -0.00288411541249
90.01215 -0.00288411541249
90.1068 -0.00288411541249
90.20145 -0.00288411541249
90.2961 -0.00288411541249
90.39075 -0.00288411541249
90.4854 -0.00288411541249
90.58005 -0.00288411541249
90.6747 -0.00288411541249
90.76935 -0.00288411541249
90.864 -0.00288411541249
90.95865 -0.00288411541249
91.0533 -0.00288411541249
91.14795 -0.00288411541249
91.2426 -0.00288411541249
91.33725 -0.00288411541249
91.4319 -0.00288411541249
91.52655 -0.00288411541249
91.6212 -0.00288411541249
91.71585 -0.00288411541249
91.8105 -0.00288411541249
91.90515 -0.00288411541249
91.9998 -0.00288411541249
92.09445 -0.00288411541249
92.1891 -0.00288411541249
92.28375 -0.00288411541249
92.3784 -0.00288411541249
92.47305 -0.00288411541249
92.5677 -0.00288411541249
92.66235 -0.00288411541249
92.757 -0.00288411541249
92.85165 -0.00288411541249
92.9463 -0.00288411541249
93.04095 -0.00288411541249
93.1356 -0.00288411541249
93.23025 -0.00288411541249
93.3249 -0.00288411541249
93.41955 -0.00288411541249
93.5142 -0.00288411541249
93.60885 -0.00288411541249
93.7035 -0.00288411541249
93.79815 -0.00288411541249
93.8928 -0.00288411541249
93.98745 -0.00288411541249
94.0821 -0.00288411541249
94.17675 -0.00288411541249
94.2714 -0.00288411541249
94.36605 -0.00288411541249
94.4607 -0.00288411541249
94.55535 -0.00288411541249
94.65 -0.00288411541249
94.74465 -0.00288411541249
94.8393 -0.00288411541249
94.93395 -0.00288411541249
95.0286 -0.00288411541249
95.12325 -0.00288411541249
95.2179 -0.00288411541249
95.31255 -0.00288411541249
95.4072 -0.00288411541249
95.50185 -0.00288411541249
95.5965 -0.00288411541249
95.69115 -0.00288411541249
95.7858 -0.00288411541249
95.88045 -0.00288411541249
95.9751 -0.00288411541249
96.06975 -0.00288411541249
96.1644 -0.00288411541249
96.25905 -0.00288411541249
96.3537 -0.00288411541249
96.44835 -0.00288411541249
96.543 -0.00288411541249
96.63765 -0.00288411541249
96.7323 -0.00288411541249
96.82695 -0.00288411541249
