0.0 -0.12775479797
0.09578 0.178410862163
0.19156 0.475725267808
0.28734 0.714497714249
0.38312 0.859169809761
0.4789 0.899164628512
0.57468 0.849343086632
0.67046 0.740896723462
0.76624 0.607052588296
0.86202 0.469167856942
0.9578 0.329149041484
1.05358 0.171627325909
1.14936 -0.0252750681786
1.24514 -0.274612164323
1.34092 -0.566665601706
1.4367 -0.863470704873
1.53248 -1.1060801962
1.62826 -1.23197496838
1.72404 -1.19205944997
1.81982 -0.958166935058
1.9156 -0.524305653945
2.01138 0.0896688534043
2.10716 0.830294493786
2.20294 1.60336612672
2.29872 2.27134982524
2.3945 2.66048072138
2.49028 2.58665256831
2.58606 1.903249394
2.68184 0.559011624581
2.77762 -1.35486266
2.8734 -3.5843921426
2.96918 -5.72701983655
3.06496 -7.28494882477
3.16074 -7.75976886438
3.25652 -6.78231829942
3.3523 -4.2509462555
3.44808 -0.426258336644
3.54386 4.07148494167
3.63964 8.38228285862
3.73542 11.6143436584
3.8312 13.0755791891
3.92698 12.4557525692
4.02276 9.90274481926
4.11854 5.97002912034
4.21432 1.45293044147
4.3101 -2.83289460699
4.40588 -6.25812452137
4.50166 -8.50553107457
4.59744 -9.58054397596
4.69322 -9.71776557744
4.789 -9.23299603032
4.88478 -8.38494191988
4.98056 -7.29890729607
5.07634 -5.97274909562
5.17212 -4.34656418732
5.2679 -2.39123621347
5.36368 -0.169980117452
5.45946 2.15221428167
5.55524 4.34867914091
5.65102 6.19732081475
5.7468 7.54199533593
5.84258 8.32390065671
5.93836 8.57309031779
6.03414 8.36824489204
6.12992 7.78681852269
6.2257 6.8709848193
6.32148 5.62565105538
6.41726 4.04779701745
6.51304 2.17012239214
6.60882 0.0944828653236
6.7046 -2.00497325486
6.80038 -3.91446559805
6.89616 -5.43684224791
6.99194 -6.44777005029
7.08772 -6.92828784623
7.1835 -6.96093039267
7.27928 -6.69202058938
7.37506 -6.27557042179
7.47084 -5.82018778813
7.56662 -5.35797478701
7.6624 -4.84531122948
7.75818 -4.19330071756
7.85396 -3.31453062612
7.94974 -2.16720724048
8.04552 -0.779891920616
8.1413 0.751308973893
8.23708 2.28979171495
8.33286 3.69734610785
8.42864 4.86959631889
8.52442 5.75613446766
8.6202 6.36053004744
8.71598 6.72285069122
8.81176 6.8928234553
8.90754 6.90377006937
9.00332 6.75601918822
9.0991 6.41483768565
9.19488 5.82317251531
9.29066 4.9247737379
9.38644 3.68995919411
9.48222 2.13575875161
9.578 0.334442295489
9.67378 -1.59182642781
9.76956 -3.48849180257
9.86534 -5.19363400041
9.96112 -6.56479099016
10.0569 -7.50200375084
10.15268 -7.96230279292
10.24846 -7.96238294975
10.34424 -7.5687710851
10.44002 -6.87809756698
10.5358 -5.99298092664
10.63158 -5.00024857133
10.72736 -3.95735454108
10.82314 -2.89019827443
10.91892 -1.80179903568
11.0147 -0.687643126484
11.11048 0.448593428746
11.20626 1.58488298743
11.30204 2.67955964436
11.39782 3.67858461184
11.4936 4.52784043435
11.58938 5.18528498756
11.68516 5.62837466793
11.78094 5.85477272885
11.87672 5.87759047849
11.9725 5.71848561087
12.06828 5.40193283388
12.16406 4.95228956137
12.25984 4.39316089142
12.35562 3.74726883056
12.4514 3.0352205726
12.54718 2.27302640648
12.64296 1.46993153949
12.73874 0.628874712541
12.83452 -0.249016847379
12.9303 -1.15668001899
13.02608 -2.07319092069
13.12186 -2.95976828667
13.21764 -3.76276834415
13.31342 -4.42386326659
13.4092 -4.89419376843
13.50498 -5.14709333378
13.60076 -5.1842254781
13.69654 -5.03267470228
13.79232 -4.73443653855
13.8881 -4.33295950666
13.98388 -3.86234635294
14.07966 -3.3431211745
14.17544 -2.78505052879
14.27122 -2.19414799074
14.367 -1.57936936033
14.46278 -0.955339540886
14.55856 -0.340137490237
14.65434 0.249873047671
14.75012 0.804582665889
14.8459 1.32104911227
14.94168 1.80012945096
15.03746 2.24086421899
15.13324 2.6361053909
15.22902 2.97226446381
15.3248 3.23371636327
15.42058 3.4096662297
15.51636 3.49973109115
15.61214 3.51501010277
15.70792 3.47375377616
15.8037 3.39361815785
15.89948 3.28432896859
15.99526 3.14438401895
16.09104 2.96331171969
16.18682 2.72813985128
16.2826 2.43065735359
16.37838 2.07185019061
16.47416 1.66159387679
16.56994 1.21429250359
16.66572 0.743218610467
16.7615 0.256742084942
16.85728 -0.241701597849
16.95306 -0.750316242193
17.04884 -1.26460044787
17.14462 -1.77466347736
17.2404 -2.26573935664
17.33618 -2.72142289204
17.43196 -3.12752104054
17.52774 -3.47413215912
17.62352 -3.75477714535
17.7193 -3.96335678762
17.81508 -4.09120005658
17.91086 -4.12656655208
18.00664 -4.05756416366
18.10242 -3.87733145345
18.1982 -3.58875434282
18.29398 -3.20591039241
18.38976 -2.75099112277
18.48554 -2.24783499411
18.58132 -1.71510402832
18.6771 -1.16247907533
18.77288 -0.591792609235
18.86866 -0.00250405818013
18.96444 0.601327107089
19.06022 1.20621423804
19.156 1.78913964643
19.25178 2.32238822304
19.34756 2.78110375649
19.44334 3.15008635501
19.53912 3.42682953011
19.6349 3.61969038481
19.73068 3.74236931269
19.82646 3.80740039173
19.92224 3.82145414989
20.01802 3.78404701156
20.1138 3.68949888682
20.20958 3.53062209752
20.30536 3.30226112845
20.40114 3.00341579253
20.49692 2.63773079691
20.5927 2.21294188222
20.68848 1.74002985309
20.78426 1.23242885372
20.88004 0.705111293352
20.97582 0.17320189031
21.0716 -0.349880259536
21.16738 -0.854150654182
21.26316 -1.33370237221
21.35894 -1.78558151894
21.45472 -2.20709456644
21.5505 -2.59276190097
21.64628 -2.93262884003
21.74206 -3.21320305992
21.83784 -3.42101621094
21.93362 -3.54734255524
22.0294 -3.59177549656
22.12518 -3.56270575544
22.22096 -3.47417815102
22.31674 -3.34042085858
22.41252 -3.1705779164
22.5083 -2.96614159039
22.60408 -2.72225382224
22.69986 -2.43210506605
22.79564 -2.09212747802
22.89142 -1.70536812836
22.9872 -1.28148898964
23.08298 -0.833683136736
23.17876 -0.374412405993
23.27454 0.0876091820116
23.37032 0.547593325372
23.4661 1.00211024191
23.56188 1.44545200746
23.65766 1.86719731916
23.75344 2.25254406771
23.84922 2.58539517137
23.945 2.85263504448
24.04078 3.04739204763
24.13656 3.16968873929
24.23234 3.22436265804
24.32812 3.21763124675
24.4239 3.15432437992
24.51968 3.03726813359
24.61546 2.86892015182
24.71124 2.65395963822
24.80702 2.40094764195
24.9028 2.12173501832
24.99858 1.82866790833
25.09436 1.53101104137
25.19014 1.23256710834
25.28592 0.931879200255
25.3817 0.624993779157
25.47748 0.309339069277
25.57326 -0.013347746152
25.66904 -0.336575986823
25.76482 -0.651283688908
25.8606 -0.949338217929
25.95638 -1.22634811494
26.05216 -1.48221883183
26.14794 -1.71920030527
26.24372 -1.9386094931
26.3395 -2.13815182264
26.43528 -2.31140177221
26.53106 -2.44975667877
26.62684 -2.54577018392
26.72262 -2.59600583402
26.8184 -2.6018541182
26.91418 -2.56793886194
27.00996 -2.49911230575
27.10574 -2.39781378206
27.20152 -2.26331007424
27.2973 -2.09321078834
27.39308 -1.88632043164
27.48886 -1.64512061613
27.58464 -1.37640498121
27.68042 -1.08966872516
27.7762 -0.794149294685
27.87198 -0.496176647474
27.96776 -0.198292218504
28.06354 0.0994325593822
28.15932 0.396699431159
28.2551 0.690485739322
28.35088 0.974166619683
28.44666 1.23872423553
28.54244 1.4753316844
28.63822 1.6778748485
28.734 1.84410283183
28.82978 1.97484450733
28.92556 2.07226416844
29.02134 2.13825382788
29.11712 2.17374560305
29.2129 2.17954750526
29.30868 2.15783998111
29.40446 2.11305361136
29.50024 2.05115008145
29.59602 1.97730049591
29.6918 1.89303373423
29.78758 1.79446337972
29.88336 1.6728398414
29.97914 1.51756818853
30.07492 1.32056618652
30.1707 1.08009960718
30.26648 0.802428032397
30.36226 0.500618809461
30.45804 0.191187795268
30.55382 -0.109880308727
30.6496 -0.390124583889
30.74538 -0.641743541619
30.84116 -0.861057243032
30.93694 -1.0472374095
31.03272 -1.20132183491
31.1285 -1.32596754827
31.22428 -1.42562533734
31.32006 -1.50636456022
31.41584 -1.57474209174
31.51162 -1.63578494942
31.6074 -1.69089982125
31.70318 -1.73683469016
31.79896 -1.76645326819
31.89474 -1.77120897443
31.99052 -1.74430829706
32.0863 -1.68315423372
32.18208 -1.59000488445
32.27786 -1.47069178058
32.37364 -1.33221351848
32.46942 -1.18051360449
32.5652 -1.01950418652
32.66098 -0.851574505507
32.75676 -0.678919947937
32.85254 -0.504579998777
32.94832 -0.332341537499
33.0441 -0.165477706292
33.13988 -0.00514880474432
33.23566 0.150349839176
33.33144 0.304700541768
33.42722 0.461192491525
33.523 0.619985091955
33.61878 0.776515762662
33.71456 0.922108155911
33.81034 1.04673638393
33.90612 1.14273859131
34.0019 1.20769565634
34.09768 1.24504236097
34.19346 1.26209950937
34.28924 1.26652081954
34.38502 1.26294338864
34.4808 1.25149074864
34.57658 1.22878013162
34.67236 1.19076560485
34.76814 1.13580719198
34.86392 1.06628233563
34.9597 0.98787098709
35.05548 0.906901099334
35.15126 0.827169143734
35.24704 0.747920107059
35.34282 0.664063907038
35.4386 0.568559272018
35.53438 0.455815136751
35.63016 0.324488160638
35.72594 0.178402163577
35.82172 0.0252655224
35.9175 -0.126089708944
36.01328 -0.268598328221
36.10906 -0.398702347117
36.20484 -0.516328103111
36.30062 -0.623369263636
36.3964 -0.721593147979
36.49218 -0.811018811104
36.58796 -0.889435711587
36.68374 -0.953098922084
36.77952 -0.998095148086
36.8753 -1.02166751205
36.97108 -1.02295183689
37.06686 -1.00295784869
37.16264 -0.96399469572
37.25842 -0.908920217073
37.3542 -0.84055216728
37.44998 -0.761403551854
37.54576 -0.673722240592
37.64154 -0.57971373444
37.73732 -0.481812378263
37.8331 -0.382891686534
37.92888 -0.286321043864
38.02466 -0.195780299013
38.12044 -0.114774571001
38.21622 -0.0458878009978
38.312 0.0100344115472
38.40778 0.0544472870602
38.50356 0.091072288704
38.59934 0.125085677583
38.69512 0.161659689766
38.7909 0.20431104861
38.88668 0.25368232656
38.98246 0.307280880044
39.07824 0.360338564541
39.17402 0.407482793445
39.2698 0.444548005653
39.36558 0.469789164709
39.46136 0.484030221524
39.55714 0.489766688428
39.65292 0.489708430351
39.7487 0.485470558765
39.84448 0.476995707473
39.94026 0.462895002516
40.03604 0.441437317322
40.13182 0.411628911277
40.2276 0.37384114323
40.32338 0.329731309906
40.41916 0.281590278587
40.51494 0.231529119875
40.61072 0.180948419636
40.7065 0.130524245998
40.80228 0.0806294615752
40.89806 0.0318705151143
40.99384 -0.0146160442526
41.08962 -0.0572920404684
41.1854 -0.0946892256639
41.28118 -0.125937438131
41.37696 -0.151033752941
41.47274 -0.170692067634
41.56852 -0.185856753544
41.6643 -0.197156406405
41.76008 -0.20460750722
41.85586 -0.207737418382
41.95164 -0.206062119409
42.04742 -0.199655598557
42.1432 -0.189491278406
42.23898 -0.177349002306
42.33476 -0.165301491775
42.43054 -0.155005812828
42.52632 -0.147121541092
42.6221 -0.141114951072
42.71788 -0.135526350775
42.81366 -0.128570765932
42.90944 -0.118809965817
43.00522 -0.105630287776
43.101 -0.0893726018397
43.19678 -0.071122108032
43.29256 -0.0522970221599
43.38834 -0.0342241178604
43.48412 -0.0178507989476
43.5799 -0.00365410531456
43.67568 0.00828202928362
43.77146 0.0181009804531
43.86724 0.0260023203934
43.96302 0.032120246491
44.0588 0.0364711919347
44.15458 0.0389661333472
44.25036 0.0394733843327
44.34614 0.0379146889211
44.44192 0.0343725140178
44.5377 0.0291780888701
44.63348 0.0229447777255
44.72926 0.01651903264
44.82504 0.0108449255185
44.92082 0.00677129473544
45.0166 0.00485813743427
45.11238 0.00524629776483
45.20816 0.00763565006164
45.30394 0.0113785669624
45.39972 0.0156541378836
45.4955 0.0196625685187
45.59128 0.0227790211033
45.68706 0.024629800572
45.78284 0.0250883464592
45.87862 0.0242174218385
45.9744 0.0221955288014
46.07018 0.0192582407709
46.16596 0.0156664901032
46.26174 0.0116955088764
46.35752 0.00762905336043
46.4533 0.00374595679415
46.54908 0.000295662558395
46.64486 -0.00253089643547
46.74064 -0.00462433308317
46.83642 -0.00596523511085
46.9322 -0.00661568517694
47.02798 -0.00669775080522
47.12376 -0.00636605869064
47.21954 -0.00578131141628
47.31532 -0.00508921189713
47.4111 -0.00440659225456
47.50688 -0.00381474089998
47.60266 -0.00335905327155
47.69844 -0.00305365882145
47.79422 -0.0028891709493
47.89 -0.00284124246187
47.98578 -0.00284124246187
48.08156 -0.00284124246187
48.17734 -0.00284124246187
48.27312 -0.00284124246187
48.3689 -0.00284124246187
48.46468 -0.00284124246187
48.56046 -0.00284124246187
48.65624 -0.00284124246187
48.75202 -0.00284124246187
48.8478 -0.00284124246187
48.94358 -0.00284124246187
49.03936 -0.00284124246187
49.13514 -0.00284124246187
49.23092 -0.00284124246187
49.3267 -0.00284124246187
49.42248 -0.00284124246187
49.51826 -0.00284124246187
49.61404 -0.00284124246187
49.70982 -0.00284124246187
49.8056 -0.00284124246187
49.90138 -0.00284124246187
49.99716 -0.00284124246187
50.09294 -0.00284124246187
50.18872 -0.00284124246187
50.2845 -0.00284124246187
50.38028 -0.00284124246187
50.47606 -0.00284124246187
50.57184 -0.00284124246187
50.66762 -0.00284124246187
50.7634 -0.00284124246187
50.85918 -0.00284124246187
50.95496 -0.00284124246187
51.05074 -0.00284124246187
51.14652 -0.00284124246187
51.2423 -0.00284124246187
51.33808 -0.00284124246187
51.43386 -0.00284124246187
51.52964 -0.00284124246187
51.62542 -0.00284124246187
51.7212 -0.00284124246187
51.81698 -0.00284124246187
51.91276 -0.00284124246187
52.00854 -0.00284124246187
52.10432 -0.00284124246187
52.2001 -0.00284124246187
52.29588 -0.00284124246187
52.39166 -0.00284124246187
52.48744 -0.00284124246187
52.58322 -0.00284124246187
52.679 -0.00284124246187
52.77478 -0.00284124246187
52.87056 -0.00284124246187
52.96634 -0.00284124246187
53.06212 -0.00284124246187
53.1579 -0.00284124246187
53.25368 -0.00284124246187
53.34946 -0.00284124246187
53.44524 -0.00284124246187
53.54102 -0.00284124246187
53.6368 -0.00284124246187
53.73258 -0.00284124246187
53.82836 -0.00284124246187
53.92414 -0.00284124246187
54.01992 -0.00284124246187
54.1157 -0.00284124246187
54.21148 -0.00284124246187
54.30726 -0.00284124246187
54.40304 -0.00284124246187
54.49882 -0.00284124246187
54.5946 -0.00284124246187
54.69038 -0.00284124246187
54.78616 -0.00284124246187
54.88194 -0.00284124246187
54.97772 -0.00284124246187
55.0735 -0.00284124246187
55.16928 -0.00284124246187
55.26506 -0.00284124246187
55.36084 -0.00284124246187
55.45662 -0.00284124246187
55.5524 -0.00284124246187
55.64818 -0.00284124246187
55.74396 -0.00284124246187
55.83974 -0.00284124246187
55.93552 -0.00284124246187
56.0313 -0.00284124246187
56.12708 -0.00284124246187
56.22286 -0.00284124246187
56.31864 -0.00284124246187
56.41442 -0.00284124246187
56.5102 -0.00284124246187
56.60598 -0.00284124246187
56.70176 -0.00284124246187
56.79754 -0.00284124246187
56.89332 -0.00284124246187
56.9891 -0.00284124246187
57.08488 -0.00284124246187
57.18066 -0.00284124246187
57.27644 -0.00284124246187
57.37222 -0.00284124246187
57.468 -0.00284124246187
57.56378 -0.00284124246187
57.65956 -0.00284124246187
57.75534 -0.00284124246187
57.85112 -0.00284124246187
57.9469 -0.00284124246187
58.04268 -0.00284124246187
58.13846 -0.00284124246187
58.23424 -0.00284124246187
58.33002 -0.00284124246187
58.4258 -0.00284124246187
58.52158 -0.00284124246187
58.61736 -0.00284124246187
58.71314 -0.00284124246187
58.80892 -0.00284124246187
58.9047 -0.00284124246187
59.00048 -0.00284124246187
59.09626 -0.00284124246187
59.19204 -0.00284124246187
59.28782 -0.00284124246187
59.3836 -0.00284124246187
59.47938 -0.00284124246187
59.57516 -0.00284124246187
59.67094 -0.00284124246187
59.76672 -0.00284124246187
59.8625 -0.00284124246187
59.95828 -0.00284124246187
60.05406 -0.00284124246187
60.14984 -0.00284124246187
60.24562 -0.00284124246187
60.3414 -0.00284124246187
60.43718 -0.00284124246187
60.53296 -0.00284124246187
60.62874 -0.00284124246187
60.72452 -0.00284124246187
60.8203 -0.00284124246187
60.91608 -0.00284124246187
61.01186 -0.00284124246187
61.10764 -0.00284124246187
61.20342 -0.00284124246187
61.2992 -0.00284124246187
61.39498 -0.00284124246187
61.49076 -0.00284124246187
61.58654 -0.00284124246187
61.68232 -0.00284124246187
61.7781 -0.00284124246187
61.87388 -0.00284124246187
61.96966 -0.00284124246187
62.06544 -0.00284124246187
62.16122 -0.00284124246187
62.257 -0.00284124246187
62.35278 -0.00284124246187
62.44856 -0.00284124246187
62.54434 -0.00284124246187
62.64012 -0.00284124246187
62.7359 -0.00284124246187
62.83168 -0.00284124246187
62.92746 -0.00284124246187
63.02324 -0.00284124246187
63.11902 -0.00284124246187
63.2148 -0.00284124246187
63.31058 -0.00284124246187
63.40636 -0.00284124246187
63.50214 -0.00284124246187
63.59792 -0.00284124246187
63.6937 -0.00284124246187
63.78948 -0.00284124246187
63.88526 -0.00284124246187
63.98104 -0.00284124246187
64.07682 -0.00284124246187
64.1726 -0.00284124246187
64.26838 -0.00284124246187
64.36416 -0.00284124246187
64.45994 -0.00284124246187
64.55572 -0.00284124246187
64.6515 -0.00284124246187
64.74728 -0.00284124246187
64.84306 -0.00284124246187
64.93884 -0.00284124246187
65.03462 -0.00284124246187
65.1304 -0.00284124246187
65.22618 -0.00284124246187
65.32196 -0.00284124246187
65.41774 -0.00284124246187
65.51352 -0.00284124246187
65.6093 -0.00284124246187
65.70508 -0.00284124246187
65.80086 -0.00284124246187
65.89664 -0.00284124246187
65.99242 -0.00284124246187
66.0882 -0.00284124246187
66.18398 -0.00284124246187
66.27976 -0.00284124246187
66.37554 -0.00284124246187
66.47132 -0.00284124246187
66.5671 -0.00284124246187
66.66288 -0.00284124246187
66.75866 -0.00284124246187
66.85444 -0.00284124246187
66.95022 -0.00284124246187
67.046 -0.00284124246187
67.14178 -0.00284124246187
67.23756 -0.00284124246187
67.33334 -0.00284124246187
67.42912 -0.00284124246187
67.5249 -0.00284124246187
67.62068 -0.00284124246187
67.71646 -0.00284124246187
67.81224 -0.00284124246187
67.90802 -0.00284124246187
68.0038 -0.00284124246187
68.09958 -0.00284124246187
68.19536 -0.00284124246187
68.29114 -0.00284124246187
68.38692 -0.00284124246187
68.4827 -0.00284124246187
68.57848 -0.00284124246187
68.67426 -0.00284124246187
68.77004 -0.00284124246187
68.86582 -0.00284124246187
68.9616 -0.00284124246187
69.05738 -0.00284124246187
69.15316 -0.00284124246187
69.24894 -0.00284124246187
69.34472 -0.00284124246187
69.4405 -0.00284124246187
69.53628 -0.00284124246187
69.63206 -0.00284124246187
69.72784 -0.00284124246187
69.82362 -0.00284124246187
69.9194 -0.00284124246187
70.01518 -0.00284124246187
70.11096 -0.00284124246187
70.20674 -0.00284124246187
70.30252 -0.00284124246187
70.3983 -0.00284124246187
70.49408 -0.00284124246187
70.58986 -0.00284124246187
70.68564 -0.00284124246187
70.78142 -0.00284124246187
70.8772 -0.00284124246187
70.97298 -0.00284124246187
71.06876 -0.00284124246187
71.16454 -0.00284124246187
71.26032 -0.00284124246187
71.3561 -0.00284124246187
71.45188 -0.00284124246187
71.54766 -0.00284124246187
71.64344 -0.00284124246187
71.73922 -0.00284124246187
71.835 -0.00284124246187
71.93078 -0.00284124246187
72.02656 -0.00284124246187
72.12234 -0.00284124246187
72.21812 -0.00284124246187
72.3139 -0.00284124246187
72.40968 -0.00284124246187
72.50546 -0.00284124246187
72.60124 -0.00284124246187
72.69702 -0.00284124246187
72.7928 -0.00284124246187
72.88858 -0.00284124246187
72.98436 -0.00284124246187
73.08014 -0.00284124246187
73.17592 -0.00284124246187
73.2717 -0.00284124246187
73.36748 -0.00284124246187
73.46326 -0.00284124246187
73.55904 -0.00284124246187
73.65482 -0.00284124246187
73.7506 -0.00284124246187
73.84638 -0.00284124246187
73.94216 -0.00284124246187
74.03794 -0.00284124246187
74.13372 -0.00284124246187
74.2295 -0.00284124246187
74.32528 -0.00284124246187
74.42106 -0.00284124246187
74.51684 -0.00284124246187
74.61262 -0.00284124246187
74.7084 -0.00284124246187
74.80418 -0.00284124246187
74.89996 -0.00284124246187
74.99574 -0.00284124246187
75.09152 -0.00284124246187
75.1873 -0.00284124246187
75.28308 -0.00284124246187
75.37886 -0.00284124246187
75.47464 -0.00284124246187
75.57042 -0.00284124246187
75.6662 -0.00284124246187
75.76198 -0.00284124246187
75.85776 -0.00284124246187
75.95354 -0.00284124246187
76.04932 -0.00284124246187
76.1451 -0.00284124246187
76.24088 -0.00284124246187
76.33666 -0.00284124246187
76.43244 -0.00284124246187
76.52822 -0.00284124246187
76.624 -0.00284124246187
76.71978 -0.00284124246187
76.81556 -0.00284124246187
76.91134 -0.00284124246187
77.00712 -0.00284124246187
77.1029 -0.00284124246187
77.19868 -0.00284124246187
77.29446 -0.00284124246187
77.39024 -0.00284124246187
77.48602 -0.00284124246187
77.5818 -0.00284124246187
77.67758 -0.00284124246187
77.77336 -0.00284124246187
77.86914 -0.00284124246187
77.96492 -0.00284124246187
78.0607 -0.00284124246187
78.15648 -0.00284124246187
78.25226 -0.00284124246187
78.34804 -0.00284124246187
78.44382 -0.00284124246187
78.5396 -0.00284124246187
78.63538 -0.00284124246187
78.73116 -0.00284124246187
78.82694 -0.00284124246187
78.92272 -0.00284124246187
79.0185 -0.00284124246187
79.11428 -0.00284124246187
79.21006 -0.00284124246187
79.30584 -0.00284124246187
79.40162 -0.00284124246187
79.4974 -0.00284124246187
79.59318 -0.00284124246187
79.68896 -0.00284124246187
79.78474 -0.00284124246187
79.88052 -0.00284124246187
79.9763 -0.00284124246187
80.07208 -0.00284124246187
80.16786 -0.00284124246187
80.26364 -0.00284124246187
80.35942 -0.00284124246187
80.4552 -0.00284124246187
80.55098 -0.00284124246187
80.64676 -0.00284124246187
80.74254 -0.00284124246187
80.83832 -0.00284124246187
80.9341 -0.00284124246187
81.02988 -0.00284124246187
81.12566 -0.00284124246187
81.22144 -0.00284124246187
81.31722 -0.00284124246187
81.413 -0.00284124246187
81.50878 -0.00284124246187
81.60456 -0.00284124246187
81.70034 -0.00284124246187
81.79612 -0.00284124246187
81.8919 -0.00284124246187
81.98768 -0.00284124246187
82.08346 -0.00284124246187
82.17924 -0.00284124246187
82.27502 -0.00284124246187
82.3708 -0.00284124246187
82.46658 -0.00284124246187
82.56236 -0.00284124246187
82.65814 -0.00284124246187
82.75392 -0.00284124246187
82.8497 -0.00284124246187
82.94548 -0.00284124246187
83.04126 -0.00284124246187
83.13704 -0.00284124246187
83.23282 -0.00284124246187
83.3286 -0.00284124246187
83.42438 -0.00284124246187
83.52016 -0.00284124246187
83.61594 -0.00284124246187
83.71172 -0.00284124246187
83.8075 -0.00284124246187
83.90328 -0.00284124246187
83.99906 -0.00284124246187
84.09484 -0.00284124246187
84.19062 -0.00284124246187
84.2864 -0.00284124246187
84.38218 -0.00284124246187
84.47796 -0.00284124246187
84.57374 -0.00284124246187
84.66952 -0.00284124246187
84.7653 -0.00284124246187
84.86108 -0.00284124246187
84.95686 -0.00284124246187
85.05264 -0.00284124246187
85.14842 -0.00284124246187
85.2442 -0.00284124246187
85.33998 -0.00284124246187
85.43576 -0.00284124246187
85.53154 -0.00284124246187
85.62732 -0.00284124246187
85.7231 -0.00284124246187
85.81888 -0.00284124246187
85.91466 -0.00284124246187
86.01044 -0.00284124246187
86.10622 -0.00284124246187
86.202 -0.00284124246187
86.29778 -0.00284124246187
86.39356 -0.00284124246187
86.48934 -0.00284124246187
86.58512 -0.00284124246187
86.6809 -0.00284124246187
86.77668 -0.00284124246187
86.87246 -0.00284124246187
86.96824 -0.00284124246187
87.06402 -0.00284124246187
87.1598 -0.00284124246187
87.25558 -0.00284124246187
87.35136 -0.00284124246187
87.44714 -0.00284124246187
87.54292 -0.00284124246187
87.6387 -0.00284124246187
87.73448 -0.00284124246187
87.83026 -0.00284124246187
87.92604 -0.00284124246187
88.02182 -0.00284124246187
88.1176 -0.00284124246187
88.21338 -0.00284124246187
88.30916 -0.00284124246187
88.40494 -0.00284124246187
88.50072 -0.00284124246187
88.5965 -0.00284124246187
88.69228 -0.00284124246187
88.78806 -0.00284124246187
88.88384 -0.00284124246187
88.97962 -0.00284124246187
89.0754 -0.00284124246187
89.17118 -0.00284124246187
89.26696 -0.00284124246187
89.36274 -0.00284124246187
89.45852 -0.00284124246187
89.5543 -0.00284124246187
89.65008 -0.00284124246187
89.74586 -0.00284124246187
89.84164 -0.00284124246187
89.93742 -0.00284124246187
90.0332 -0.00284124246187
90.12898 -0.00284124246187
90.22476 -0.00284124246187
90.32054 -0.00284124246187
90.41632 -0.00284124246187
90.5121 -0.00284124246187
90.60788 -0.00284124246187
90.70366 -0.00284124246187
90.79944 -0.00284124246187
90.89522 -0.00284124246187
90.991 -0.00284124246187
91.08678 -0.00284124246187
91.18256 -0.00284124246187
91.27834 -0.00284124246187
91.37412 -0.00284124246187
91.4699 -0.00284124246187
91.56568 -0.00284124246187
91.66146 -0.00284124246187
91.75724 -0.00284124246187
91.85302 -0.00284124246187
91.9488 -0.00284124246187
92.04458 -0.00284124246187
92.14036 -0.00284124246187
92.23614 -0.00284124246187
92.33192 -0.00284124246187
92.4277 -0.00284124246187
92.52348 -0.00284124246187
92.61926 -0.00284124246187
92.71504 -0.00284124246187
92.81082 -0.00284124246187
92.9066 -0.00284124246187
93.00238 -0.00284124246187
93.09816 -0.00284124246187
93.19394 -0.00284124246187
93.28972 -0.00284124246187
93.3855 -0.00284124246187
93.48128 -0.00284124246187
93.57706 -0.00284124246187
93.67284 -0.00284124246187
93.76862 -0.00284124246187
93.8644 -0.00284124246187
93.96018 -0.00284124246187
94.05596 -0.00284124246187
94.15174 -0.00284124246187
94.24752 -0.00284124246187
94.3433 -0.00284124246187
94.43908 -0.00284124246187
94.53486 -0.00284124246187
94.63064 -0.00284124246187
94.72642 -0.00284124246187
94.8222 -0.00284124246187
94.91798 -0.00284124246187
95.01376 -0.00284124246187
95.10954 -0.00284124246187
95.20532 -0.00284124246187
95.3011 -0.00284124246187
95.39688 -0.00284124246187
95.49266 -0.00284124246187
95.58844 -0.00284124246187
95.68422 -0.00284124246187
95.78 -0.00284124246187
95.87578 -0.00284124246187
95.97156 -0.00284124246187
96.06734 -0.00284124246187
96.16312 -0.00284124246187
96.2589 -0.00284124246187
96.35468 -0.00284124246187
96.45046 -0.00284124246187
96.54624 -0.00284124246187
96.64202 -0.00284124246187
96.7378 -0.00284124246187
96.83358 -0.00284124246187
96.92936 -0.00284124246187
97.02514 -0.00284124246187
97.12092 -0.00284124246187
97.2167 -0.00284124246187
97.31248 -0.00284124246187
97.40826 -0.00284124246187
97.50404 -0.00284124246187
97.59982 -0.00284124246187
97.6956 -0.00284124246187
97.79138 -0.00284124246187
97.88716 -0.00284124246187
97.98294 -0.00284124246187
