0.0 -0.00102247809523
0.1 -0.0137996205533
0.2 -0.0320080857818
0.3 -0.0473632942739
0.4 -0.0450221249597
0.5 -0.00871489940592
0.6 0.0702960150554
0.7 0.184391969775
0.8 0.306106884809
0.9 0.39359404016
1.0 0.404540846092
1.1 0.313123493999
1.2 0.121777260166
1.3 -0.13877155287
1.4 -0.421657770075
1.5 -0.68133150142
1.6 -0.885636967516
1.7 -1.01481698054
1.8 -1.04868412129
1.9 -0.952908186207
2.0 -0.678863565628
2.1 -0.184771297322
2.2 0.528006243565
2.3 1.38175280156
2.4 2.21257691414
2.5 2.79494759609
2.6 2.89641325781
2.7 2.34562245127
2.8 1.09255604801
2.9 -0.75511270636
3.0 -2.92649018247
3.1 -5.01356018169
3.2 -6.52917549467
3.3 -6.99767980232
3.4 -6.0725975606
3.5 -3.65998055677
3.6 -0.00778711484592
3.7 4.28476389567
3.8 8.36737996904
3.9 11.3395717487
4.0 12.4981959842
4.1 11.54755587
4.2 8.69087023724
4.3 4.56197339466
4.4 0.0190642190639
4.5 -4.11996176134
4.6 -7.29727199275
4.7 -9.30996359679
4.8 -10.2595063454
4.9 -10.4005980421
5.0 -9.97287584544
5.1 -9.0938973312
5.2 -7.7504305453
5.3 -5.87255648946
5.4 -3.43871913751
5.5 -0.554398385347
5.6 2.53088062566
5.7 5.47021580014
5.8 7.9048898289
5.9 9.55333253294
6.0 10.272754357
6.1 10.0765428323
6.2 9.10681892866
6.3 7.57600638034
6.4 5.70083743113
6.5 3.65391131835
6.6 1.5497774686
6.7 -0.533757524094
6.8 -2.5161340273
6.9 -4.28332373226
7.0 -5.68845585266
7.1 -6.5885971536
7.2 -6.900586055
7.3 -6.6453624139
7.4 -5.95369574843
7.5 -5.02540822101
7.6 -4.05864850782
7.7 -3.18187852108
7.8 -2.42017259399
7.9 -1.7100662747
8.0 -0.953169824574
8.1 -0.0807336882849
8.2 0.901976945657
8.3 1.91072845609
8.4 2.81597122778
8.5 3.49649318234
8.6 3.8870902406
8.7 3.99957050921
8.8 3.91047592222
8.9 3.72428193556
9.0 3.53041193874
9.1 3.37259600548
9.2 3.24102613171
9.3 3.08617786384
9.4 2.84397794086
9.5 2.45935780437
9.6 1.89957881746
9.7 1.1566768333
9.8 0.2447900189
9.9 -0.80085271429
10.0 -1.92106327122
10.1 -3.03019460333
10.2 -4.02152655217
10.3 -4.78509951456
10.4 -5.23475205554
10.5 -5.33355427141
10.6 -5.10496410153
10.7 -4.62288063035
10.8 -3.98427730401
10.9 -3.27698565748
11.0 -2.55707065457
11.1 -1.84415317631
11.2 -1.13302612094
11.3 -0.412138103151
11.4 0.32182119923
11.5 1.05913688572
11.6 1.78090266722
11.7 2.46568786685
11.8 3.09346987264
11.9 3.64513059726
12.0 4.09997938967
12.1 4.43525790399
12.2 4.62973627973
12.3 4.67003450515
12.4 4.55578567705
12.5 4.29987538601
12.6 3.92262250492
12.7 3.44231938436
12.8 2.86701095667
12.9 2.1923863718
13.0 1.40804074378
13.1 0.510249411652
13.2 -0.484309453741
13.3 -1.53082131406
13.4 -2.55953129406
13.5 -3.48999111349
13.6 -4.25100883275
13.7 -4.79772760727
13.8 -5.1183129163
13.9 -5.22785214156
14.0 -5.15362527302
14.1 -4.92018479915
14.2 -4.54214539714
14.3 -4.02753232021
14.4 -3.38804917501
14.5 -2.64866250993
14.6 -1.84978666392
14.7 -1.04031051131
14.8 -0.265443047211
14.9 0.443730904753
15.0 1.07358568674
15.1 1.62338477253
15.2 2.09661356587
15.3 2.49383858231
15.4 2.81098541086
15.5 3.04313203244
15.6 3.19055637975
15.7 3.2627238997
15.8 3.27740695233
15.9 3.25500785928
16.0 3.21073611911
16.1 3.14836580985
16.2 3.05857581452
16.3 2.92284058903
16.4 2.72139860733
16.5 2.44197134254
16.6 2.08544594508
16.7 1.66599952263
16.8 1.20571166291
16.9 0.726411257253
17.0 0.242887573157
17.1 -0.239221795717
17.2 -0.720225908724
17.3 -1.20021753244
17.4 -1.67381465988
17.5 -2.1287586983
17.6 -2.54865155538
17.7 -2.91750232787
17.8 -3.22293610933
17.9 -3.45633280771
18.0 -3.61067070259
18.1 -3.67857798886
18.2 -3.65281491259
18.3 -3.5293970388
18.4 -3.31135968863
18.5 -3.01038721414
18.6 -2.64474153027
18.7 -2.23425047164
18.8 -1.79495150817
18.9 -1.33614834289
19.0 -0.861137749114
19.1 -0.370778425936
19.2 0.132287688757
19.3 0.640918511357
19.4 1.14326936239
19.5 1.62471824393
19.6 2.07067366596
19.7 2.46896748932
19.8 2.81104878187
19.9 3.09185050985
20.0 3.30869997525
20.1 3.4598937094
20.2 3.54357244453
20.3 3.55733615803
20.4 3.49868210114
20.5 3.36596821078
20.6 3.15940524656
20.7 2.88169118954
20.8 2.53823109441
20.9 2.13715613286
21.0 1.68932097742
21.1 1.20814331311
21.2 0.708870906145
21.3 0.206975879057
21.4 -0.284064424635
21.5 -0.754704768257
21.6 -1.19992422683
21.7 -1.61797982405
21.8 -2.00785268615
21.9 -2.36671209335
22.0 -2.68870265989
22.1 -2.96550803534
22.2 -3.18805588072
22.3 -3.34817415958
22.4 -3.43934769169
22.5 -3.456632058
22.6 -3.39651306411
22.7 -3.25747720477
22.8 -3.04132422893
22.9 -2.75442163866
23.0 -2.40786183147
23.1 -2.01605381594
23.2 -1.59424896485
23.3 -1.15615398791
23.4 -0.712668531441
23.5 -0.272025461399
23.6 0.159217833181
23.7 0.575226719529
23.8 0.97056445435
23.9 1.34046464762
24.0 1.68121548238
24.1 1.99015530014
24.2 2.26511834714
24.3 2.50355961658
24.4 2.70177946172
24.5 2.85462122438
24.6 2.9558400694
24.7 2.99914360172
24.8 2.97970206552
24.9 2.89571172512
25.0 2.74944628118
25.1 2.54730323771
25.2 2.29872938688
25.3 2.01445091108
25.4 1.70479754994
25.5 1.37879672451
25.6 1.04414200587
25.7 0.707506329335
25.8 0.374478554338
25.9 0.0488554544048
26.0 -0.268195552474
26.1 -0.578116051204
26.2 -0.883406875713
26.3 -1.18487358059
26.4 -1.47899794898
26.5 -1.75701421479
26.6 -2.00647734191
26.7 -2.21473183551
26.8 -2.37260973836
26.9 -2.47660047505
27.0 -2.52866073673
27.1 -2.53412569687
27.2 -2.49902458466
27.3 -2.42807321938
27.4 -2.32392243171
27.5 -2.18747526245
27.6 -2.01873305209
27.7 -1.81774498108
27.8 -1.58550476243
27.9 -1.32473106227
28.0 -1.04033828316
28.1 -0.739291405734
28.2 -0.429697027142
28.3 -0.119402495997
28.4 0.185244539648
28.5 0.479822087088
28.6 0.761240343181
28.7 1.02654118641
28.8 1.27186077482
28.9 1.4921832466
29.0 1.6819962244
29.1 1.83644103279
29.2 1.95235811556
29.3 2.02880947909
29.4 2.06700235681
29.5 2.06978418269
29.6 2.04093407762
29.7 1.98443233352
29.8 1.90387248645
29.9 1.80219406793
30.0 1.68184336876
30.1 1.54514502914
30.2 1.39480835067
30.3 1.23382129137
30.4 1.06442783387
30.5 0.886921402991
30.6 0.699014427948
30.7 0.496563968726
30.8 0.275735775826
30.9 0.0357721571629
31.0 -0.219000532812
31.1 -0.479035658916
31.2 -0.731492644489
31.3 -0.963391017563
31.4 -1.1646358267
31.5 -1.3297889938
31.6 -1.45819842222
31.7 -1.55283174114
31.8 -1.61850879033
31.9 -1.66015477916
32.0 -1.68144904483
32.1 -1.68406800722
32.2 -1.66765168857
32.3 -1.63051894592
32.4 -1.57090980468
32.5 -1.48824100929
32.6 -1.38377330837
32.7 -1.26037266892
32.8 -1.1215843315
32.9 -0.970664441837
33.0 -0.810195064014
33.1 -0.642430204927
33.2 -0.469934929617
33.3 -0.29584638723
33.4 -0.123404290031
33.5 0.0449670603532
33.6 0.208293817719
33.7 0.366784179349
33.8 0.520654691532
33.9 0.668728119638
34.0 0.807715526838
34.1 0.932710552315
34.2 1.03869048182
34.3 1.12223925744
34.4 1.18263965989
34.5 1.22190058234
34.6 1.24385189581
34.7 1.25279066083
34.8 1.25217074915
34.9 1.24363462424
35.0 1.22651768193
35.1 1.19790997478
35.2 1.1533499539
35.3 1.08810751583
35.4 0.998767370158
35.5 0.884597546503
35.6 0.748178958058
35.7 0.59504530001
35.8 0.432498381389
35.9 0.268078758068
36.0 0.108222631155
36.1 -0.0425499571744
36.2 -0.181829795587
36.3 -0.308992523228
36.4 -0.424523824915
36.5 -0.529200659867
36.6 -0.623371951173
36.7 -0.706586023163
36.8 -0.777700228294
36.9 -0.83537581636
37.0 -0.878636670474
37.1 -0.907134002739
37.2 -0.920978598146
37.3 -0.920340731695
37.4 -0.905214963376
37.5 -0.875626587838
37.6 -0.832188678291
37.7 -0.776586021626
37.8 -0.711542133779
37.9 -0.640160949877
38.0 -0.564986448682
38.1 -0.487350514251
38.2 -0.407405807534
38.3 -0.32479239584
38.4 -0.239491040521
38.5 -0.152345685227
38.6 -0.0650121832789
38.7 0.0205184478711
38.8 0.102448172354
38.9 0.179439862867
39.0 0.250561261104
39.1 0.315060723263
39.2 0.372177799448
39.3 0.421087079705
39.4 0.460947429543
39.5 0.490987963674
39.6 0.51060501544
39.7 0.519487762699
39.8 0.517768527336
39.9 0.506127681883
40.0 0.485754482796
40.1 0.458129137043
40.2 0.424713551774
40.3 0.386718376054
40.4 0.345075283805
40.5 0.300604612413
40.6 0.254232969765
40.7 0.20708713308
40.8 0.160388975572
40.9 0.115222989492
41.0 0.072333245167
41.1 0.032075431523
41.2 -0.00546190911693
41.3 -0.0402560312903
41.4 -0.0721848956003
41.5 -0.100965651791
41.6 -0.126191572885
41.7 -0.147420759668
41.8 -0.164273296085
41.9 -0.176516572943
42.0 -0.184130329734
42.1 -0.187337271756
42.2 -0.186580274883
42.3 -0.182441534447
42.4 -0.175528869116
42.5 -0.166376342636
42.6 -0.155399909012
42.7 -0.142916273835
42.8 -0.129198256029
42.9 -0.114527020583
43.0 -0.0992158149559
43.1 -0.0836053665977
43.2 -0.0680468001117
43.3 -0.0528854422125
43.4 -0.0384468085262
43.5 -0.0250190019104
43.6 -0.0128300467762
43.7 -0.00202809148321
43.8 0.00732402423204
43.9 0.015235151508
44.0 0.0217600260625
44.1 0.0269746513655
44.2 0.0309629277171
44.3 0.0338151669843
44.4 0.0356316131283
44.5 0.0365234568212
44.6 0.0366086415679
44.7 0.0360047833769
44.8 0.0348229926493
44.9 0.0331646320659
45.0 0.0311208566929
45.1 0.028774054058
45.2 0.026200592559
45.3 0.0234741975106
45.4 0.0206684961137
45.5 0.0178569191638
45.6 0.0151092505218
45.7 0.0124862036989
45.8 0.0100348013855
45.9 0.00778680632111
46.0 0.0057604290863
46.1 0.00396367955527
46.2 0.0023973785195
46.3 0.00105692733341
46.4 -6.67579574976e-05
46.5 -0.000986303181725
46.6 -0.00171658727073
46.7 -0.00227345910227
46.8 -0.00267296029868
46.9 -0.0029311540829
47.0 -0.00306424228847
47.1 -0.00308863779091
47.2 -0.00302094831984
47.3 -0.00287800567208
47.4 -0.00267692465356
47.5 -0.00243491289438
47.6 -0.0021685545953
47.7 -0.00189265931832
47.8 -0.00161919226555
47.9 -0.00135687081553
48.0 -0.00111161693274
48.1 -0.000887505177598
48.2 -0.000687580262829
48.3 -0.000514119528476
48.4 -0.000368381159428
48.5 -0.000250229450082
48.6 -0.000158034708376
48.7 -8.89778575881e-05
48.8 -3.96013631808e-05
48.9 -6.3408051326e-06
49.0 1.41390394214e-05
49.1 2.48189015189e-05
49.2 2.83223542629e-05
49.3 2.69402608018e-05
49.4 2.26341169396e-05
49.5 1.70162563967e-05
49.6 1.1325968026e-05
49.7 6.42213936059e-06
49.8 2.80595618661e-06
49.9 6.75453228649e-07
50.0 0.0
50.1 0.0
50.2 0.0
50.3 0.0
50.4 0.0
50.5 0.0
50.6 0.0
50.7 0.0
50.8 0.0
50.9 0.0
51.0 0.0
51.1 0.0
51.2 0.0
51.3 0.0
51.4 0.0
51.5 0.0
51.6 0.0
51.7 0.0
51.8 0.0
51.9 0.0
52.0 0.0
52.1 0.0
52.2 0.0
52.3 0.0
52.4 0.0
52.5 0.0
52.6 0.0
52.7 0.0
52.8 0.0
52.9 0.0
53.0 0.0
53.1 0.0
53.2 0.0
53.3 0.0
53.4 0.0
53.5 0.0
53.6 0.0
53.7 0.0
53.8 0.0
53.9 0.0
54.0 0.0
54.1 0.0
54.2 0.0
54.3 0.0
54.4 0.0
54.5 0.0
54.6 0.0
54.7 0.0
54.8 0.0
54.9 0.0
55.0 0.0
55.1 0.0
55.2 0.0
55.3 0.0
55.4 0.0
55.5 0.0
55.6 0.0
55.7 0.0
55.8 0.0
55.9 0.0
56.0 0.0
56.1 0.0
56.2 0.0
56.3 0.0
56.4 0.0
56.5 0.0
56.6 0.0
56.7 0.0
56.8 0.0
56.9 0.0
57.0 0.0
57.1 0.0
57.2 0.0
57.3 0.0
57.4 0.0
57.5 0.0
57.6 0.0
57.7 0.0
57.8 0.0
57.9 0.0
58.0 0.0
58.1 0.0
58.2 0.0
58.3 0.0
58.4 0.0
58.5 0.0
58.6 0.0
58.7 0.0
58.8 0.0
58.9 0.0
59.0 0.0
59.1 0.0
59.2 0.0
59.3 0.0
59.4 0.0
59.5 0.0
59.6 0.0
59.7 0.0
59.8 0.0
59.9 0.0
60.0 0.0
60.1 0.0
60.2 0.0
60.3 0.0
60.4 0.0
60.5 0.0
60.6 0.0
60.7 0.0
60.8 0.0
60.9 0.0
61.0 0.0
61.1 0.0
61.2 0.0
61.3 0.0
61.4 0.0
61.5 0.0
61.6 0.0
61.7 0.0
61.8 0.0
61.9 0.0
62.0 0.0
62.1 0.0
62.2 0.0
62.3 0.0
62.4 0.0
62.5 0.0
62.6 0.0
62.7 0.0
62.8 0.0
62.9 0.0
63.0 0.0
63.1 0.0
63.2 0.0
63.3 0.0
63.4 0.0
63.5 0.0
63.6 0.0
63.7 0.0
63.8 0.0
63.9 0.0
64.0 0.0
64.1 0.0
64.2 0.0
64.3 0.0
64.4 0.0
64.5 0.0
64.6 0.0
64.7 0.0
64.8 0.0
64.9 0.0
65.0 0.0
65.1 0.0
65.2 0.0
65.3 0.0
65.4 0.0
65.5 0.0
65.6 0.0
65.7 0.0
65.8 0.0
65.9 0.0
66.0 0.0
66.1 0.0
66.2 0.0
66.3 0.0
66.4 0.0
66.5 0.0
66.6 0.0
66.7 0.0
66.8 0.0
66.9 0.0
67.0 0.0
67.1 0.0
67.2 0.0
67.3 0.0
67.4 0.0
67.5 0.0
67.6 0.0
67.7 0.0
67.8 0.0
67.9 0.0
68.0 0.0
68.1 0.0
68.2 0.0
68.3 0.0
68.4 0.0
68.5 0.0
68.6 0.0
68.7 0.0
68.8 0.0
68.9 0.0
69.0 0.0
69.1 0.0
69.2 0.0
69.3 0.0
69.4 0.0
69.5 0.0
69.6 0.0
69.7 0.0
69.8 0.0
69.9 0.0
70.0 0.0
70.1 0.0
70.2 0.0
70.3 0.0
70.4 0.0
70.5 0.0
70.6 0.0
70.7 0.0
70.8 0.0
70.9 0.0
71.0 0.0
71.1 0.0
71.2 0.0
71.3 0.0
71.4 0.0
71.5 0.0
71.6 0.0
71.7 0.0
71.8 0.0
71.9 0.0
72.0 0.0
72.1 0.0
72.2 0.0
72.3 0.0
72.4 0.0
72.5 0.0
72.6 0.0
72.7 0.0
72.8 0.0
72.9 0.0
73.0 0.0
73.1 0.0
73.2 0.0
73.3 0.0
73.4 0.0
73.5 0.0
73.6 0.0
73.7 0.0
73.8 0.0
73.9 0.0
74.0 0.0
74.1 0.0
74.2 0.0
74.3 0.0
74.4 0.0
74.5 0.0
74.6 0.0
74.7 0.0
74.8 0.0
74.9 0.0
75.0 0.0
75.1 0.0
75.2 0.0
75.3 0.0
75.4 0.0
75.5 0.0
75.6 0.0
75.7 0.0
75.8 0.0
75.9 0.0
76.0 0.0
76.1 0.0
76.2 0.0
76.3 0.0
76.4 0.0
76.5 0.0
76.6 0.0
76.7 0.0
76.8 0.0
76.9 0.0
77.0 0.0
77.1 0.0
77.2 0.0
77.3 0.0
77.4 0.0
77.5 0.0
77.6 0.0
77.7 0.0
77.8 0.0
77.9 0.0
78.0 0.0
78.1 0.0
78.2 0.0
78.3 0.0
78.4 0.0
78.5 0.0
78.6 0.0
78.7 0.0
78.8 0.0
78.9 0.0
79.0 0.0
79.1 0.0
79.2 0.0
79.3 0.0
79.4 0.0
79.5 0.0
79.6 0.0
79.7 0.0
79.8 0.0
79.9 0.0
80.0 0.0
80.1 0.0
80.2 0.0
80.3 0.0
80.4 0.0
80.5 0.0
80.6 0.0
80.7 0.0
80.8 0.0
80.9 0.0
81.0 0.0
81.1 0.0
81.2 0.0
81.3 0.0
81.4 0.0
81.5 0.0
81.6 0.0
81.7 0.0
81.8 0.0
81.9 0.0
82.0 0.0
82.1 0.0
82.2 0.0
82.3 0.0
82.4 0.0
82.5 0.0
82.6 0.0
82.7 0.0
82.8 0.0
82.9 0.0
83.0 0.0
83.1 0.0
83.2 0.0
83.3 0.0
83.4 0.0
83.5 0.0
83.6 0.0
83.7 0.0
83.8 0.0
83.9 0.0
84.0 0.0
84.1 0.0
84.2 0.0
84.3 0.0
84.4 0.0
84.5 0.0
84.6 0.0
84.7 0.0
84.8 0.0
84.9 0.0
85.0 0.0
85.1 0.0
85.2 0.0
85.3 0.0
85.4 0.0
85.5 0.0
85.6 0.0
85.7 0.0
85.8 0.0
85.9 0.0
86.0 0.0
86.1 0.0
86.2 0.0
86.3 0.0
86.4 0.0
86.5 0.0
86.6 0.0
86.7 0.0
86.8 0.0
86.9 0.0
87.0 0.0
87.1 0.0
87.2 0.0
87.3 0.0
87.4 0.0
87.5 0.0
87.6 0.0
87.7 0.0
87.8 0.0
87.9 0.0
88.0 0.0
88.1 0.0
88.2 0.0
88.3 0.0
88.4 0.0
88.5 0.0
88.6 0.0
88.7 0.0
88.8 0.0
88.9 0.0
89.0 0.0
89.1 0.0
89.2 0.0
89.3 0.0
89.4 0.0
89.5 0.0
89.6 0.0
89.7 0.0
89.8 0.0
89.9 0.0
90.0 0.0
90.1 0.0
90.2 0.0
90.3 0.0
90.4 0.0
90.5 0.0
90.6 0.0
90.7 0.0
90.8 0.0
90.9 0.0
91.0 0.0
91.1 0.0
91.2 0.0
91.3 0.0
91.4 0.0
91.5 0.0
91.6 0.0
91.7 0.0
91.8 0.0
91.9 0.0
92.0 0.0
92.1 0.0
92.2 0.0
92.3 0.0
92.4 0.0
92.5 0.0
92.6 0.0
92.7 0.0
92.8 0.0
92.9 0.0
93.0 0.0
93.1 0.0
93.2 0.0
93.3 0.0
93.4 0.0
93.5 0.0
93.6 0.0
93.7 0.0
93.8 0.0
93.9 0.0
94.0 0.0
94.1 0.0
94.2 0.0
94.3 0.0
94.4 0.0
94.5 0.0
94.6 0.0
94.7 0.0
94.8 0.0
94.9 0.0
95.0 0.0
95.1 0.0
95.2 0.0
95.3 0.0
95.4 0.0
95.5 0.0
95.6 0.0
95.7 0.0
95.8 0.0
95.9 0.0
96.0 0.0
96.1 0.0
96.2 0.0
96.3 0.0
96.4 0.0
96.5 0.0
96.6 0.0
96.7 0.0
96.8 0.0
96.9 0.0
97.0 0.0
97.1 0.0
97.2 0.0
97.3 0.0
97.4 0.0
97.5 0.0
97.6 0.0
97.7 0.0
97.8 0.0
97.9 0.0
98.0 0.0
98.1 0.0
98.2 0.0
98.3 0.0
98.4 0.0
98.5 0.0
98.6 0.0
98.7 0.0
98.8 0.0
98.9 0.0
99.0 0.0
99.1 0.0
99.2 0.0
99.3 0.0
99.4 0.0
99.5 0.0
99.6 0.0
99.7 0.0
99.8 0.0
99.9 0.0
100.0 0.0
100.1 0.0
100.2 0.0
100.3 0.0
100.4 0.0
100.5 0.0
100.6 0.0
100.7 0.0
100.8 0.0
100.9 0.0
101.0 0.0
101.1 0.0
101.2 0.0
101.3 0.0
101.4 0.0
101.5 0.0
101.6 0.0
101.7 0.0
101.8 0.0
101.9 0.0
102.0 0.0
102.1 0.0
102.2 0.0
102.3 0.0
