0.0 -0.0103868899851
0.1 -0.0419052859919
0.2 -0.09632699733
0.3 -0.163655325642
0.4 -0.216756676112
0.5 -0.21726756502
0.6 -0.131058452896
0.7 0.0526846806024
0.8 0.308251934924
0.9 0.574201104571
1.0 0.770261778665
1.1 0.824584814148
1.2 0.699896837307
1.3 0.40704188504
1.4 0.000406891882467
1.5 -0.441253195509
1.6 -0.838044200946
1.7 -1.12473121601
1.8 -1.25367568964
1.9 -1.18925037047
2.0 -0.905081746473
2.1 -0.393799078104
2.2 0.311381040686
2.3 1.11560796573
2.4 1.85849727239
2.5 2.33770855632
2.6 2.35751482045
2.7 1.78767034165
2.8 0.612680479682
2.9 -1.04399828948
3.0 -2.92570095911
3.1 -4.6742726042
3.2 -5.8824240429
3.3 -6.16510285461
3.4 -5.24836714176
3.5 -3.06424522538
3.6 0.176498391302
3.7 3.97163977921
3.8 7.60296780515
3.9 10.2973680783
4.0 11.4321924577
4.1 10.716409305
4.2 8.27896302325
4.3 4.62653233724
4.4 0.483522734222
4.5 -3.42449238479
4.6 -6.56006396521
4.7 -8.66758461631
4.8 -9.74983071831
4.9 -9.95986723281
5.0 -9.4745866268
5.1 -8.4135016028
5.2 -6.83211233738
5.3 -4.77470870738
5.4 -2.34157978515
5.5 0.275680802194
5.6 2.81300353483
5.7 4.99636625921
5.8 6.61535124431
5.9 7.5732481264
6.0 7.89463981771
6.1 7.69266652862
6.2 7.11406892468
6.3 6.28545284311
6.4 5.28002166947
6.5 4.11427697293
6.6 2.77278123321
6.7 1.24896527189
6.8 -0.416233303562
6.9 -2.11596928905
7.0 -3.68982673469
7.1 -4.96429213553
7.2 -5.80541514874
7.3 -6.16081711627
7.4 -6.07208898497
7.5 -5.65207656097
7.6 -5.03794751244
7.7 -4.34178356039
7.8 -3.62025780812
7.9 -2.87428772206
8.0 -2.07443219214
8.1 -1.19617052423
8.2 -0.24655399843
8.3 0.729564088648
8.4 1.66387482296
8.5 2.48958411633
8.6 3.1633547878
8.7 3.67421544042
8.8 4.03745055447
8.9 4.27906868358
9.0 4.4197713675
9.1 4.46551691001
9.2 4.40683035852
9.3 4.22428259636
9.4 3.89560020041
9.5 3.4011665349
9.6 2.72768169661
9.7 1.87202975979
9.8 0.84723885062
9.9 -0.310112877129
10.0 -1.53480092902
10.1 -2.73520795981
10.2 -3.80593356187
10.3 -4.64893658316
10.4 -5.19627003315
10.5 -5.42521677103
10.6 -5.35909059748
10.7 -5.05332995915
10.8 -4.57350404973
10.9 -3.97549884761
11.0 -3.29622971629
11.1 -2.55682301791
11.2 -1.77319415989
11.3 -0.965550089093
11.4 -0.160406041754
11.5 0.615435726445
11.6 1.34380566716
11.7 2.0199381384
11.8 2.6489293917
11.9 3.2353040466
12.0 3.77172377261
12.1 4.23364884768
12.2 4.58339449585
12.3 4.7817331926
12.4 4.8011528051
12.5 4.63425566081
12.6 4.29365579131
12.7 3.80431822526
12.8 3.19308195345
12.9 2.48121578973
13.0 1.68384338357
13.1 0.816081288657
13.2 -0.0981441628286
13.3 -1.02037067836
13.4 -1.89934294525
13.5 -2.68068348226
13.6 -3.32049350407
13.7 -3.79634155748
13.8 -4.11004778072
13.9 -4.28081804321
14.0 -4.33242927469
14.1 -4.28137040878
14.2 -4.13214774975
14.3 -3.88167870547
14.4 -3.52933092402
14.5 -3.08594321876
14.6 -2.57603024512
14.7 -2.03173205899
14.8 -1.4821646129
14.9 -0.944502257432
15.0 -0.421832903518
15.1 0.0914405340948
15.2 0.600339561823
15.3 1.10180988076
15.4 1.58304428377
15.5 2.02590179855
15.6 2.41416212493
15.7 2.73913683608
15.8 3.00068349939
15.9 3.20368057208
16.0 3.35257222203
16.1 3.44729976548
16.2 3.48269135407
16.3 3.45118550596
16.4 3.34696296051
16.5 3.16905077127
16.6 2.9218133592
16.7 2.61283571215
16.8 2.24964730365
16.9 1.83732117839
17.0 1.37845811533
17.1 0.875710887472
17.2 0.335509379155
17.3 -0.229182465924
17.4 -0.798895127882
17.5 -1.35084833072
17.6 -1.86391836477
17.7 -2.32290374509
17.8 -2.71993637455
17.9 -3.05249913245
18.0 -3.3194822414
18.1 -3.51782435497
18.2 -3.64182344893
18.3 -3.68544332304
18.4 -3.6460011149
18.5 -3.52673791874
18.6 -3.33649666802
18.7 -3.08656648636
18.8 -2.78651091627
18.9 -2.44138318619
19.0 -2.05184006454
19.1 -1.61692890394
19.2 -1.13784509729
19.3 -0.62059141076
19.4 -0.076317553256
19.5 0.480451899945
19.6 1.03437760282
19.7 1.5711302386
19.8 2.07766990099
19.9 2.54127405783
20.0 2.94842520555
20.1 3.28475552648
20.2 3.53659807742
20.3 3.69370456245
20.4 3.75191410637
20.5 3.71442579764
20.6 3.59092909044
20.7 3.39487707381
20.8 3.14009733307
20.9 2.8382147255
21.0 2.49783840663
21.1 2.12543583254
21.2 1.72689254017
21.3 1.30850549828
21.4 0.876731349302
21.5 0.437022866112
21.6 -0.00715181474106
21.7 -0.454037167765
21.8 -0.901812489988
21.9 -1.34612208766
22.0 -1.77831415821
22.1 -2.18548321687
22.2 -2.55240417791
22.3 -2.86440253407
22.4 -3.10979807682
22.5 -3.28101027806
22.6 -3.3743549002
22.7 -3.38931822866
22.8 -3.32816797424
22.9 -3.19616475597
23.0 -3.00186980782
23.1 -2.75670407349
23.2 -2.47327813132
23.3 -2.16284781763
23.4 -1.83298526553
23.5 -1.48667386385
23.6 -1.12341887394
23.7 -0.741956549699
23.8 -0.343322071048
23.9 0.0671420978419
24.0 0.479711307433
24.1 0.882060331546
24.2 1.26197687006
24.3 1.60975333753
24.4 1.91930784384
24.5 2.18780723785
24.6 2.41429826467
24.7 2.5982249521
24.8 2.73857263657
24.9 2.83386923432
25.0 2.88272425492
25.1 2.88432524274
25.2 2.83847477893
25.3 2.7452018896
25.4 2.60439857843
25.5 2.41601490306
25.6 2.18101195823
25.7 1.90271869461
25.8 1.58782540329
25.9 1.24626928186
26.0 0.889764529357
26.1 0.529447904631
26.2 0.173649502657
26.3 -0.17315952526
26.4 -0.509698132862
26.5 -0.835757706215
26.6 -1.14962807447
26.7 -1.44632112431
26.8 -1.71750549241
26.9 -1.95326812407
27.0 -2.14493258482
27.1 -2.28761904656
27.2 -2.38131589992
27.3 -2.42994352049
27.4 -2.43890042006
27.5 -2.41237701035
27.6 -2.35185922068
27.7 -2.25660820641
27.8 -2.1258084874
27.9 -1.96112616134
28.0 -1.76816227225
28.1 -1.55588822071
28.2 -1.33426930474
28.3 -1.11126759652
28.4 -0.890703086169
28.5 -0.671914669132
28.6 -0.451173128319
28.7 -0.223970347229
28.8 0.0129078989405
28.9 0.260209326103
29.0 0.515970962137
29.1 0.775798902675
29.2 1.03328242284
29.3 1.28047165426
29.4 1.50861598002
29.5 1.70931203579
29.6 1.87587597961
29.7 2.00442254194
29.8 2.09411072456
29.9 2.14638310438
30.0 2.16356790079
30.1 2.14744215472
30.2 2.09883263471
30.3 2.01818741752
30.4 1.90647791121
30.5 1.76612639305
30.6 1.60117867622
30.7 1.41650841157
30.8 1.21639837831
30.9 1.00323550975
31.0 0.777082545773
31.1 0.536525791543
31.2 0.280597651721
31.3 0.0110033401381
31.4 -0.266376189529
31.5 -0.54151407115
31.6 -0.801967407194
31.7 -1.03569316455
31.8 -1.23380908649
31.9 -1.39218035167
32.0 -1.51129229087
32.1 -1.59470027238
32.2 -1.64697489452
32.3 -1.67215323236
32.4 -1.6732591526
32.5 -1.65277687579
32.6 -1.61346410024
32.7 -1.55882487172
32.8 -1.49288459216
32.9 -1.41935940319
33.0 -1.34061857671
33.1 -1.25689082708
33.2 -1.16603117198
33.3 -1.06397449665
33.4 -0.94582513143
33.5 -0.807358220226
33.6 -0.646531393689
33.7 -0.464500256276
33.8 -0.265728397063
33.9 -0.0571331684574
34.0 0.153328378783
34.1 0.357945736814
34.2 0.549862758298
34.3 0.722981997596
34.4 0.871710050623
34.5 0.991260439967
34.6 1.07880532706
34.7 1.13498724058
34.8 1.16472951906
34.9 1.17640928025
35.0 1.17931156355
35.1 1.18036380159
35.2 1.18173266837
35.3 1.18051152398
35.4 1.17060888435
35.5 1.14575572885
35.6 1.1020264276
35.7 1.03871296993
35.8 0.957470192629
35.9 0.860643550653
36.0 0.749997279791
36.1 0.626575212572
36.2 0.49156095277
36.3 0.347357824522
36.4 0.198054974356
36.5 0.0489244875769
36.6 -0.0947763359377
36.7 -0.229045587414
36.8 -0.351810485884
36.9 -0.462774885544
37.0 -0.562590153038
37.1 -0.651764157506
37.2 -0.729778932267
37.3 -0.794773355249
37.4 -0.843929344979
37.5 -0.874435141591
37.6 -0.884653469055
37.7 -0.874992430831
37.8 -0.848056340224
37.9 -0.807954141342
38.0 -0.75904360116
38.1 -0.704678189658
38.2 -0.646524429635
38.3 -0.584714567404
38.4 -0.5186617252
38.5 -0.448044391742
38.6 -0.373439281297
38.7 -0.296337819491
38.8 -0.218647750413
38.9 -0.142039645264
39.0 -0.0675220343972
39.1 0.00455601510237
39.2 0.0741335941191
39.3 0.140938392474
39.4 0.204128467124
39.5 0.262239165518
39.6 0.313436857484
39.7 0.35594718273
39.8 0.388471385697
39.9 0.410437108559
40.0 0.422021310608
40.1 0.423985830193
40.2 0.417434046059
40.3 0.403602781978
40.4 0.3837516554
40.5 0.359137560745
40.6 0.331010978942
40.7 0.300572250821
40.8 0.268873192542
40.9 0.236705583624
41.0 0.204542416668
41.1 0.172574338465
41.2 0.140830803977
41.3 0.109330427968
41.4 0.0781963601342
41.5 0.0477010756751
41.6 0.0182468672764
41.7 -0.00968501845385
41.8 -0.035584990267
41.9 -0.0589541597686
42.0 -0.0793396355689
42.1 -0.0963772172578
42.2 -0.109840725025
42.3 -0.119682385791
42.4 -0.126044001826
42.5 -0.129228166779
42.6 -0.129636263998
42.7 -0.127694497756
42.8 -0.123792912695
42.9 -0.118254496409
43.0 -0.11133736825
43.1 -0.103260085819
43.2 -0.0942336152872
43.3 -0.0844849161951
43.4 -0.0742641223819
43.5 -0.0638357894643
43.6 -0.0534607363705
43.7 -0.0433767077928
43.8 -0.0337839728863
43.9 -0.024838239836
44.0 -0.016650146619
44.1 -0.0092891312861
44.2 -0.00278941738465
44.3 0.00284360510597
44.4 0.00762762414896
44.5 0.011598481763
44.6 0.0148054593805
44.7 0.0173058012858
44.8 0.0191581891301
44.9 0.0204164645087
45.0 0.0211262466737
45.1 0.0213267704744
45.2 0.0210578427816
45.3 0.0203685900809
45.4 0.0193229689826
45.5 0.0179983944155
45.6 0.0164777146065
45.7 0.0148386348403
45.8 0.0131459629403
45.9 0.0114499342651
46.0 0.00978993643089
46.1 0.00819988413151
46.2 0.00671116639222
46.3 0.00535137757768
46.4 0.00414015202136
46.5 0.00308528422477
46.6 0.00218196268403
46.7 0.0014159264852
46.8 0.000769122152566
46.9 0.000225294949124
47.0 -0.000226684660537
47.1 -0.00059257639635
47.2 -0.000874938238258
47.3 -0.0010761853609
47.4 -0.00120103583993
47.5 -0.00125749338695
47.6 -0.00125635154955
47.7 -0.00120980793186
47.8 -0.00112995410846
47.9 -0.00102770195444
48.0 -0.000912325034343
48.1 -0.000791465095167
48.2 -0.000671318240635
48.3 -0.000556776075728
48.4 -0.000451455583828
48.5 -0.00035768775152
48.6 -0.000276577773145
48.7 -0.000208200893208
48.8 -0.000151910290053
48.9 -0.000106667756271
49.0 -7.1298997317e-05
49.1 -4.46201075018e-05
49.2 -2.54488799647e-05
49.3 -1.25650867815e-05
49.4 -4.69217225708e-06
49.5 -5.39491267355e-07
49.6 1.10592286115e-06
49.7 1.2833910013e-06
49.8 8.03052473169e-07
49.9 2.4579156638e-07
50.0 0.0
50.1 0.0
50.2 0.0
50.3 0.0
50.4 0.0
50.5 0.0
50.6 0.0
50.7 0.0
50.8 0.0
50.9 0.0
51.0 0.0
51.1 0.0
51.2 0.0
51.3 0.0
51.4 0.0
51.5 0.0
51.6 0.0
51.7 0.0
51.8 0.0
51.9 0.0
52.0 0.0
52.1 0.0
52.2 0.0
52.3 0.0
52.4 0.0
52.5 0.0
52.6 0.0
52.7 0.0
52.8 0.0
52.9 0.0
53.0 0.0
53.1 0.0
53.2 0.0
53.3 0.0
53.4 0.0
53.5 0.0
53.6 0.0
53.7 0.0
53.8 0.0
53.9 0.0
54.0 0.0
54.1 0.0
54.2 0.0
54.3 0.0
54.4 0.0
54.5 0.0
54.6 0.0
54.7 0.0
54.8 0.0
54.9 0.0
55.0 0.0
55.1 0.0
55.2 0.0
55.3 0.0
55.4 0.0
55.5 0.0
55.6 0.0
55.7 0.0
55.8 0.0
55.9 0.0
56.0 0.0
56.1 0.0
56.2 0.0
56.3 0.0
56.4 0.0
56.5 0.0
56.6 0.0
56.7 0.0
56.8 0.0
56.9 0.0
57.0 0.0
57.1 0.0
57.2 0.0
57.3 0.0
57.4 0.0
57.5 0.0
57.6 0.0
57.7 0.0
57.8 0.0
57.9 0.0
58.0 0.0
58.1 0.0
58.2 0.0
58.3 0.0
58.4 0.0
58.5 0.0
58.6 0.0
58.7 0.0
58.8 0.0
58.9 0.0
59.0 0.0
59.1 0.0
59.2 0.0
59.3 0.0
59.4 0.0
59.5 0.0
59.6 0.0
59.7 0.0
59.8 0.0
59.9 0.0
60.0 0.0
60.1 0.0
60.2 0.0
60.3 0.0
60.4 0.0
60.5 0.0
60.6 0.0
60.7 0.0
60.8 0.0
60.9 0.0
61.0 0.0
61.1 0.0
61.2 0.0
61.3 0.0
61.4 0.0
61.5 0.0
61.6 0.0
61.7 0.0
61.8 0.0
61.9 0.0
62.0 0.0
62.1 0.0
62.2 0.0
62.3 0.0
62.4 0.0
62.5 0.0
62.6 0.0
62.7 0.0
62.8 0.0
62.9 0.0
63.0 0.0
63.1 0.0
63.2 0.0
63.3 0.0
63.4 0.0
63.5 0.0
63.6 0.0
63.7 0.0
63.8 0.0
63.9 0.0
64.0 0.0
64.1 0.0
64.2 0.0
64.3 0.0
64.4 0.0
64.5 0.0
64.6 0.0
64.7 0.0
64.8 0.0
64.9 0.0
65.0 0.0
65.1 0.0
65.2 0.0
65.3 0.0
65.4 0.0
65.5 0.0
65.6 0.0
65.7 0.0
65.8 0.0
65.9 0.0
66.0 0.0
66.1 0.0
66.2 0.0
66.3 0.0
66.4 0.0
66.5 0.0
66.6 0.0
66.7 0.0
66.8 0.0
66.9 0.0
67.0 0.0
67.1 0.0
67.2 0.0
67.3 0.0
67.4 0.0
67.5 0.0
67.6 0.0
67.7 0.0
67.8 0.0
67.9 0.0
68.0 0.0
68.1 0.0
68.2 0.0
68.3 0.0
68.4 0.0
68.5 0.0
68.6 0.0
68.7 0.0
68.8 0.0
68.9 0.0
69.0 0.0
69.1 0.0
69.2 0.0
69.3 0.0
69.4 0.0
69.5 0.0
69.6 0.0
69.7 0.0
69.8 0.0
69.9 0.0
70.0 0.0
70.1 0.0
70.2 0.0
70.3 0.0
70.4 0.0
70.5 0.0
70.6 0.0
70.7 0.0
70.8 0.0
70.9 0.0
71.0 0.0
71.1 0.0
71.2 0.0
71.3 0.0
71.4 0.0
71.5 0.0
71.6 0.0
71.7 0.0
71.8 0.0
71.9 0.0
72.0 0.0
72.1 0.0
72.2 0.0
72.3 0.0
72.4 0.0
72.5 0.0
72.6 0.0
72.7 0.0
72.8 0.0
72.9 0.0
73.0 0.0
73.1 0.0
73.2 0.0
73.3 0.0
73.4 0.0
73.5 0.0
73.6 0.0
73.7 0.0
73.8 0.0
73.9 0.0
74.0 0.0
74.1 0.0
74.2 0.0
74.3 0.0
74.4 0.0
74.5 0.0
74.6 0.0
74.7 0.0
74.8 0.0
74.9 0.0
75.0 0.0
75.1 0.0
75.2 0.0
75.3 0.0
75.4 0.0
75.5 0.0
75.6 0.0
75.7 0.0
75.8 0.0
75.9 0.0
76.0 0.0
76.1 0.0
76.2 0.0
76.3 0.0
76.4 0.0
76.5 0.0
76.6 0.0
76.7 0.0
76.8 0.0
76.9 0.0
77.0 0.0
77.1 0.0
77.2 0.0
77.3 0.0
77.4 0.0
77.5 0.0
77.6 0.0
77.7 0.0
77.8 0.0
77.9 0.0
78.0 0.0
78.1 0.0
78.2 0.0
78.3 0.0
78.4 0.0
78.5 0.0
78.6 0.0
78.7 0.0
78.8 0.0
78.9 0.0
79.0 0.0
79.1 0.0
79.2 0.0
79.3 0.0
79.4 0.0
79.5 0.0
79.6 0.0
79.7 0.0
79.8 0.0
79.9 0.0
80.0 0.0
80.1 0.0
80.2 0.0
80.3 0.0
80.4 0.0
80.5 0.0
80.6 0.0
80.7 0.0
80.8 0.0
80.9 0.0
81.0 0.0
81.1 0.0
81.2 0.0
81.3 0.0
81.4 0.0
81.5 0.0
81.6 0.0
81.7 0.0
81.8 0.0
81.9 0.0
82.0 0.0
82.1 0.0
82.2 0.0
82.3 0.0
82.4 0.0
82.5 0.0
82.6 0.0
82.7 0.0
82.8 0.0
82.9 0.0
83.0 0.0
83.1 0.0
83.2 0.0
83.3 0.0
83.4 0.0
83.5 0.0
83.6 0.0
83.7 0.0
83.8 0.0
83.9 0.0
84.0 0.0
84.1 0.0
84.2 0.0
84.3 0.0
84.4 0.0
84.5 0.0
84.6 0.0
84.7 0.0
84.8 0.0
84.9 0.0
85.0 0.0
85.1 0.0
85.2 0.0
85.3 0.0
85.4 0.0
85.5 0.0
85.6 0.0
85.7 0.0
85.8 0.0
85.9 0.0
86.0 0.0
86.1 0.0
86.2 0.0
86.3 0.0
86.4 0.0
86.5 0.0
86.6 0.0
86.7 0.0
86.8 0.0
86.9 0.0
87.0 0.0
87.1 0.0
87.2 0.0
87.3 0.0
87.4 0.0
87.5 0.0
87.6 0.0
87.7 0.0
87.8 0.0
87.9 0.0
88.0 0.0
88.1 0.0
88.2 0.0
88.3 0.0
88.4 0.0
88.5 0.0
88.6 0.0
88.7 0.0
88.8 0.0
88.9 0.0
89.0 0.0
89.1 0.0
89.2 0.0
89.3 0.0
89.4 0.0
89.5 0.0
89.6 0.0
89.7 0.0
89.8 0.0
89.9 0.0
90.0 0.0
90.1 0.0
90.2 0.0
90.3 0.0
90.4 0.0
90.5 0.0
90.6 0.0
90.7 0.0
90.8 0.0
90.9 0.0
91.0 0.0
91.1 0.0
91.2 0.0
91.3 0.0
91.4 0.0
91.5 0.0
91.6 0.0
91.7 0.0
91.8 0.0
91.9 0.0
92.0 0.0
92.1 0.0
92.2 0.0
92.3 0.0
92.4 0.0
92.5 0.0
92.6 0.0
92.7 0.0
92.8 0.0
92.9 0.0
93.0 0.0
93.1 0.0
93.2 0.0
93.3 0.0
93.4 0.0
93.5 0.0
93.6 0.0
93.7 0.0
93.8 0.0
93.9 0.0
94.0 0.0
94.1 0.0
94.2 0.0
94.3 0.0
94.4 0.0
94.5 0.0
94.6 0.0
94.7 0.0
94.8 0.0
94.9 0.0
95.0 0.0
95.1 0.0
95.2 0.0
95.3 0.0
95.4 0.0
95.5 0.0
95.6 0.0
95.7 0.0
95.8 0.0
95.9 0.0
96.0 0.0
96.1 0.0
96.2 0.0
96.3 0.0
96.4 0.0
96.5 0.0
96.6 0.0
96.7 0.0
96.8 0.0
96.9 0.0
97.0 0.0
97.1 0.0
97.2 0.0
97.3 0.0
97.4 0.0
97.5 0.0
97.6 0.0
97.7 0.0
97.8 0.0
97.9 0.0
98.0 0.0
98.1 0.0
98.2 0.0
98.3 0.0
98.4 0.0
98.5 0.0
98.6 0.0
98.7 0.0
98.8 0.0
98.9 0.0
99.0 0.0
99.1 0.0
99.2 0.0
99.3 0.0
99.4 0.0
99.5 0.0
99.6 0.0
99.7 0.0
99.8 0.0
99.9 0.0
100.0 0.0
100.1 0.0
100.2 0.0
100.3 0.0
100.4 0.0
100.5 0.0
100.6 0.0
100.7 0.0
100.8 0.0
100.9 0.0
101.0 0.0
101.1 0.0
101.2 0.0
101.3 0.0
101.4 0.0
101.5 0.0
101.6 0.0
101.7 0.0
101.8 0.0
101.9 0.0
102.0 0.0
102.1 0.0
102.2 0.0
102.3 0.0
