0.0 0.00248458941128
0.1 0.00372499029841
0.2 0.00881728278655
0.3 0.0200892414745
0.4 0.0386660136719
0.5 0.0632265546408
0.6 0.0893149453793
0.7 0.109509622252
0.8 0.114559272383
0.9 0.0955521101951
1.0 0.0470044969616
1.1 -0.0299073937855
1.2 -0.125639972057
1.3 -0.223913029324
1.4 -0.307033609245
1.5 -0.362575074143
1.6 -0.387016120706
1.7 -0.382713508645
1.8 -0.348745235589
1.9 -0.271503395858
2.0 -0.123427331053
2.1 0.124929784688
2.2 0.482229920041
2.3 0.913664175959
2.4 1.33130439008
2.5 1.60560029134
2.6 1.59652567638
2.7 1.19427162033
2.8 0.356614616941
2.9 -0.866156788353
3.0 -2.32164231106
3.1 -3.76087260713
3.2 -4.86116655324
3.3 -5.27256788017
3.4 -4.69279504842
3.5 -2.96429302999
3.6 -0.168594124163
3.7 3.32172928418
3.8 6.87236569585
3.9 9.71383301254
4.0 11.1420657778
4.1 10.7308424728
4.2 8.47617284433
4.3 4.81011535887
4.4 0.470982478855
4.5 -3.72265411172
4.6 -7.1051874964
4.7 -9.31493435164
4.8 -10.3148020088
4.9 -10.2963666018
5.0 -9.53077872331
5.1 -8.243290717
5.2 -6.56221537462
5.3 -4.54617420436
5.4 -2.25300683576
5.5 0.200249301583
5.6 2.6218437395
5.7 4.77935251351
5.8 6.46164037616
5.9 7.53684042976
6.0 7.9814771907
6.1 7.87208517241
6.2 7.34633492323
6.3 6.55011232338
6.4 5.58957734855
6.5 4.50461316654
6.6 3.27340297736
6.7 1.84754728058
6.8 0.204834436845
6.9 -1.60303035898
7.0 -3.43182305122
7.1 -5.0689783291
7.2 -6.29477596298
7.3 -6.95549275231
7.4 -7.01521685971
7.5 -6.56163933507
7.6 -5.76317362245
7.7 -4.79870860323
7.8 -3.79410822424
7.9 -2.79431397914
8.0 -1.77991401867
8.1 -0.713790345628
8.2 0.410343245143
8.3 1.54343482691
8.4 2.59100866765
8.5 3.44884683781
8.6 4.04372582049
8.7 4.3587242654
8.8 4.43307957758
8.9 4.3401644637
9.0 4.15646593534
9.1 3.93576671265
9.2 3.69721019264
9.3 3.42789786882
9.4 3.09464480093
9.5 2.65788282343
9.6 2.08299606834
9.7 1.34818484159
9.8 0.450562182362
9.9 -0.587922504263
10.0 -1.71555449397
10.1 -2.85044436778
10.2 -3.88874662336
10.3 -4.7228453203
10.4 -5.26569162846
10.5 -5.47283980233
10.6 -5.35280509724
10.7 -4.96053066186
10.8 -4.37631915322
10.9 -3.67950811657
11.0 -2.9284039005
11.1 -2.15410793467
11.2 -1.36810445252
11.3 -0.576409519435
11.4 0.209235994113
11.5 0.969203240029
11.6 1.68226945294
11.7 2.33429869109
11.8 2.92220416747
11.9 3.44979018779
12.0 3.91780301716
12.1 4.31451844511
12.2 4.61306429427
12.3 4.77772512122
12.4 4.7762667171
12.5 4.59194349403
12.6 4.2291228703
12.7 3.71003667044
12.8 3.06495553358
12.9 2.32148014168
13.0 1.49890318732
13.1 0.61062874687
13.2 -0.327001658157
13.3 -1.28499143428
13.4 -2.21754160315
13.5 -3.06724510886
13.6 -3.77829985199
13.7 -4.31164536847
13.8 -4.65429837717
13.9 -4.81791128872
14.0 -4.8274055624
14.1 -4.70613081338
14.2 -4.46594818358
14.3 -4.10757529686
14.4 -3.63019660561
14.5 -3.04362832695
14.6 -2.37484265562
14.7 -1.66435923821
14.8 -0.954516394886
14.9 -0.276737319134
15.0 0.35464833923
15.1 0.938850914853
15.2 1.47839731759
15.3 1.9693092273
15.4 2.39805566975
15.5 2.74692470072
15.6 3.00393598869
15.7 3.17064621665
15.8 3.26274570901
15.9 3.30294554756
16.0 3.31026325551
16.1 3.29166882361
16.2 3.24033206915
16.3 3.14079605835
16.4 2.977752162
16.5 2.74366854555
16.6 2.44175732836
16.7 2.08359942408
16.8 1.68348481186
16.9 1.25283389209
17.0 0.797542771121
17.1 0.319263937187
17.2 -0.180477340157
17.3 -0.69580414355
17.4 -1.21416253493
17.5 -1.71742376405
17.6 -2.18582236354
17.7 -2.60263425673
17.8 -2.95717818128
17.9 -3.24477190541
18.0 -3.46408023487
18.1 -3.61376545799
18.2 -3.69059023702
18.3 -3.69000748121
18.4 -3.60856453666
18.5 -3.44629589828
18.6 -3.20742786578
18.7 -2.89900859335
18.8 -2.52856410061
18.9 -2.10251826975
19.0 -1.6264914957
19.1 -1.10719926873
19.2 -0.554517950812
19.3 0.017834821761
19.4 0.593606167065
19.5 1.15657819409
19.6 1.69289075753
19.7 2.19183287351
19.8 2.64484320377
19.9 3.04357375419
20.0 3.37838958959
20.1 3.63835883792
20.2 3.81290614712
20.3 3.89439935504
20.4 3.88047119615
20.5 3.77500728478
20.6 3.58732420638
20.7 3.32982099265
20.8 3.01500056775
20.9 2.65299236063
21.0 2.25047180053
21.1 1.81125838435
21.2 1.33815010926
21.3 0.835064683039
21.4 0.308550042096
21.5 -0.231821654669
21.6 -0.774042618052
21.7 -1.30470011823
21.8 -1.80992732996
21.9 -2.27609444656
22.0 -2.6904022411
22.1 -3.04160017998
22.2 -3.32081386911
22.3 -3.5221851769
22.4 -3.64299668886
22.5 -3.68323905088
22.6 -3.64495520603
22.7 -3.53182124167
22.8 -3.34915351185
22.9 -3.10406386567
23.0 -2.80522064323
23.1 -2.46188592847
23.2 -2.0824837857
23.3 -1.67347449519
23.4 -1.23932890973
23.5 -0.783828201608
23.6 -0.312112756154
23.7 0.167584645694
23.8 0.643430017978
23.9 1.1009349171
24.0 1.52486432308
24.1 1.9012969948
24.2 2.21924113208
24.3 2.47166864092
24.4 2.65613044553
24.5 2.77504821635
24.6 2.83549104895
24.7 2.84808565966
24.8 2.824914499
24.9 2.77675322366
25.0 2.71045661364
25.1 2.62739412405
25.2 2.52348522154
25.3 2.39079926663
25.4 2.22018263364
25.5 2.004154449
25.6 1.73935494921
25.7 1.42799894492
25.8 1.07798809279
25.9 0.701594893396
26.0 0.313008243413
26.1 -0.0745295019017
26.2 -0.450979794306
26.3 -0.810273032887
26.4 -1.14930578003
26.5 -1.46574477162
26.6 -1.75584210789
26.7 -2.01347903714
26.8 -2.23099665141
26.9 -2.40139085256
27.0 -2.52069987016
27.1 -2.58931478459
27.2 -2.61153263804
27.3 -2.59359548437
27.4 -2.54120379617
27.5 -2.45768426828
27.6 -2.34358209692
27.7 -2.19770060053
27.8 -2.01892805922
27.9 -1.80789567043
28.0 -1.56770294966
28.1 -1.30348846387
28.2 -1.02122299438
28.3 -0.72645980619
28.4 -0.42372534181
28.5 -0.116817456497
28.6 0.190267172293
28.7 0.492423641175
28.8 0.783179772623
28.9 1.05533695107
29.0 1.30224298538
29.1 1.51908601409
29.2 1.70361919235
29.3 1.85606396456
29.4 1.97835612325
29.5 2.07313554764
29.6 2.14283732005
29.7 2.18902758294
29.8 2.21195243586
29.9 2.21026832581
30.0 2.1810549245
30.1 2.12017157325
30.2 2.02346538989
30.3 1.88834327151
30.4 1.71497373948
30.5 1.50697288257
30.6 1.27109931452
30.7 1.01602533942
30.8 0.750628263614
30.9 0.482406798925
31.0 0.216527069596
31.1 -0.04426723657
31.2 -0.298945689367
31.3 -0.546979247951
31.4 -0.787051267945
31.5 -1.01613783162
31.6 -1.22930164869
31.7 -1.42031047343
31.8 -1.58287599492
31.9 -1.71204101567
32.0 -1.8051737458
32.1 -1.86222592748
32.2 -1.88528439809
32.3 -1.87777672417
32.4 -1.84377654876
32.5 -1.78764773115
32.6 -1.71392249918
32.7 -1.62707932283
32.8 -1.53094376264
32.9 -1.42775122865
33.0 -1.31727259484
33.1 -1.19656067364
33.2 -1.06070101756
33.3 -0.904517252158
33.4 -0.724709384299
33.5 -0.52163139406
33.6 -0.299978505051
33.7 -0.0680392800825
33.8 0.164274437834
33.9 0.387895792441
34.0 0.596600657547
34.1 0.787725404408
34.2 0.961339016497
34.3 1.11832153052
34.4 1.25834982725
34.5 1.37885947795
34.6 1.47554831206
34.7 1.54414609907
34.8 1.5824560756
34.9 1.59150527863
35.0 1.57514046904
35.1 1.5382881537
35.2 1.48483524045
35.3 1.41624850292
35.4 1.33157100634
35.5 1.22864223086
35.6 1.1057778927
35.7 0.963043454258
35.8 0.802636733379
35.9 0.628446539045
36.0 0.445222296591
36.1 0.257815273041
36.2 0.070730307683
36.3 -0.112021760271
36.4 -0.286897906287
36.5 -0.450731777529
36.6 -0.600631827387
36.7 -0.733911402088
36.8 -0.848114043428
36.9 -0.941183754839
37.0 -1.01175026935
37.1 -1.05940243415
37.2 -1.08479569964
37.3 -1.08951957977
37.4 -1.07578208024
37.5 -1.04604839353
37.6 -1.00274548793
37.7 -0.948054542709
37.8 -0.883756097407
37.9 -0.81112348628
38.0 -0.730935144797
38.1 -0.643693197498
38.2 -0.550036211109
38.3 -0.451174509683
38.4 -0.349093216612
38.5 -0.246360310103
38.6 -0.14560855918
38.7 -0.0489727352164
38.8 0.0422036505078
38.9 0.127256433079
39.0 0.205810471357
39.1 0.27739486013
39.2 0.341296116333
39.3 0.396679726387
39.4 0.442822921303
39.5 0.47926473423
39.6 0.505797184435
39.7 0.522375789903
39.8 0.529086012966
39.9 0.526227070241
40.0 0.514444661594
40.1 0.494778347236
40.2 0.468543132886
40.3 0.437089135059
40.4 0.401573153151
40.5 0.362862153902
40.6 0.321590697557
40.7 0.278296089657
40.8 0.233529812086
40.9 0.187896529772
41.0 0.142044716699
41.1 0.0966615964444
41.2 0.0524940202417
41.3 0.0103655963927
41.4 -0.0288578959348
41.5 -0.064369560183
41.6 -0.0955487030358
41.7 -0.122046001483
41.8 -0.143780875136
41.9 -0.160860636308
42.0 -0.173475890699
42.1 -0.181830576854
42.2 -0.18613139807
42.3 -0.186619820765
42.4 -0.183609306095
42.5 -0.177498451747
42.6 -0.168753285575
42.7 -0.157870063209
42.8 -0.145334937568
42.9 -0.13159272824
43.0 -0.117031388871
43.1 -0.101984493324
43.2 -0.0867490108206
43.3 -0.0716087788259
43.4 -0.0568493479902
43.5 -0.0427529877287
43.6 -0.0295742947086
43.7 -0.0175099638931
43.8 -0.00668101178574
43.9 0.00286207168673
44.0 0.0111155813559
44.1 0.0180955187442
44.2 0.0238220231216
44.3 0.0283200654441
44.4 0.0316299272496
44.5 0.0338166417948
44.6 0.0349715977579
44.7 0.0352068900511
44.8 0.0346474293389
44.9 0.0334248879513
45.0 0.0316737536378
45.1 0.0295272177729
45.2 0.0271112627491
45.3 0.0245377882649
45.4 0.0218993043382
45.5 0.0192672819539
45.6 0.0166944047558
45.7 0.0142192838722
45.8 0.0118716046169
45.9 0.00967602962284
46.0 0.00765393826661
46.1 0.00582292958797
46.2 0.00419487373131
46.3 0.00277393895651
46.4 0.00155603092719
46.5 0.000530273009674
46.6 -0.000318055036288
46.7 -0.00100450538062
46.8 -0.00154360899878
46.9 -0.00194850244325
47.0 -0.00223145667106
47.1 -0.002404495034
47.2 -0.00247971988411
47.3 -0.0024695095699
47.4 -0.00238686074084
47.5 -0.00224580527895
47.6 -0.00206146759568
47.7 -0.00184938043753
47.8 -0.00162414940916
47.9 -0.0013980422955
48.0 -0.00118016333752
48.1 -0.000976500164714
48.2 -0.000790619421571
48.3 -0.00062451613637
48.4 -0.000479221192729
48.5 -0.00035507060946
48.6 -0.000251772915746
48.7 -0.000168444971051
48.8 -0.00010368608348
48.9 -5.56685278161e-05
49.0 -2.22157696129e-05
49.1 -8.84710562632e-07
49.2 1.09091047591e-05
49.3 1.57142126354e-05
49.4 1.58540879217e-05
49.5 1.32857407735e-05
49.6 9.54029421583e-06
49.7 5.73597277529e-06
49.8 2.62715615412e-06
49.9 6.56706336168e-07
50.0 0.0
50.1 0.0
50.2 0.0
50.3 0.0
50.4 0.0
50.5 0.0
50.6 0.0
50.7 0.0
50.8 0.0
50.9 0.0
51.0 0.0
51.1 0.0
51.2 0.0
51.3 0.0
51.4 0.0
51.5 0.0
51.6 0.0
51.7 0.0
51.8 0.0
51.9 0.0
52.0 0.0
52.1 0.0
52.2 0.0
52.3 0.0
52.4 0.0
52.5 0.0
52.6 0.0
52.7 0.0
52.8 0.0
52.9 0.0
53.0 0.0
53.1 0.0
53.2 0.0
53.3 0.0
53.4 0.0
53.5 0.0
53.6 0.0
53.7 0.0
53.8 0.0
53.9 0.0
54.0 0.0
54.1 0.0
54.2 0.0
54.3 0.0
54.4 0.0
54.5 0.0
54.6 0.0
54.7 0.0
54.8 0.0
54.9 0.0
55.0 0.0
55.1 0.0
55.2 0.0
55.3 0.0
55.4 0.0
55.5 0.0
55.6 0.0
55.7 0.0
55.8 0.0
55.9 0.0
56.0 0.0
56.1 0.0
56.2 0.0
56.3 0.0
56.4 0.0
56.5 0.0
56.6 0.0
56.7 0.0
56.8 0.0
56.9 0.0
57.0 0.0
57.1 0.0
57.2 0.0
57.3 0.0
57.4 0.0
57.5 0.0
57.6 0.0
57.7 0.0
57.8 0.0
57.9 0.0
58.0 0.0
58.1 0.0
58.2 0.0
58.3 0.0
58.4 0.0
58.5 0.0
58.6 0.0
58.7 0.0
58.8 0.0
58.9 0.0
59.0 0.0
59.1 0.0
59.2 0.0
59.3 0.0
59.4 0.0
59.5 0.0
59.6 0.0
59.7 0.0
59.8 0.0
59.9 0.0
60.0 0.0
60.1 0.0
60.2 0.0
60.3 0.0
60.4 0.0
60.5 0.0
60.6 0.0
60.7 0.0
60.8 0.0
60.9 0.0
61.0 0.0
61.1 0.0
61.2 0.0
61.3 0.0
61.4 0.0
61.5 0.0
61.6 0.0
61.7 0.0
61.8 0.0
61.9 0.0
62.0 0.0
62.1 0.0
62.2 0.0
62.3 0.0
62.4 0.0
62.5 0.0
62.6 0.0
62.7 0.0
62.8 0.0
62.9 0.0
63.0 0.0
63.1 0.0
63.2 0.0
63.3 0.0
63.4 0.0
63.5 0.0
63.6 0.0
63.7 0.0
63.8 0.0
63.9 0.0
64.0 0.0
64.1 0.0
64.2 0.0
64.3 0.0
64.4 0.0
64.5 0.0
64.6 0.0
64.7 0.0
64.8 0.0
64.9 0.0
65.0 0.0
65.1 0.0
65.2 0.0
65.3 0.0
65.4 0.0
65.5 0.0
65.6 0.0
65.7 0.0
65.8 0.0
65.9 0.0
66.0 0.0
66.1 0.0
66.2 0.0
66.3 0.0
66.4 0.0
66.5 0.0
66.6 0.0
66.7 0.0
66.8 0.0
66.9 0.0
67.0 0.0
67.1 0.0
67.2 0.0
67.3 0.0
67.4 0.0
67.5 0.0
67.6 0.0
67.7 0.0
67.8 0.0
67.9 0.0
68.0 0.0
68.1 0.0
68.2 0.0
68.3 0.0
68.4 0.0
68.5 0.0
68.6 0.0
68.7 0.0
68.8 0.0
68.9 0.0
69.0 0.0
69.1 0.0
69.2 0.0
69.3 0.0
69.4 0.0
69.5 0.0
69.6 0.0
69.7 0.0
69.8 0.0
69.9 0.0
70.0 0.0
70.1 0.0
70.2 0.0
70.3 0.0
70.4 0.0
70.5 0.0
70.6 0.0
70.7 0.0
70.8 0.0
70.9 0.0
71.0 0.0
71.1 0.0
71.2 0.0
71.3 0.0
71.4 0.0
71.5 0.0
71.6 0.0
71.7 0.0
71.8 0.0
71.9 0.0
72.0 0.0
72.1 0.0
72.2 0.0
72.3 0.0
72.4 0.0
72.5 0.0
72.6 0.0
72.7 0.0
72.8 0.0
72.9 0.0
73.0 0.0
73.1 0.0
73.2 0.0
73.3 0.0
73.4 0.0
73.5 0.0
73.6 0.0
73.7 0.0
73.8 0.0
73.9 0.0
74.0 0.0
74.1 0.0
74.2 0.0
74.3 0.0
74.4 0.0
74.5 0.0
74.6 0.0
74.7 0.0
74.8 0.0
74.9 0.0
75.0 0.0
75.1 0.0
75.2 0.0
75.3 0.0
75.4 0.0
75.5 0.0
75.6 0.0
75.7 0.0
75.8 0.0
75.9 0.0
76.0 0.0
76.1 0.0
76.2 0.0
76.3 0.0
76.4 0.0
76.5 0.0
76.6 0.0
76.7 0.0
76.8 0.0
76.9 0.0
77.0 0.0
77.1 0.0
77.2 0.0
77.3 0.0
77.4 0.0
77.5 0.0
77.6 0.0
77.7 0.0
77.8 0.0
77.9 0.0
78.0 0.0
78.1 0.0
78.2 0.0
78.3 0.0
78.4 0.0
78.5 0.0
78.6 0.0
78.7 0.0
78.8 0.0
78.9 0.0
79.0 0.0
79.1 0.0
79.2 0.0
79.3 0.0
79.4 0.0
79.5 0.0
79.6 0.0
79.7 0.0
79.8 0.0
79.9 0.0
80.0 0.0
80.1 0.0
80.2 0.0
80.3 0.0
80.4 0.0
80.5 0.0
80.6 0.0
80.7 0.0
80.8 0.0
80.9 0.0
81.0 0.0
81.1 0.0
81.2 0.0
81.3 0.0
81.4 0.0
81.5 0.0
81.6 0.0
81.7 0.0
81.8 0.0
81.9 0.0
82.0 0.0
82.1 0.0
82.2 0.0
82.3 0.0
82.4 0.0
82.5 0.0
82.6 0.0
82.7 0.0
82.8 0.0
82.9 0.0
83.0 0.0
83.1 0.0
83.2 0.0
83.3 0.0
83.4 0.0
83.5 0.0
83.6 0.0
83.7 0.0
83.8 0.0
83.9 0.0
84.0 0.0
84.1 0.0
84.2 0.0
84.3 0.0
84.4 0.0
84.5 0.0
84.6 0.0
84.7 0.0
84.8 0.0
84.9 0.0
85.0 0.0
85.1 0.0
85.2 0.0
85.3 0.0
85.4 0.0
85.5 0.0
85.6 0.0
85.7 0.0
85.8 0.0
85.9 0.0
86.0 0.0
86.1 0.0
86.2 0.0
86.3 0.0
86.4 0.0
86.5 0.0
86.6 0.0
86.7 0.0
86.8 0.0
86.9 0.0
87.0 0.0
87.1 0.0
87.2 0.0
87.3 0.0
87.4 0.0
87.5 0.0
87.6 0.0
87.7 0.0
87.8 0.0
87.9 0.0
88.0 0.0
88.1 0.0
88.2 0.0
88.3 0.0
88.4 0.0
88.5 0.0
88.6 0.0
88.7 0.0
88.8 0.0
88.9 0.0
89.0 0.0
89.1 0.0
89.2 0.0
89.3 0.0
89.4 0.0
89.5 0.0
89.6 0.0
89.7 0.0
89.8 0.0
89.9 0.0
90.0 0.0
90.1 0.0
90.2 0.0
90.3 0.0
90.4 0.0
90.5 0.0
90.6 0.0
90.7 0.0
90.8 0.0
90.9 0.0
91.0 0.0
91.1 0.0
91.2 0.0
91.3 0.0
91.4 0.0
91.5 0.0
91.6 0.0
91.7 0.0
91.8 0.0
91.9 0.0
92.0 0.0
92.1 0.0
92.2 0.0
92.3 0.0
92.4 0.0
92.5 0.0
92.6 0.0
92.7 0.0
92.8 0.0
92.9 0.0
93.0 0.0
93.1 0.0
93.2 0.0
93.3 0.0
93.4 0.0
93.5 0.0
93.6 0.0
93.7 0.0
93.8 0.0
93.9 0.0
94.0 0.0
94.1 0.0
94.2 0.0
94.3 0.0
94.4 0.0
94.5 0.0
94.6 0.0
94.7 0.0
94.8 0.0
94.9 0.0
95.0 0.0
95.1 0.0
95.2 0.0
95.3 0.0
95.4 0.0
95.5 0.0
95.6 0.0
95.7 0.0
95.8 0.0
95.9 0.0
96.0 0.0
96.1 0.0
96.2 0.0
96.3 0.0
96.4 0.0
96.5 0.0
96.6 0.0
96.7 0.0
96.8 0.0
96.9 0.0
97.0 0.0
97.1 0.0
97.2 0.0
97.3 0.0
97.4 0.0
97.5 0.0
97.6 0.0
97.7 0.0
97.8 0.0
97.9 0.0
98.0 0.0
98.1 0.0
98.2 0.0
98.3 0.0
98.4 0.0
98.5 0.0
98.6 0.0
98.7 0.0
98.8 0.0
98.9 0.0
99.0 0.0
99.1 0.0
99.2 0.0
99.3 0.0
99.4 0.0
99.5 0.0
99.6 0.0
99.7 0.0
99.8 0.0
99.9 0.0
100.0 0.0
100.1 0.0
100.2 0.0
100.3 0.0
100.4 0.0
100.5 0.0
100.6 0.0
100.7 0.0
100.8 0.0
100.9 0.0
101.0 0.0
101.1 0.0
101.2 0.0
101.3 0.0
101.4 0.0
101.5 0.0
101.6 0.0
101.7 0.0
101.8 0.0
101.9 0.0
102.0 0.0
102.1 0.0
102.2 0.0
102.3 0.0
