0.0 0.0521845060544
0.09315 0.468316481904
0.1863 0.845408037803
0.27945 1.12935411838
0.3726 1.28441669934
0.46575 1.30339836299
0.5589 1.20603690223
0.65205 1.02746034659
0.7452 0.802552729318
0.83835 0.553008820766
0.9315 0.28297078437
1.02465 -0.0148589679609
1.1178 -0.346074823835
1.21095 -0.700327376104
1.3041 -1.04233019587
1.39725 -1.31352361975
1.4904 -1.4456959407
1.58355 -1.38156631566
1.6767 -1.09164952564
1.76985 -0.580048683627
1.863 0.116526742168
1.95615 0.928613723075
2.0493 1.75253909464
2.14245 2.45314768055
2.2356 2.87411301227
2.32875 2.85815418964
2.4219 2.2805242256
2.51505 1.09236725187
2.6082 -0.641066325709
2.70135 -2.72491812509
2.7945 -4.84898195287
2.88765 -6.62763319739
2.9808 -7.65885306413
3.07395 -7.59800589822
3.1671 -6.24206225886
3.26025 -3.60963717058
3.3534 0.013829568972
3.44655 4.09696248668
3.5397 7.95704484583
3.63285 10.9051818526
3.726 12.4009115041
3.81915 12.1739510857
3.9123 10.2810595168
4.00545 7.083211103
4.0986 3.14916862928
4.19175 -0.887342202141
4.2849 -4.47448141549
4.37805 -7.24906655916
4.4712 -9.07376594865
4.56435 -10.0018507713
4.6575 -10.1929802288
4.75065 -9.81810332616
4.8438 -8.99112365355
4.93695 -7.75000899676
5.0301 -6.08592679524
5.12325 -3.99818725278
5.2164 -1.54568949402
5.30955 1.12777683076
5.4027 3.80361880361
5.49585 6.22927320377
5.589 8.17413354939
5.68215 9.47969673497
5.7753 10.0854986523
5.86845 10.0224567927
5.9616 9.3795897182
6.05475 8.26162828979
6.1479 6.75785626898
6.24105 4.9354132808
6.3342 2.85709778278
6.42735 0.611008634589
6.5205 -1.66707141864
6.61365 -3.7943765648
6.7068 -5.56944876813
6.79995 -6.81933994598
6.8931 -7.44808479593
6.98625 -7.4674711033
7.0794 -6.99719265005
7.17255 -6.23218996195
7.2657 -5.38687733843
7.35885 -4.63464971452
7.452 -4.0631722747
7.54515 -3.66032333593
7.6383 -3.33388961613
7.73145 -2.95540914392
7.8246 -2.41037337361
7.91775 -1.63637103054
8.0109 -0.637574818268
8.10405 0.525529802553
8.1972 1.76301680587
8.29035 2.98605028316
8.3835 4.12868877762
8.47665 5.15369972208
8.5698 6.04267296188
8.66295 6.77746161332
8.7561 7.32331443767
8.84925 7.62297257885
8.9424 7.60588717086
9.03555 7.20960991769
9.1287 6.40453178468
9.22185 5.21149076998
9.315 3.70495700541
9.40815 2.00060824383
9.5013 0.232370322174
9.59445 -1.47244827947
9.6876 -3.01190997514
9.78075 -4.31778758318
9.8739 -5.35377031035
9.96705 -6.10735312063
10.0602 -6.58060678033
10.15335 -6.78405977037
10.2465 -6.7351968744
10.33965 -6.45994716799
10.4328 -5.99379057311
10.52595 -5.37966912164
10.6191 -4.66217483144
10.71225 -3.88004672686
10.8054 -3.06041725876
10.89855 -2.21778818986
10.9917 -1.35854039463
11.08485 -0.4889147704
11.178 0.377556637765
11.27115 1.21700904757
11.3643 1.99823610405
11.45745 2.69043105542
11.5506 3.27213502199
11.64375 3.73719100702
11.7369 4.09475046435
11.83005 4.36306605092
11.9232 4.5597225316
12.01635 4.69264892501
12.1095 4.75587402958
12.20265 4.73175475562
12.2958 4.59844083733
12.38895 4.33906158815
12.4821 3.94856647105
12.57525 3.43553587585
12.6684 2.81884922578
12.76155 2.12151938995
12.8547 1.3650991606
12.94785 0.567397033668
13.041 -0.255750002594
13.13415 -1.08615629336
13.2273 -1.89930982892
13.32045 -2.66345808248
13.4136 -3.34288672279
13.50675 -3.90434135521
13.5999 -4.32389714584
13.69305 -4.59129932923
13.7862 -4.70999115257
13.87935 -4.69307807503
13.9725 -4.55730903764
14.06565 -4.31789967688
14.1588 -3.98636563972
14.25195 -3.57186109886
14.3451 -3.08471010941
14.43825 -2.53978186454
14.5314 -1.95757373755
14.62455 -1.36215936211
14.7177 -0.776830164126
14.81085 -0.219447446954
14.904 0.300350092291
14.99715 0.780889149865
15.0903 1.22546153507
15.18345 1.63815596236
15.2766 2.02050514132
15.36975 2.37032050094
15.4629 2.68283037986
15.55605 2.95302625428
15.6492 3.17759171082
15.74235 3.35518981849
15.8355 3.48495969274
15.92865 3.56421046609
16.0218 3.58686830424
16.11495 3.54391493243
16.2081 3.42601997409
16.30125 3.22736532131
16.3944 2.94892817208
16.48755 2.59962297784
16.5807 2.1946454597
16.67385 1.75164548477
16.767 1.28634542406
16.86015 0.809440131638
16.9533 0.325978591184
17.04645 -0.162730527088
17.1396 -0.655755949723
17.23275 -1.14933382238
17.3259 -1.63518771823
17.41905 -2.10092234239
17.5122 -2.53205350504
17.60535 -2.91459165911
17.6985 -3.23705787688
17.79165 -3.49131805968
17.8848 -3.6723387252
17.97795 -3.77748619109
18.0711 -3.80605132926
18.16425 -3.75930704719
18.2574 -3.64086907604
18.35055 -3.456787484
18.4437 -3.21487228214
18.53685 -2.92321642376
18.63 -2.58844836945
18.72315 -2.21456956121
18.8163 -1.80308339208
18.90945 -1.35454094944
19.0026 -0.870907777139
19.09575 -0.357685229367
19.1889 0.175227542341
19.28205 0.714368579284
19.3752 1.24486321432
19.46835 1.75286456842
19.5615 2.22713289625
19.65465 2.6590697132
19.7478 3.04135493204
19.84095 3.36610746885
19.9341 3.62379669863
20.02725 3.80379662276
20.1204 3.89664359835
20.21355 3.89713654256
20.3067 3.80687026449
20.39985 3.63491106739
20.493 3.39608028254
20.58615 3.10736264386
20.6793 2.78380769502
20.77245 2.43553742009
20.8656 2.06699195912
20.95875 1.67856179073
21.0519 1.26972737681
21.14505 0.842225991892
21.2382 0.401848861306
21.33135 -0.0418280950258
21.4245 -0.477508537038
21.51765 -0.894980513798
21.6108 -1.28734978676
21.70395 -1.65173627033
21.7971 -1.98821881518
21.89025 -2.29760289579
21.9834 -2.57906295118
22.07655 -2.82869569568
22.1697 -3.03956564343
22.26285 -3.20316721476
22.356 -3.31166632924
22.44915 -3.36003835982
22.5423 -3.34734675803
22.63545 -3.27680205347
22.7286 -3.15470636478
22.82175 -2.98873475235
22.9149 -2.78613078049
23.00805 -2.55231113182
23.1012 -2.29017332438
23.19435 -2.00018621976
23.2875 -1.68117910152
23.38065 -1.33163826165
23.4738 -0.951243754287
23.56695 -0.542315843028
23.6601 -0.110809545789
23.75325 0.333456787065
23.8464 0.77749140991
23.93955 1.20663252645
24.0327 1.60648971336
24.12585 1.96478328096
24.219 2.27257296051
24.31215 2.52460263105
24.4053 2.71883462464
24.49845 2.85555108827
24.5916 2.93651897697
24.68475 2.96459278074
24.7779 2.94382569114
24.87105 2.87982712433
24.9642 2.77991193024
25.05735 2.65263849298
25.1505 2.50661517088
25.24365 2.34883813687
25.3368 2.18312381838
25.42995 2.00926258128
25.5231 1.82330037581
25.61625 1.61893793482
25.7094 1.38960530332
25.80255 1.13051778019
25.8957 0.840062134796
25.98885 0.520176792311
26.082 0.175826293958
26.17515 -0.185977610909
26.2683 -0.557050567715
26.36145 -0.928428645381
26.4546 -1.29026638328
26.54775 -1.63158216109
26.6409 -1.94035519114
26.73405 -2.20435814594
26.8272 -2.41275748328
26.92035 -2.55809438751
27.0135 -2.63797305116
27.10665 -2.65577313986
27.1998 -2.61999201628
27.29295 -2.54230149448
27.3861 -2.4348815803
27.47925 -2.30787454039
27.5724 -2.16776846096
27.66555 -2.01717717696
27.7587 -1.85596315648
27.85185 -1.68315367742
27.945 -1.49882241299
28.03815 -1.30507661226
28.1313 -1.10601429893
28.22445 -0.906462055654
28.3176 -0.709974419633
28.41075 -0.517189782186
28.5039 -0.325191170348
28.59705 -0.128253254661
28.6902 0.0801664850445
28.78335 0.304814133967
28.8765 0.546284893463
28.96965 0.799756948188
29.0628 1.05529776704
29.15595 1.29971131005
29.2491 1.51938767235
29.34225 1.70329261538
29.4354 1.84520200701
29.52855 1.94455101639
29.6217 2.00573079473
29.71485 2.03615918271
29.808 2.04380458435
29.90115 2.03494127483
29.9943 2.01274783206
30.08745 1.97701446252
30.1806 1.92484331279
30.27375 1.85194763845
30.3669 1.75406198281
30.46005 1.62806541483
30.5532 1.47262332592
30.64635 1.28836976581
30.7395 1.07779540545
30.83265 0.845035180938
30.9258 0.595677812261
31.01895 0.336600400978
31.1121 0.0757320946835
31.20525 -0.178377522835
31.2984 -0.417252013535
31.39155 -0.633392350634
31.4847 -0.821216399601
31.57785 -0.977786362271
31.671 -1.10309472231
31.76415 -1.19978617878
31.8573 -1.27235192297
31.95045 -1.32598622633
32.0436 -1.36539079226
32.13675 -1.39382096899
32.2299 -1.41259246596
32.32305 -1.42113599288
32.4162 -1.4175409469
32.50935 -1.39940775778
32.6025 -1.36476169215
32.69565 -1.31278374758
32.7888 -1.24418377398
32.88195 -1.1611555467
32.9751 -1.06697680998
33.06825 -0.965408757707
33.1614 -0.860079673765
33.25455 -0.754001726927
33.3477 -0.64929113357
33.44085 -0.54708003192
33.534 -0.447560401256
33.62715 -0.350101413487
33.7203 -0.253418460953
33.81345 -0.155812148253
33.9066 -0.0555063823299
33.99975 0.0489169857688
34.0929 0.158050234448
34.18605 0.271278286433
34.2792 0.386619966476
34.37235 0.500885837376
34.4655 0.610153221618
34.55865 0.710448933565
34.6518 0.798449002831
34.74495 0.871989610315
34.8381 0.930245742182
34.93125 0.973551410466
35.0244 1.00295985141
35.11755 1.01972144901
35.2107 1.02485915777
35.30385 1.0189505758
35.397 1.00212210273
35.49015 0.974177660353
35.5833 0.934761358941
35.67645 0.883493253101
35.7696 0.820085938779
35.86275 0.744496960704
35.9559 0.657162062202
36.04905 0.559288440232
36.1422 0.453104295672
36.23535 0.341915824272
36.3285 0.229853897554
36.42165 0.121298575086
36.5148 0.0201068061985
36.60795 -0.0711273419201
36.7011 -0.151532959544
36.79425 -0.221979338261
36.8874 -0.284638078239
36.98055 -0.342235458512
37.0737 -0.397236239324
37.16685 -0.45119797161
37.26 -0.504442918663
37.35315 -0.556061196176
37.4463 -0.60414772925
37.53945 -0.646134830624
37.6326 -0.67911952158
37.72575 -0.700165461046
37.8189 -0.706626326288
37.91205 -0.696543805301
38.0052 -0.669110243213
38.09835 -0.625089655303
38.1915 -0.567023451033
38.28465 -0.499061614334
38.3778 -0.426367626417
38.47095 -0.354205751149
38.5641 -0.286958635488
38.65725 -0.227371869353
38.7504 -0.176251411885
38.84355 -0.132677591797
38.9367 -0.0946170646725
39.02985 -0.0596909945021
39.123 -0.0258425145757
39.21615 0.00826487406437
39.3093 0.0431458840441
39.40245 0.0785962910542
39.4956 0.113861184376
39.58875 0.147769524629
39.6819 0.178826544264
39.77505 0.205336069051
39.8682 0.225642165539
39.96135 0.238517711103
40.0545 0.243617692167
40.14765 0.241820246518
40.2408 0.235260348243
40.33395 0.226945687022
40.4271 0.220004975878
40.52025 0.216785767062
40.6134 0.218111760376
40.70655 0.222978087728
40.7997 0.228812805009
40.89285 0.232224783425
40.986 0.229980621348
41.07915 0.219880402499
41.1723 0.201260548965
41.26545 0.175009946189
41.3586 0.143170403857
41.45175 0.108326161438
41.5449 0.0730209823999
41.63805 0.0393753413887
41.7312 0.00895377798864
41.82435 -0.0171836543968
41.9175 -0.0383706102188
42.01065 -0.0542729504748
42.1038 -0.0649147365339
42.19695 -0.0707498959067
42.2901 -0.0726923858596
42.38325 -0.0720291853059
42.4764 -0.0701995001268
42.56955 -0.0684964107777
42.6627 -0.0677944072432
42.75585 -0.0684032607473
42.849 -0.070097486798
42.94215 -0.0722974616886
43.0353 -0.0743189406762
43.12845 -0.0755893652413
43.2216 -0.0757574299907
43.31475 -0.0746797736554
43.4079 -0.0723258628911
43.50105 -0.0686726749925
43.5942 -0.0636535652888
43.68735 -0.0571885984496
43.7805 -0.0492775412963
43.87365 -0.040104236421
43.9668 -0.030095771027
44.05995 -0.0199012359544
44.1531 -0.0102904988916
44.24625 -0.00200613650915
44.3394 0.00438211287488
44.43255 0.0085758973994
44.5257 0.0105762933877
44.61885 0.0106440017036
44.712 0.0092146450623
44.80515 0.00680002696933
44.8983 0.00390171648563
44.99145 0.000951432983356
45.0846 -0.00171988103456
45.17775 -0.00389068251294
45.2709 -0.00544390748432
45.36405 -0.00635526349947
45.4572 -0.00667797571152
45.55035 -0.00652460683144
45.6435 -0.00604580961169
45.73665 -0.0054066172626
45.8298 -0.00476220436669
45.92295 -0.00423613811151
46.0161 -0.00390453198269
46.10925 -0.00378903066968
46.2024 -0.00386016242313
46.29555 -0.00405045053028
46.3887 -0.00427426705065
46.48185 -0.00444955552002
46.575 -0.00451609106765
46.66815 -0.00451609106765
46.7613 -0.00451609106765
46.85445 -0.00451609106765
46.9476 -0.00451609106765
47.04075 -0.00451609106765
47.1339 -0.00451609106765
47.22705 -0.00451609106765
47.3202 -0.00451609106765
47.41335 -0.00451609106765
47.5065 -0.00451609106765
47.59965 -0.00451609106765
47.6928 -0.00451609106765
47.78595 -0.00451609106765
47.8791 -0.00451609106765
47.97225 -0.00451609106765
48.0654 -0.00451609106765
48.15855 -0.00451609106765
48.2517 -0.00451609106765
48.34485 -0.00451609106765
48.438 -0.00451609106765
48.53115 -0.00451609106765
48.6243 -0.00451609106765
48.71745 -0.00451609106765
48.8106 -0.00451609106765
48.90375 -0.00451609106765
48.9969 -0.00451609106765
49.09005 -0.00451609106765
49.1832 -0.00451609106765
49.27635 -0.00451609106765
49.3695 -0.00451609106765
49.46265 -0.00451609106765
49.5558 -0.00451609106765
49.64895 -0.00451609106765
49.7421 -0.00451609106765
49.83525 -0.00451609106765
49.9284 -0.00451609106765
50.02155 -0.00451609106765
50.1147 -0.00451609106765
50.20785 -0.00451609106765
50.301 -0.00451609106765
50.39415 -0.00451609106765
50.4873 -0.00451609106765
50.58045 -0.00451609106765
50.6736 -0.00451609106765
50.76675 -0.00451609106765
50.8599 -0.00451609106765
50.95305 -0.00451609106765
51.0462 -0.00451609106765
51.13935 -0.00451609106765
51.2325 -0.00451609106765
51.32565 -0.00451609106765
51.4188 -0.00451609106765
51.51195 -0.00451609106765
51.6051 -0.00451609106765
51.69825 -0.00451609106765
51.7914 -0.00451609106765
51.88455 -0.00451609106765
51.9777 -0.00451609106765
52.07085 -0.00451609106765
52.164 -0.00451609106765
52.25715 -0.00451609106765
52.3503 -0.00451609106765
52.44345 -0.00451609106765
52.5366 -0.00451609106765
52.62975 -0.00451609106765
52.7229 -0.00451609106765
52.81605 -0.00451609106765
52.9092 -0.00451609106765
53.00235 -0.00451609106765
53.0955 -0.00451609106765
53.18865 -0.00451609106765
53.2818 -0.00451609106765
53.37495 -0.00451609106765
53.4681 -0.00451609106765
53.56125 -0.00451609106765
53.6544 -0.00451609106765
53.74755 -0.00451609106765
53.8407 -0.00451609106765
53.93385 -0.00451609106765
54.027 -0.00451609106765
54.12015 -0.00451609106765
54.2133 -0.00451609106765
54.30645 -0.00451609106765
54.3996 -0.00451609106765
54.49275 -0.00451609106765
54.5859 -0.00451609106765
54.67905 -0.00451609106765
54.7722 -0.00451609106765
54.86535 -0.00451609106765
54.9585 -0.00451609106765
55.05165 -0.00451609106765
55.1448 -0.00451609106765
55.23795 -0.00451609106765
55.3311 -0.00451609106765
55.42425 -0.00451609106765
55.5174 -0.00451609106765
55.61055 -0.00451609106765
55.7037 -0.00451609106765
55.79685 -0.00451609106765
55.89 -0.00451609106765
55.98315 -0.00451609106765
56.0763 -0.00451609106765
56.16945 -0.00451609106765
56.2626 -0.00451609106765
56.35575 -0.00451609106765
56.4489 -0.00451609106765
56.54205 -0.00451609106765
56.6352 -0.00451609106765
56.72835 -0.00451609106765
56.8215 -0.00451609106765
56.91465 -0.00451609106765
57.0078 -0.00451609106765
57.10095 -0.00451609106765
57.1941 -0.00451609106765
57.28725 -0.00451609106765
57.3804 -0.00451609106765
57.47355 -0.00451609106765
57.5667 -0.00451609106765
57.65985 -0.00451609106765
57.753 -0.00451609106765
57.84615 -0.00451609106765
57.9393 -0.00451609106765
58.03245 -0.00451609106765
58.1256 -0.00451609106765
58.21875 -0.00451609106765
58.3119 -0.00451609106765
58.40505 -0.00451609106765
58.4982 -0.00451609106765
58.59135 -0.00451609106765
58.6845 -0.00451609106765
58.77765 -0.00451609106765
58.8708 -0.00451609106765
58.96395 -0.00451609106765
59.0571 -0.00451609106765
59.15025 -0.00451609106765
59.2434 -0.00451609106765
59.33655 -0.00451609106765
59.4297 -0.00451609106765
59.52285 -0.00451609106765
59.616 -0.00451609106765
59.70915 -0.00451609106765
59.8023 -0.00451609106765
59.89545 -0.00451609106765
59.9886 -0.00451609106765
60.08175 -0.00451609106765
60.1749 -0.00451609106765
60.26805 -0.00451609106765
60.3612 -0.00451609106765
60.45435 -0.00451609106765
60.5475 -0.00451609106765
60.64065 -0.00451609106765
60.7338 -0.00451609106765
60.82695 -0.00451609106765
60.9201 -0.00451609106765
61.01325 -0.00451609106765
61.1064 -0.00451609106765
61.19955 -0.00451609106765
61.2927 -0.00451609106765
61.38585 -0.00451609106765
61.479 -0.00451609106765
61.57215 -0.00451609106765
61.6653 -0.00451609106765
61.75845 -0.00451609106765
61.8516 -0.00451609106765
61.94475 -0.00451609106765
62.0379 -0.00451609106765
62.13105 -0.00451609106765
62.2242 -0.00451609106765
62.31735 -0.00451609106765
62.4105 -0.00451609106765
62.50365 -0.00451609106765
62.5968 -0.00451609106765
62.68995 -0.00451609106765
62.7831 -0.00451609106765
62.87625 -0.00451609106765
62.9694 -0.00451609106765
63.06255 -0.00451609106765
63.1557 -0.00451609106765
63.24885 -0.00451609106765
63.342 -0.00451609106765
63.43515 -0.00451609106765
63.5283 -0.00451609106765
63.62145 -0.00451609106765
63.7146 -0.00451609106765
63.80775 -0.00451609106765
63.9009 -0.00451609106765
63.99405 -0.00451609106765
64.0872 -0.00451609106765
64.18035 -0.00451609106765
64.2735 -0.00451609106765
64.36665 -0.00451609106765
64.4598 -0.00451609106765
64.55295 -0.00451609106765
64.6461 -0.00451609106765
64.73925 -0.00451609106765
64.8324 -0.00451609106765
64.92555 -0.00451609106765
65.0187 -0.00451609106765
65.11185 -0.00451609106765
65.205 -0.00451609106765
65.29815 -0.00451609106765
65.3913 -0.00451609106765
65.48445 -0.00451609106765
65.5776 -0.00451609106765
65.67075 -0.00451609106765
65.7639 -0.00451609106765
65.85705 -0.00451609106765
65.9502 -0.00451609106765
66.04335 -0.00451609106765
66.1365 -0.00451609106765
66.22965 -0.00451609106765
66.3228 -0.00451609106765
66.41595 -0.00451609106765
66.5091 -0.00451609106765
66.60225 -0.00451609106765
66.6954 -0.00451609106765
66.78855 -0.00451609106765
66.8817 -0.00451609106765
66.97485 -0.00451609106765
67.068 -0.00451609106765
67.16115 -0.00451609106765
67.2543 -0.00451609106765
67.34745 -0.00451609106765
67.4406 -0.00451609106765
67.53375 -0.00451609106765
67.6269 -0.00451609106765
67.72005 -0.00451609106765
67.8132 -0.00451609106765
67.90635 -0.00451609106765
67.9995 -0.00451609106765
68.09265 -0.00451609106765
68.1858 -0.00451609106765
68.27895 -0.00451609106765
68.3721 -0.00451609106765
68.46525 -0.00451609106765
68.5584 -0.00451609106765
68.65155 -0.00451609106765
68.7447 -0.00451609106765
68.83785 -0.00451609106765
68.931 -0.00451609106765
69.02415 -0.00451609106765
69.1173 -0.00451609106765
69.21045 -0.00451609106765
69.3036 -0.00451609106765
69.39675 -0.00451609106765
69.4899 -0.00451609106765
69.58305 -0.00451609106765
69.6762 -0.00451609106765
69.76935 -0.00451609106765
69.8625 -0.00451609106765
69.95565 -0.00451609106765
70.0488 -0.00451609106765
70.14195 -0.00451609106765
70.2351 -0.00451609106765
70.32825 -0.00451609106765
70.4214 -0.00451609106765
70.51455 -0.00451609106765
70.6077 -0.00451609106765
70.70085 -0.00451609106765
70.794 -0.00451609106765
70.88715 -0.00451609106765
70.9803 -0.00451609106765
71.07345 -0.00451609106765
71.1666 -0.00451609106765
71.25975 -0.00451609106765
71.3529 -0.00451609106765
71.44605 -0.00451609106765
71.5392 -0.00451609106765
71.63235 -0.00451609106765
71.7255 -0.00451609106765
71.81865 -0.00451609106765
71.9118 -0.00451609106765
72.00495 -0.00451609106765
72.0981 -0.00451609106765
72.19125 -0.00451609106765
72.2844 -0.00451609106765
72.37755 -0.00451609106765
72.4707 -0.00451609106765
72.56385 -0.00451609106765
72.657 -0.00451609106765
72.75015 -0.00451609106765
72.8433 -0.00451609106765
72.93645 -0.00451609106765
73.0296 -0.00451609106765
73.12275 -0.00451609106765
73.2159 -0.00451609106765
73.30905 -0.00451609106765
73.4022 -0.00451609106765
73.49535 -0.00451609106765
73.5885 -0.00451609106765
73.68165 -0.00451609106765
73.7748 -0.00451609106765
73.86795 -0.00451609106765
73.9611 -0.00451609106765
74.05425 -0.00451609106765
74.1474 -0.00451609106765
74.24055 -0.00451609106765
74.3337 -0.00451609106765
74.42685 -0.00451609106765
74.52 -0.00451609106765
74.61315 -0.00451609106765
74.7063 -0.00451609106765
74.79945 -0.00451609106765
74.8926 -0.00451609106765
74.98575 -0.00451609106765
75.0789 -0.00451609106765
75.17205 -0.00451609106765
75.2652 -0.00451609106765
75.35835 -0.00451609106765
75.4515 -0.00451609106765
75.54465 -0.00451609106765
75.6378 -0.00451609106765
75.73095 -0.00451609106765
75.8241 -0.00451609106765
75.91725 -0.00451609106765
76.0104 -0.00451609106765
76.10355 -0.00451609106765
76.1967 -0.00451609106765
76.28985 -0.00451609106765
76.383 -0.00451609106765
76.47615 -0.00451609106765
76.5693 -0.00451609106765
76.66245 -0.00451609106765
76.7556 -0.00451609106765
76.84875 -0.00451609106765
76.9419 -0.00451609106765
77.03505 -0.00451609106765
77.1282 -0.00451609106765
77.22135 -0.00451609106765
77.3145 -0.00451609106765
77.40765 -0.00451609106765
77.5008 -0.00451609106765
77.59395 -0.00451609106765
77.6871 -0.00451609106765
77.78025 -0.00451609106765
77.8734 -0.00451609106765
77.96655 -0.00451609106765
78.0597 -0.00451609106765
78.15285 -0.00451609106765
78.246 -0.00451609106765
78.33915 -0.00451609106765
78.4323 -0.00451609106765
78.52545 -0.00451609106765
78.6186 -0.00451609106765
78.71175 -0.00451609106765
78.8049 -0.00451609106765
78.89805 -0.00451609106765
78.9912 -0.00451609106765
79.08435 -0.00451609106765
79.1775 -0.00451609106765
79.27065 -0.00451609106765
79.3638 -0.00451609106765
79.45695 -0.00451609106765
79.5501 -0.00451609106765
79.64325 -0.00451609106765
79.7364 -0.00451609106765
79.82955 -0.00451609106765
79.9227 -0.00451609106765
80.01585 -0.00451609106765
80.109 -0.00451609106765
80.20215 -0.00451609106765
80.2953 -0.00451609106765
80.38845 -0.00451609106765
80.4816 -0.00451609106765
80.57475 -0.00451609106765
80.6679 -0.00451609106765
80.76105 -0.00451609106765
80.8542 -0.00451609106765
80.94735 -0.00451609106765
81.0405 -0.00451609106765
81.13365 -0.00451609106765
81.2268 -0.00451609106765
81.31995 -0.00451609106765
81.4131 -0.00451609106765
81.50625 -0.00451609106765
81.5994 -0.00451609106765
81.69255 -0.00451609106765
81.7857 -0.00451609106765
81.87885 -0.00451609106765
81.972 -0.00451609106765
82.06515 -0.00451609106765
82.1583 -0.00451609106765
82.25145 -0.00451609106765
82.3446 -0.00451609106765
82.43775 -0.00451609106765
82.5309 -0.00451609106765
82.62405 -0.00451609106765
82.7172 -0.00451609106765
82.81035 -0.00451609106765
82.9035 -0.00451609106765
82.99665 -0.00451609106765
83.0898 -0.00451609106765
83.18295 -0.00451609106765
83.2761 -0.00451609106765
83.36925 -0.00451609106765
83.4624 -0.00451609106765
83.55555 -0.00451609106765
83.6487 -0.00451609106765
83.74185 -0.00451609106765
83.835 -0.00451609106765
83.92815 -0.00451609106765
84.0213 -0.00451609106765
84.11445 -0.00451609106765
84.2076 -0.00451609106765
84.30075 -0.00451609106765
84.3939 -0.00451609106765
84.48705 -0.00451609106765
84.5802 -0.00451609106765
84.67335 -0.00451609106765
84.7665 -0.00451609106765
84.85965 -0.00451609106765
84.9528 -0.00451609106765
85.04595 -0.00451609106765
85.1391 -0.00451609106765
85.23225 -0.00451609106765
85.3254 -0.00451609106765
85.41855 -0.00451609106765
85.5117 -0.00451609106765
85.60485 -0.00451609106765
85.698 -0.00451609106765
85.79115 -0.00451609106765
85.8843 -0.00451609106765
85.97745 -0.00451609106765
86.0706 -0.00451609106765
86.16375 -0.00451609106765
86.2569 -0.00451609106765
86.35005 -0.00451609106765
86.4432 -0.00451609106765
86.53635 -0.00451609106765
86.6295 -0.00451609106765
86.72265 -0.00451609106765
86.8158 -0.00451609106765
86.90895 -0.00451609106765
87.0021 -0.00451609106765
87.09525 -0.00451609106765
87.1884 -0.00451609106765
87.28155 -0.00451609106765
87.3747 -0.00451609106765
87.46785 -0.00451609106765
87.561 -0.00451609106765
87.65415 -0.00451609106765
87.7473 -0.00451609106765
87.84045 -0.00451609106765
87.9336 -0.00451609106765
88.02675 -0.00451609106765
88.1199 -0.00451609106765
88.21305 -0.00451609106765
88.3062 -0.00451609106765
88.39935 -0.00451609106765
88.4925 -0.00451609106765
88.58565 -0.00451609106765
88.6788 -0.00451609106765
88.77195 -0.00451609106765
88.8651 -0.00451609106765
88.95825 -0.00451609106765
89.0514 -0.00451609106765
89.14455 -0.00451609106765
89.2377 -0.00451609106765
89.33085 -0.00451609106765
89.424 -0.00451609106765
89.51715 -0.00451609106765
89.6103 -0.00451609106765
89.70345 -0.00451609106765
89.7966 -0.00451609106765
89.88975 -0.00451609106765
89.9829 -0.00451609106765
90.07605 -0.00451609106765
90.1692 -0.00451609106765
90.26235 -0.00451609106765
90.3555 -0.00451609106765
90.44865 -0.00451609106765
90.5418 -0.00451609106765
90.63495 -0.00451609106765
90.7281 -0.00451609106765
90.82125 -0.00451609106765
90.9144 -0.00451609106765
91.00755 -0.00451609106765
91.1007 -0.00451609106765
91.19385 -0.00451609106765
91.287 -0.00451609106765
91.38015 -0.00451609106765
91.4733 -0.00451609106765
91.56645 -0.00451609106765
91.6596 -0.00451609106765
91.75275 -0.00451609106765
91.8459 -0.00451609106765
91.93905 -0.00451609106765
92.0322 -0.00451609106765
92.12535 -0.00451609106765
92.2185 -0.00451609106765
92.31165 -0.00451609106765
92.4048 -0.00451609106765
92.49795 -0.00451609106765
92.5911 -0.00451609106765
92.68425 -0.00451609106765
92.7774 -0.00451609106765
92.87055 -0.00451609106765
92.9637 -0.00451609106765
93.05685 -0.00451609106765
93.15 -0.00451609106765
93.24315 -0.00451609106765
93.3363 -0.00451609106765
93.42945 -0.00451609106765
93.5226 -0.00451609106765
93.61575 -0.00451609106765
93.7089 -0.00451609106765
93.80205 -0.00451609106765
93.8952 -0.00451609106765
93.98835 -0.00451609106765
94.0815 -0.00451609106765
94.17465 -0.00451609106765
94.2678 -0.00451609106765
94.36095 -0.00451609106765
94.4541 -0.00451609106765
94.54725 -0.00451609106765
94.6404 -0.00451609106765
94.73355 -0.00451609106765
94.8267 -0.00451609106765
94.91985 -0.00451609106765
95.013 -0.00451609106765
95.10615 -0.00451609106765
95.1993 -0.00451609106765
95.29245 -0.00451609106765
