0.0 -0.00562710864066
0.1 -0.0235251202959
0.2 -0.0546627632563
0.3 -0.0932428984403
0.4 -0.123197768355
0.5 -0.12168815714
0.6 -0.0686021497015
0.7 0.041640660188
0.8 0.192168974487
0.9 0.344976878234
1.0 0.452576182827
1.1 0.475435557444
1.2 0.39692461016
1.3 0.228353589517
1.4 0.00217042855937
1.5 -0.241725018935
1.6 -0.467700650076
1.7 -0.647204199208
1.8 -0.752608780568
1.9 -0.749624601319
2.0 -0.598666255403
2.1 -0.270676411199
2.2 0.227285092045
2.3 0.82990882325
2.4 1.40898886944
2.5 1.7930378352
2.6 1.80750073346
2.7 1.32410282207
2.8 0.305934202238
2.9 -1.16188523288
3.0 -2.86169811573
3.1 -4.45727647142
3.2 -5.5381488798
3.3 -5.69927108478
3.4 -4.6512330474
3.5 -2.33724802923
3.6 0.985545149299
3.7 4.7465999493
3.8 8.16930105772
3.9 10.4685859694
4.0 11.0787479698
4.1 9.82852870575
4.2 6.99327142467
4.3 3.19998840922
4.4 -0.778639640988
4.5 -4.25927049978
4.6 -6.82072555735
4.7 -8.35592054438
4.8 -9.00150094206
4.9 -8.99661156872
5.0 -8.54503818732
5.1 -7.7398862163
5.2 -6.5697387179
5.3 -4.98379789359
5.4 -2.9713186816
5.5 -0.614314816608
5.6 1.90592303607
5.7 4.34357975829
5.8 6.44438015605
5.9 8.00063372074
6.0 8.88897468198
6.1 9.0829280297
6.2 8.64007358143
6.3 7.67040080841
6.4 6.29843995222
6.5 4.63465390785
6.6 2.76806238769
6.7 0.781454288872
6.8 -1.22277945849
6.9 -3.10630590479
7.0 -4.7047732336
7.1 -5.86615901312
7.2 -6.50158188416
7.3 -6.62201036009
7.4 -6.33852909228
7.5 -5.82144614031
7.6 -5.23489708861
7.7 -4.67667894106
7.8 -4.15062017906
7.9 -3.58251952699
8.0 -2.86966498867
8.1 -1.93915379667
8.2 -0.788453895635
8.3 0.507617312231
8.4 1.82265919061
8.5 3.02229883891
8.6 4.00529008321
8.7 4.72596856821
8.8 5.19238643304
8.9 5.44554085027
9.0 5.5319399114
9.1 5.4821007422
9.2 5.30239365264
9.3 4.98015706983
9.4 4.49606052763
9.5 3.83597842104
9.6 2.99742527069
9.7 1.99064650169
9.8 0.838296074882
9.9 -0.422304589045
10.0 -1.73403356014
10.1 -3.01640834481
10.2 -4.17006695472
10.3 -5.09286581193
10.4 -5.70449175713
10.5 -5.97002930098
10.6 -5.91108364723
10.7 -5.59767088431
10.8 -5.12302168011
10.9 -4.57177483081
11.0 -3.99506921497
11.1 -3.40221815542
11.2 -2.77037265372
11.3 -2.06551786602
11.4 -1.2643100671
11.5 -0.367848765904
11.6 0.596292206347
11.7 1.5818031019
11.8 2.5357790115
11.9 3.40966809155
12.0 4.16558210665
12.1 4.77745531197
12.2 5.2288209011
12.3 5.50984771083
12.4 5.61568071619
12.5 5.54656104102
12.6 5.30858060469
12.7 4.91326312718
12.8 4.37500720269
12.9 3.7073673998
13.0 2.92085017608
13.1 2.02487969593
13.2 1.03433441636
13.3 -0.0223217504915
13.4 -1.09853075003
13.5 -2.13313812849
13.6 -3.06227914944
13.7 -3.83501285453
13.8 -4.42520905132
13.9 -4.83361724682
14.0 -5.07921413295
14.1 -5.1848168221
14.2 -5.1649443118
14.3 -5.02216460011
14.4 -4.75283254398
14.5 -4.35758194902
14.6 -3.84955688751
14.7 -3.25536868804
14.8 -2.60856994886
14.9 -1.93988380255
15.0 -1.26989063882
15.1 -0.607835047617
15.2 0.0436829274267
15.3 0.68161195454
15.4 1.29726719436
15.5 1.8757219449
15.6 2.3995911999
15.7 2.85470047832
15.8 3.23442222902
15.9 3.54044182282
16.0 3.77966114181
16.1 3.9588516393
16.2 4.07969938696
16.3 4.13664762677
16.4 4.11857176441
16.5 4.01344398305
16.6 3.81367195814
16.7 3.51952142898
16.8 3.13916298023
16.9 2.68581585044
17.0 2.17404722478
17.1 1.61752260818
17.2 1.0292308192
17.3 0.423285678616
17.4 -0.183820503996
17.5 -0.774269987975
17.6 -1.33228940796
17.7 -1.84793414192
17.8 -2.31869357412
17.9 -2.74742261142
18.0 -3.13732861645
18.1 -3.4866400827
18.2 -3.78591095849
18.3 -4.01946773137
18.4 -4.170215339
18.5 -4.22528558547
18.6 -4.17979377552
18.7 -4.0372304099
18.8 -3.80687237975
18.9 -3.49996648934
19.0 -3.12668563084
19.1 -2.69506859572
19.2 -2.21192525422
19.3 -1.68470088456
19.4 -1.12296588912
19.5 -0.538574816193
19.6 0.0556319745118
19.7 0.647839452007
19.8 1.22874784905
19.9 1.79148409528
20.0 2.32970859345
20.1 2.83479518618
20.2 3.29371507231
20.3 3.68912970557
20.4 4.00213497071
20.5 4.21664018952
20.6 4.32337930462
20.7 4.32168520765
20.8 4.21837656024
20.9 4.02466826785
21.0 3.75294460706
21.1 3.41497075674
21.2 3.02190609349
21.3 2.58518653988
21.4 2.11684505086
21.5 1.62843263206
21.6 1.12891793638
21.7 0.622908918812
21.8 0.110593551407
21.9 -0.410085425955
22.0 -0.939746118785
22.1 -1.47394220092
22.2 -2.00117395926
22.3 -2.50337189778
22.4 -2.95866515531
22.5 -3.34544465799
22.6 -3.64641987362
22.7 -3.85152982996
22.8 -3.95902318493
22.9 -3.97457866128
23.0 -3.90886111239
23.1 -3.77429904055
23.2 -3.58203447626
23.3 -3.33987931972
23.4 -3.05174740071
23.5 -2.7185549058
23.6 -2.34016822497
23.7 -1.91774547568
23.8 -1.4557804211
23.9 -0.963264352271
24.0 -0.453591421208
24.1 0.0568577371537
24.2 0.551127281415
24.3 1.01439253151
24.4 1.43609016494
24.5 1.81078140671
24.6 2.13756414484
24.7 2.41844184837
24.8 2.65640901981
24.9 2.85394012992
25.0 3.01217018156
25.1 3.13064321057
25.2 3.20736555415
25.3 3.23906600619
25.4 3.22179578479
25.5 3.15200094245
25.6 3.02788899807
25.7 2.85052625197
25.8 2.62401606154
25.9 2.35450987428
26.0 2.04849559292
26.1 1.71131674154
26.2 1.34679867203
26.3 0.958192024339
26.4 0.549820037936
26.5 0.128397443217
26.6 -0.29674767557
26.7 -0.714585324919
26.8 -1.11380350787
26.9 -1.48397593805
27.0 -1.81613675305
27.1 -2.10300033361
27.2 -2.33930759067
27.3 -2.5224927036
27.4 -2.65330474998
27.5 -2.73569033213
27.6 -2.77548992627
27.7 -2.77822205607
27.8 -2.74693655679
27.9 -2.6812854283
28.0 -2.57840895531
28.1 -2.43527099045
28.2 -2.25128512961
28.3 -2.02992851839
28.4 -1.7786088551
28.5 -1.50697159061
28.6 -1.22456967736
28.7 -0.938986273124
28.8 -0.655082324215
28.9 -0.375347523349
29.0 -0.10079077848
29.1 0.168298263625
29.2 0.432052030168
29.3 0.691019613719
29.4 0.945956145496
29.5 1.19700709369
29.6 1.44237286774
29.7 1.67710718659
29.8 1.89294383436
29.9 2.07970454838
30.0 2.22801354281
30.1 2.33203774913
30.2 2.39119596158
30.3 2.40963681755
30.4 2.3933177609
30.5 2.34649099802
30.6 2.26933411737
30.7 2.1580400624
30.8 2.00736513212
30.9 1.81430678667
31.0 1.58101196956
31.1 1.31550300246
31.2 1.03001470974
31.3 0.737927967097
31.4 0.450806951477
31.5 0.176713974624
31.6 -0.079880950369
31.7 -0.31709092957
31.8 -0.534346720218
31.9 -0.731547165227
32.0 -0.908853828068
32.1 -1.06695285455
32.2 -1.20741199349
32.3 -1.3327702205
32.4 -1.44613018135
32.5 -1.5502269432
32.6 -1.64620057752
32.7 -1.73254470329
32.8 -1.8047986734
32.9 -1.85635452049
33.0 -1.88026179351
33.1 -1.87135735399
33.2 -1.82777154093
33.3 -1.7511035327
33.4 -1.64523877467
33.5 -1.5145120707
33.6 -1.36224492356
33.7 -1.19039517906
33.8 -1.00034362299
33.9 -0.794173130524
34.0 -0.575589170395
34.1 -0.349971042216
34.2 -0.123645846454
34.3 0.0970877241402
34.4 0.306652875124
34.5 0.500424329401
34.6 0.674707002251
34.7 0.826811734363
34.8 0.955384059
34.9 1.06081119613
35.0 1.14533875297
35.1 1.21262134885
35.2 1.26673803076
35.3 1.3110068951
35.4 1.34704167355
35.5 1.37436410053
35.6 1.39062779606
35.7 1.39228095102
35.8 1.37539789098
35.9 1.33644698604
36.0 1.27287155894
36.1 1.18346984806
36.2 1.06862446547
36.3 0.930435843405
36.4 0.772766002767
36.5 0.601129929474
36.6 0.422333512772
36.7 0.243797571651
36.8 0.0726317284684
36.9 -0.0853310399648
37.0 -0.226256323498
37.1 -0.348571228393
37.2 -0.452732261071
37.3 -0.540643956398
37.4 -0.614948048918
37.5 -0.678346138908
37.6 -0.733013623708
37.7 -0.780121829618
37.8 -0.819544721356
37.9 -0.849903832694
38.0 -0.869069233605
38.1 -0.875034883292
38.2 -0.86682767747
38.3 -0.844991743204
38.4 -0.811353180294
38.5 -0.768162110612
38.6 -0.717090645773
38.7 -0.658674015921
38.8 -0.592524000037
38.9 -0.51817459804
39.0 -0.436042514219
39.1 -0.347938905653
39.2 -0.256866481968
39.3 -0.166265124942
39.4 -0.0791514235265
39.5 0.00241967872814
39.6 0.0774005138495
39.7 0.145429741673
39.8 0.20641996461
39.9 0.260278539943
40.0 0.306825286645
40.1 0.345836067062
40.2 0.377110721036
40.3 0.400517481566
40.4 0.416027921894
40.5 0.423768987006
40.6 0.424084030792
40.7 0.417559021032
40.8 0.404973995022
40.9 0.387183811496
41.0 0.364980813796
41.1 0.339007379337
41.2 0.309758335034
41.3 0.277663088391
41.4 0.243197605117
41.5 0.206967439373
41.6 0.169723821172
41.7 0.1323096592
41.8 0.0955635354086
41.9 0.0602255579934
42.0 0.0268847954992
42.1 -0.00401394799004
42.2 -0.0321170425309
42.3 -0.0571005277685
42.4 -0.0786426582687
42.5 -0.0964525904131
42.6 -0.110342659957
42.7 -0.120303831142
42.8 -0.126540508106
42.9 -0.129443711063
43.0 -0.129515027626
43.1 -0.127276262295
43.2 -0.123199285997
43.3 -0.117671968245
43.4 -0.110995055051
43.5 -0.103395185401
43.6 -0.0950430627522
43.7 -0.0860745964011
43.8 -0.0766165477029
43.9 -0.0668139842103
44.0 -0.0568502051008
44.1 -0.0469485965041
44.2 -0.0373529500447
44.3 -0.0282937392561
44.4 -0.019955046645
44.5 -0.0124555432783
44.6 -0.00584858102556
44.7 -0.000136909563373
44.8 0.0047076189348
44.9 0.00872798471914
45.0 0.0119733188826
45.1 0.0144964183003
45.2 0.016353918849
45.3 0.0176061342551
45.4 0.0183156361202
45.5 0.018545482509
45.6 0.018358481136
45.7 0.0178179371765
45.8 0.0169888490117
45.9 0.015937704933
46.0 0.014729675164
46.1 0.013423790793
46.2 0.0120683943942
46.3 0.0106994089392
46.4 0.00934245883174
46.5 0.00801757019472
46.6 0.00674368080597
46.7 0.00554052354571
46.8 0.00442729884719
46.9 0.00341956808525
47.0 0.00252664088074
47.1 0.00175101957888
47.2 0.00108992970176
47.3 0.000537752261708
47.4 8.79770710144e-05
47.5 -0.000266024775899
47.6 -0.000531234337204
47.7 -0.000715579032658
47.8 -0.000828315481322
47.9 -0.000879977152215
48.0 -0.000881952304344
48.1 -0.000845853064094
48.2 -0.000782812159633
48.3 -0.000702820162596
48.4 -0.000614224892028
48.5 -0.000523503180369
48.6 -0.000435339111685
48.7 -0.000352929665104
48.8 -0.000278363333853
48.9 -0.000212929552931
49.0 -0.000157298850512
49.1 -0.000111602014503
49.2 -7.54775338966e-05
49.3 -4.81419415168e-05
49.4 -2.84970094053e-05
49.5 -1.52558292096e-05
49.6 -7.06200342812e-06
49.7 -2.5864978488e-06
49.8 -6.0067291289e-07
49.9 -3.1093975799e-08
50.0 0.0
50.1 0.0
50.2 0.0
50.3 0.0
50.4 0.0
50.5 0.0
50.6 0.0
50.7 0.0
50.8 0.0
50.9 0.0
51.0 0.0
51.1 0.0
51.2 0.0
51.3 0.0
51.4 0.0
51.5 0.0
51.6 0.0
51.7 0.0
51.8 0.0
51.9 0.0
52.0 0.0
52.1 0.0
52.2 0.0
52.3 0.0
52.4 0.0
52.5 0.0
52.6 0.0
52.7 0.0
52.8 0.0
52.9 0.0
53.0 0.0
53.1 0.0
53.2 0.0
53.3 0.0
53.4 0.0
53.5 0.0
53.6 0.0
53.7 0.0
53.8 0.0
53.9 0.0
54.0 0.0
54.1 0.0
54.2 0.0
54.3 0.0
54.4 0.0
54.5 0.0
54.6 0.0
54.7 0.0
54.8 0.0
54.9 0.0
55.0 0.0
55.1 0.0
55.2 0.0
55.3 0.0
55.4 0.0
55.5 0.0
55.6 0.0
55.7 0.0
55.8 0.0
55.9 0.0
56.0 0.0
56.1 0.0
56.2 0.0
56.3 0.0
56.4 0.0
56.5 0.0
56.6 0.0
56.7 0.0
56.8 0.0
56.9 0.0
57.0 0.0
57.1 0.0
57.2 0.0
57.3 0.0
57.4 0.0
57.5 0.0
57.6 0.0
57.7 0.0
57.8 0.0
57.9 0.0
58.0 0.0
58.1 0.0
58.2 0.0
58.3 0.0
58.4 0.0
58.5 0.0
58.6 0.0
58.7 0.0
58.8 0.0
58.9 0.0
59.0 0.0
59.1 0.0
59.2 0.0
59.3 0.0
59.4 0.0
59.5 0.0
59.6 0.0
59.7 0.0
59.8 0.0
59.9 0.0
60.0 0.0
60.1 0.0
60.2 0.0
60.3 0.0
60.4 0.0
60.5 0.0
60.6 0.0
60.7 0.0
60.8 0.0
60.9 0.0
61.0 0.0
61.1 0.0
61.2 0.0
61.3 0.0
61.4 0.0
61.5 0.0
61.6 0.0
61.7 0.0
61.8 0.0
61.9 0.0
62.0 0.0
62.1 0.0
62.2 0.0
62.3 0.0
62.4 0.0
62.5 0.0
62.6 0.0
62.7 0.0
62.8 0.0
62.9 0.0
63.0 0.0
63.1 0.0
63.2 0.0
63.3 0.0
63.4 0.0
63.5 0.0
63.6 0.0
63.7 0.0
63.8 0.0
63.9 0.0
64.0 0.0
64.1 0.0
64.2 0.0
64.3 0.0
64.4 0.0
64.5 0.0
64.6 0.0
64.7 0.0
64.8 0.0
64.9 0.0
65.0 0.0
65.1 0.0
65.2 0.0
65.3 0.0
65.4 0.0
65.5 0.0
65.6 0.0
65.7 0.0
65.8 0.0
65.9 0.0
66.0 0.0
66.1 0.0
66.2 0.0
66.3 0.0
66.4 0.0
66.5 0.0
66.6 0.0
66.7 0.0
66.8 0.0
66.9 0.0
67.0 0.0
67.1 0.0
67.2 0.0
67.3 0.0
67.4 0.0
67.5 0.0
67.6 0.0
67.7 0.0
67.8 0.0
67.9 0.0
68.0 0.0
68.1 0.0
68.2 0.0
68.3 0.0
68.4 0.0
68.5 0.0
68.6 0.0
68.7 0.0
68.8 0.0
68.9 0.0
69.0 0.0
69.1 0.0
69.2 0.0
69.3 0.0
69.4 0.0
69.5 0.0
69.6 0.0
69.7 0.0
69.8 0.0
69.9 0.0
70.0 0.0
70.1 0.0
70.2 0.0
70.3 0.0
70.4 0.0
70.5 0.0
70.6 0.0
70.7 0.0
70.8 0.0
70.9 0.0
71.0 0.0
71.1 0.0
71.2 0.0
71.3 0.0
71.4 0.0
71.5 0.0
71.6 0.0
71.7 0.0
71.8 0.0
71.9 0.0
72.0 0.0
72.1 0.0
72.2 0.0
72.3 0.0
72.4 0.0
72.5 0.0
72.6 0.0
72.7 0.0
72.8 0.0
72.9 0.0
73.0 0.0
73.1 0.0
73.2 0.0
73.3 0.0
73.4 0.0
73.5 0.0
73.6 0.0
73.7 0.0
73.8 0.0
73.9 0.0
74.0 0.0
74.1 0.0
74.2 0.0
74.3 0.0
74.4 0.0
74.5 0.0
74.6 0.0
74.7 0.0
74.8 0.0
74.9 0.0
75.0 0.0
75.1 0.0
75.2 0.0
75.3 0.0
75.4 0.0
75.5 0.0
75.6 0.0
75.7 0.0
75.8 0.0
75.9 0.0
76.0 0.0
76.1 0.0
76.2 0.0
76.3 0.0
76.4 0.0
76.5 0.0
76.6 0.0
76.7 0.0
76.8 0.0
76.9 0.0
77.0 0.0
77.1 0.0
77.2 0.0
77.3 0.0
77.4 0.0
77.5 0.0
77.6 0.0
77.7 0.0
77.8 0.0
77.9 0.0
78.0 0.0
78.1 0.0
78.2 0.0
78.3 0.0
78.4 0.0
78.5 0.0
78.6 0.0
78.7 0.0
78.8 0.0
78.9 0.0
79.0 0.0
79.1 0.0
79.2 0.0
79.3 0.0
79.4 0.0
79.5 0.0
79.6 0.0
79.7 0.0
79.8 0.0
79.9 0.0
80.0 0.0
80.1 0.0
80.2 0.0
80.3 0.0
80.4 0.0
80.5 0.0
80.6 0.0
80.7 0.0
80.8 0.0
80.9 0.0
81.0 0.0
81.1 0.0
81.2 0.0
81.3 0.0
81.4 0.0
81.5 0.0
81.6 0.0
81.7 0.0
81.8 0.0
81.9 0.0
82.0 0.0
82.1 0.0
82.2 0.0
82.3 0.0
82.4 0.0
82.5 0.0
82.6 0.0
82.7 0.0
82.8 0.0
82.9 0.0
83.0 0.0
83.1 0.0
83.2 0.0
83.3 0.0
83.4 0.0
83.5 0.0
83.6 0.0
83.7 0.0
83.8 0.0
83.9 0.0
84.0 0.0
84.1 0.0
84.2 0.0
84.3 0.0
84.4 0.0
84.5 0.0
84.6 0.0
84.7 0.0
84.8 0.0
84.9 0.0
85.0 0.0
85.1 0.0
85.2 0.0
85.3 0.0
85.4 0.0
85.5 0.0
85.6 0.0
85.7 0.0
85.8 0.0
85.9 0.0
86.0 0.0
86.1 0.0
86.2 0.0
86.3 0.0
86.4 0.0
86.5 0.0
86.6 0.0
86.7 0.0
86.8 0.0
86.9 0.0
87.0 0.0
87.1 0.0
87.2 0.0
87.3 0.0
87.4 0.0
87.5 0.0
87.6 0.0
87.7 0.0
87.8 0.0
87.9 0.0
88.0 0.0
88.1 0.0
88.2 0.0
88.3 0.0
88.4 0.0
88.5 0.0
88.6 0.0
88.7 0.0
88.8 0.0
88.9 0.0
89.0 0.0
89.1 0.0
89.2 0.0
89.3 0.0
89.4 0.0
89.5 0.0
89.6 0.0
89.7 0.0
89.8 0.0
89.9 0.0
90.0 0.0
90.1 0.0
90.2 0.0
90.3 0.0
90.4 0.0
90.5 0.0
90.6 0.0
90.7 0.0
90.8 0.0
90.9 0.0
91.0 0.0
91.1 0.0
91.2 0.0
91.3 0.0
91.4 0.0
91.5 0.0
91.6 0.0
91.7 0.0
91.8 0.0
91.9 0.0
92.0 0.0
92.1 0.0
92.2 0.0
92.3 0.0
92.4 0.0
92.5 0.0
92.6 0.0
92.7 0.0
92.8 0.0
92.9 0.0
93.0 0.0
93.1 0.0
93.2 0.0
93.3 0.0
93.4 0.0
93.5 0.0
93.6 0.0
93.7 0.0
93.8 0.0
93.9 0.0
94.0 0.0
94.1 0.0
94.2 0.0
94.3 0.0
94.4 0.0
94.5 0.0
94.6 0.0
94.7 0.0
94.8 0.0
94.9 0.0
95.0 0.0
95.1 0.0
95.2 0.0
95.3 0.0
95.4 0.0
95.5 0.0
95.6 0.0
95.7 0.0
95.8 0.0
95.9 0.0
96.0 0.0
96.1 0.0
96.2 0.0
96.3 0.0
96.4 0.0
96.5 0.0
96.6 0.0
96.7 0.0
96.8 0.0
96.9 0.0
97.0 0.0
97.1 0.0
97.2 0.0
97.3 0.0
97.4 0.0
97.5 0.0
97.6 0.0
97.7 0.0
97.8 0.0
97.9 0.0
98.0 0.0
98.1 0.0
98.2 0.0
98.3 0.0
98.4 0.0
98.5 0.0
98.6 0.0
98.7 0.0
98.8 0.0
98.9 0.0
99.0 0.0
99.1 0.0
99.2 0.0
99.3 0.0
99.4 0.0
99.5 0.0
99.6 0.0
99.7 0.0
99.8 0.0
99.9 0.0
100.0 0.0
100.1 0.0
100.2 0.0
100.3 0.0
100.4 0.0
100.5 0.0
100.6 0.0
100.7 0.0
100.8 0.0
100.9 0.0
101.0 0.0
101.1 0.0
101.2 0.0
101.3 0.0
101.4 0.0
101.5 0.0
101.6 0.0
101.7 0.0
101.8 0.0
101.9 0.0
102.0 0.0
102.1 0.0
102.2 0.0
102.3 0.0
