0.0 -0.00279789575775
0.1 -0.019127250155
0.2 -0.0450190639353
0.3 -0.072213235714
0.4 -0.0835388472491
0.5 -0.0581405029727
0.6 0.0182333005963
0.7 0.142389008046
0.8 0.288450375503
0.9 0.412593833395
1.0 0.467387396198
1.1 0.41997443955
1.2 0.265452065614
1.3 0.0286533902919
1.4 -0.24631052872
1.5 -0.512393806145
1.6 -0.732079988398
1.7 -0.878991715943
1.8 -0.929515622739
1.9 -0.853501078817
2.0 -0.615715810563
2.1 -0.193664605357
2.2 0.39440753824
2.3 1.06697228552
2.4 1.67800317792
2.5 2.04361879382
2.6 1.99008351642
2.7 1.40731196908
2.8 0.290869163312
2.9 -1.23806466974
3.0 -2.93666112175
3.1 -4.46606537065
3.2 -5.43854825307
3.3 -5.48908099904
3.4 -4.3697163859
3.5 -2.0500703733
3.6 1.21109848922
3.7 4.86512118511
3.8 8.16955646778
3.9 10.3705818065
4.0 10.9192294045
4.1 9.64401277758
4.2 6.80992365257
4.3 3.03458692082
4.4 -0.909669091129
4.5 -4.33081817693
4.6 -6.797893508
4.7 -8.20375131608
4.8 -8.70177334811
4.9 -8.56365047417
5.0 -8.03278581544
5.1 -7.23661728367
5.2 -6.18195201611
5.3 -4.81421722351
5.4 -3.09661554262
5.5 -1.06711972414
5.6 1.14730892906
5.7 3.35501490327
5.8 5.34351148877
5.9 6.92320613278
6.0 7.95892848069
6.1 8.385265102
6.2 8.20615037394
6.3 7.48118746515
6.4 6.30363098478
6.5 4.7781916114
6.6 3.00791142792
6.7 1.09524331822
6.8 -0.846296854243
6.9 -2.68193907321
7.0 -4.2606574455
7.1 -5.44125504884
7.2 -6.13166636234
7.3 -6.32231591268
7.4 -6.09342842107
7.5 -5.58749058237
7.6 -4.95589151488
7.7 -4.30308742274
7.8 -3.6541602819
7.9 -2.96070463265
8.0 -2.14135907566
8.1 -1.13677130626
8.2 0.0473470536213
8.3 1.32859378156
8.4 2.57150688731
8.5 3.63389284572
8.6 4.41401794396
8.7 4.87836737102
8.8 5.06026203564
8.9 5.03343184491
9.0 4.87497764528
9.1 4.63469200129
9.2 4.32227467917
9.3 3.91416917554
9.4 3.37284228197
9.5 2.66754971371
9.6 1.78804705077
9.7 0.748892526504
9.8 -0.412334887394
9.9 -1.63786958837
10.0 -2.85138892342
10.1 -3.96077851851
10.2 -4.86680560215
10.3 -5.48027456799
10.4 -5.74437129066
10.5 -5.65328978373
10.6 -5.25715868415
10.7 -4.64836817595
10.8 -3.93324642388
10.9 -3.20057092241
11.0 -2.50008808824
11.1 -1.83900538052
11.2 -1.19539807368
11.3 -0.539796803827
11.4 0.146128038838
11.5 0.8613238098
11.6 1.58840420636
11.7 2.30304063638
11.8 2.98271233656
11.9 3.60990098569
12.0 4.16911341277
12.1 4.64099050944
12.2 4.99829668068
12.3 5.20734229897
12.4 5.235262786
12.5 5.06018237215
12.6 4.67931171984
12.7 4.11058105307
12.8 3.38648217365
12.9 2.54301443946
13.0 1.60971840022
13.1 0.606695373726
13.2 -0.449205586763
13.3 -1.53243722979
13.4 -2.59863720545
13.5 -3.58388289142
13.6 -4.41605261529
13.7 -5.03400001256
13.8 -5.40519889333
13.9 -5.53272107413
14.0 -5.44801613623
14.1 -5.19373178973
14.2 -4.80608796711
14.3 -4.3059614683
14.4 -3.70221608696
14.5 -3.0034952374
14.6 -2.23011620841
14.7 -1.41838003447
14.8 -0.6147112025
14.9 0.136825774195
15.0 0.806583380965
15.1 1.38475228145
15.2 1.87811190536
15.3 2.30082083858
15.4 2.66460414739
15.5 2.97315191718
15.6 3.22261054131
15.7 3.40662528228
15.8 3.52227950938
15.9 3.5733096336
16.0 3.56883888098
16.1 3.51846228728
16.2 3.42652587642
16.3 3.28892267183
16.4 3.09445083177
16.5 2.83036142988
16.6 2.48940001255
16.7 2.07470065243
16.8 1.59994675265
16.9 1.08478102757
17.0 0.548095484964
17.1 0.00298247170581
17.2 -0.54395624837
17.3 -1.0889325766
17.4 -1.62555381846
17.5 -2.14124053188
17.6 -2.61776907402
17.7 -3.03557952674
17.8 -3.37919952372
17.9 -3.6406144375
18.0 -3.81887332445
18.1 -3.91660065815
18.2 -3.93583305865
18.3 -3.87570351666
18.4 -3.73307053267
18.5 -3.50528990776
18.6 -3.19317085974
18.7 -2.80234845614
18.8 -2.34253930352
18.9 -1.82553266035
19.0 -1.26344201161
19.1 -0.668377112336
19.2 -0.0536162371998
19.3 0.564736126297
19.4 1.16707916032
19.5 1.73166671873
19.6 2.23790912169
19.7 2.67037932126
19.8 3.0216819408
19.9 3.29270967571
20.0 3.49002050044
20.1 3.62151789794
20.2 3.69250655622
20.3 3.70398378497
20.4 3.65377984698
20.5 3.53957298294
20.6 3.36181179469
20.7 3.12477599054
20.8 2.83526112624
20.9 2.4998869914
21.0 2.12285502116
21.1 1.70563365421
21.2 1.24881066383
21.3 0.755042725095
21.4 0.231457297331
21.5 -0.309713015623
21.6 -0.852440259185
21.7 -1.37937284939
21.8 -1.87433801496
21.9 -2.32405007451
22.0 -2.71879807289
22.1 -3.05233887198
22.2 -3.32132826873
22.3 -3.52449144069
22.4 -3.66161069376
22.5 -3.73244453599
22.6 -3.73584327035
22.7 -3.66942941257
22.8 -3.53013569481
22.9 -3.31563082582
23.0 -3.02630806281
23.1 -2.66719256356
23.2 -2.24896315267
23.3 -1.7873958548
23.4 -1.30099591558
23.5 -0.807339265326
23.6 -0.319422643486
23.7 0.15632296107
23.8 0.619152928139
23.9 1.07032082805
24.0 1.50816607497
24.1 1.92448470411
24.2 2.3043234124
24.3 2.62969228389
24.4 2.88559238689
24.5 3.06540136881
24.6 3.17288993514
24.7 3.21986853377
24.8 3.22070119869
24.9 3.18639961186
25.0 3.12095858834
25.1 3.02119490542
25.2 2.87954093509
25.3 2.68805984396
25.4 2.44188445046
25.5 2.14108315979
25.6 1.79093226203
25.7 1.40113234735
25.8 0.984510731681
25.9 0.555479681142
26.0 0.128339552895
26.1 -0.2844246779
26.2 -0.673535381947
26.3 -1.03362976879
26.4 -1.36306732548
26.5 -1.66289593051
26.6 -1.93525874305
26.7 -2.1816177922
26.8 -2.40118685008
26.9 -2.58998361021
27.0 -2.74090491478
27.1 -2.84506884195
27.2 -2.89426224632
27.3 -2.88378607223
27.4 -2.81460708703
27.5 -2.69381420553
27.6 -2.53300649375
27.7 -2.34512920282
27.8 -2.14095159656
27.9 -1.92648608839
28.0 -1.70216649115
28.1 -1.46384831738
28.2 -1.20507335228
28.3 -0.919787066463
28.4 -0.604772318607
28.5 -0.261275498149
28.6 0.104489772546
28.7 0.482065924974
28.8 0.858521726213
28.9 1.22074668846
29.0 1.55751233321
29.1 1.86062131926
29.2 2.12489926942
29.3 2.34735726897
29.4 2.52620755944
29.5 2.66031351123
29.6 2.74917939127
29.7 2.79309790688
29.8 2.79295145062
29.9 2.74950720563
30.0 2.66259286491
30.1 2.53069550345
30.2 2.35199029103
30.3 2.12626664276
30.4 1.85667037134
30.5 1.55072803729
30.6 1.21980183181
30.7 0.87703758294
30.8 0.534594080039
30.9 0.201279305368
31.0 -0.118462726983
31.1 -0.423845820383
31.2 -0.715648565985
31.3 -0.993624179224
31.4 -1.25452309466
31.5 -1.4916319562
31.6 -1.69613786408
31.7 -1.8598368764
31.8 -1.97805062824
31.9 -2.05143781787
32.0 -2.08584529932
32.1 -2.09025920679
32.2 -2.07382111643
32.3 -2.04326367223
32.4 -2.00177623687
32.5 -1.94946029885
32.6 -1.88470996415
32.7 -1.80554152979
32.8 -1.71021598686
32.9 -1.59714309936
33.0 -1.46454259709
33.1 -1.31036685942
33.2 -1.1326400796
33.3 -0.929994606982
33.4 -0.702102119048
33.5 -0.44992724078
33.6 -0.176004351851
33.7 0.115054579537
33.8 0.415934865726
33.9 0.716380183765
34.0 1.00392108787
34.1 1.2657403499
34.2 1.49114809851
34.3 1.67362790878
34.4 1.8114847642
34.5 1.90679937087
34.6 1.96328016898
34.7 1.98415948954
34.8 1.97116988261
34.9 1.92495143618
35.0 1.84641732543
35.1 1.73812727217
35.2 1.60481895803
35.3 1.45279697584
35.4 1.28851565628
35.5 1.11706717026
35.6 0.941255856261
35.7 0.761598193381
35.8 0.57716035195
35.9 0.386838999742
36.0 0.190601257444
36.1 -0.00969776383408
36.2 -0.210099823874
36.3 -0.404911537601
36.4 -0.587505697275
36.5 -0.751357787806
36.6 -0.891120827216
36.7 -1.00354528542
36.8 -1.08803756606
36.9 -1.14665455004
37.0 -1.1834197135
37.1 -1.20305342543
37.2 -1.20947865016
37.3 -1.20464603405
37.4 -1.18816877206
37.5 -1.15793384123
37.6 -1.11140364761
37.7 -1.04699301044
37.8 -0.964903590319
37.9 -0.867129835555
38.0 -0.756812852788
38.1 -0.637425955843
38.2 -0.512254147011
38.3 -0.384330717431
38.4 -0.256646755963
38.5 -0.132291124683
38.6 -0.0142909557761
38.7 0.0948090656275
38.8 0.193375544855
38.9 0.280853751093
39.0 0.357572912173
39.1 0.424304031208
39.2 0.48179766917
39.3 0.53048720821
39.4 0.570408810625
39.5 0.601272441678
39.6 0.622587838965
39.7 0.633793505869
39.8 0.63439246334
39.9 0.624112334316
40.0 0.603075768967
40.1 0.571928095385
40.2 0.531862270833
40.3 0.484515861099
40.4 0.431767494576
40.5 0.375498411561
40.6 0.317390773825
40.7 0.25881238916
40.8 0.200803010699
40.9 0.144144506918
41.0 0.0894740020499
41.1 0.0373902625636
41.2 -0.0114875859656
41.3 -0.0565249405485
41.4 -0.0971250922633
41.5 -0.132794985477
41.6 -0.163188181257
41.7 -0.18811066462
41.8 -0.207500343359
41.9 -0.221403176867
42.0 -0.229961838896
42.1 -0.233415991247
42.2 -0.232102263905
42.3 -0.226445106621
42.4 -0.216941275211
42.5 -0.204147870258
42.6 -0.188678722315
42.7 -0.171201105589
42.8 -0.152416912351
42.9 -0.133018560327
43.0 -0.11362706847
43.1 -0.0947351617985
43.2 -0.0766799136871
43.3 -0.0596556057214
43.4 -0.0437577049382
43.5 -0.0290359999656
43.6 -0.0155356639531
43.7 -0.00331610471734
43.8 0.00755006922973
43.9 0.016989147098
44.0 0.0249413574914
44.1 0.0313747724201
44.2 0.0362968938482
44.3 0.039762903462
44.4 0.0418784423928
44.5 0.0427946613712
44.6 0.0426950245542
44.7 0.0417760820096
44.8 0.0402266189704
44.9 0.038210248968
45.0 0.0358554968075
45.1 0.0332551107936
45.2 0.0304734433704
45.3 0.027558226502
45.4 0.0245520278921
45.5 0.0214996869191
45.6 0.0184505709618
45.7 0.0154570589035
45.8 0.0125717508226
45.9 0.00984513688953
46.0 0.00732381309375
46.1 0.00504829146783
46.2 0.00304979182621
46.3 0.00134664664468
46.4 -5.80892302146e-05
46.5 -0.0011764108602
46.6 -0.00203229196644
46.7 -0.00265685590588
46.8 -0.00308345382624
46.9 -0.00334395946677
47.0 -0.00346675051167
47.1 -0.00347613831543
47.2 -0.0033927341437
47.3 -0.00323429602931
47.4 -0.00301672441305
47.5 -0.00275493088986
47.6 -0.00246334322137
47.7 -0.00215592589769
47.8 -0.00184578237197
47.9 -0.00154455640124
48.0 -0.0012618744491
48.1 -0.00100498056062
48.2 -0.000778600805386
48.3 -0.000585014243765
48.4 -0.000424304917327
48.5 -0.000294774974501
48.6 -0.000193475166592
48.7 -0.000116767319989
48.8 -6.08147143391e-05
48.9 -2.19243140682e-05
49.0 3.27586620891e-06
49.1 1.77871271761e-05
49.2 2.42582513052e-05
49.3 2.50192101341e-05
49.4 2.20998276998e-05
49.5 1.7224143624e-05
49.6 1.17870999177e-05
49.7 6.82997579642e-06
49.8 3.03317250655e-06
49.9 7.38365051229e-07
50.0 0.0
50.1 0.0
50.2 0.0
50.3 0.0
50.4 0.0
50.5 0.0
50.6 0.0
50.7 0.0
50.8 0.0
50.9 0.0
51.0 0.0
51.1 0.0
51.2 0.0
51.3 0.0
51.4 0.0
51.5 0.0
51.6 0.0
51.7 0.0
51.8 0.0
51.9 0.0
52.0 0.0
52.1 0.0
52.2 0.0
52.3 0.0
52.4 0.0
52.5 0.0
52.6 0.0
52.7 0.0
52.8 0.0
52.9 0.0
53.0 0.0
53.1 0.0
53.2 0.0
53.3 0.0
53.4 0.0
53.5 0.0
53.6 0.0
53.7 0.0
53.8 0.0
53.9 0.0
54.0 0.0
54.1 0.0
54.2 0.0
54.3 0.0
54.4 0.0
54.5 0.0
54.6 0.0
54.7 0.0
54.8 0.0
54.9 0.0
55.0 0.0
55.1 0.0
55.2 0.0
55.3 0.0
55.4 0.0
55.5 0.0
55.6 0.0
55.7 0.0
55.8 0.0
55.9 0.0
56.0 0.0
56.1 0.0
56.2 0.0
56.3 0.0
56.4 0.0
56.5 0.0
56.6 0.0
56.7 0.0
56.8 0.0
56.9 0.0
57.0 0.0
57.1 0.0
57.2 0.0
57.3 0.0
57.4 0.0
57.5 0.0
57.6 0.0
57.7 0.0
57.8 0.0
57.9 0.0
58.0 0.0
58.1 0.0
58.2 0.0
58.3 0.0
58.4 0.0
58.5 0.0
58.6 0.0
58.7 0.0
58.8 0.0
58.9 0.0
59.0 0.0
59.1 0.0
59.2 0.0
59.3 0.0
59.4 0.0
59.5 0.0
59.6 0.0
59.7 0.0
59.8 0.0
59.9 0.0
60.0 0.0
60.1 0.0
60.2 0.0
60.3 0.0
60.4 0.0
60.5 0.0
60.6 0.0
60.7 0.0
60.8 0.0
60.9 0.0
61.0 0.0
61.1 0.0
61.2 0.0
61.3 0.0
61.4 0.0
61.5 0.0
61.6 0.0
61.7 0.0
61.8 0.0
61.9 0.0
62.0 0.0
62.1 0.0
62.2 0.0
62.3 0.0
62.4 0.0
62.5 0.0
62.6 0.0
62.7 0.0
62.8 0.0
62.9 0.0
63.0 0.0
63.1 0.0
63.2 0.0
63.3 0.0
63.4 0.0
63.5 0.0
63.6 0.0
63.7 0.0
63.8 0.0
63.9 0.0
64.0 0.0
64.1 0.0
64.2 0.0
64.3 0.0
64.4 0.0
64.5 0.0
64.6 0.0
64.7 0.0
64.8 0.0
64.9 0.0
65.0 0.0
65.1 0.0
65.2 0.0
65.3 0.0
65.4 0.0
65.5 0.0
65.6 0.0
65.7 0.0
65.8 0.0
65.9 0.0
66.0 0.0
66.1 0.0
66.2 0.0
66.3 0.0
66.4 0.0
66.5 0.0
66.6 0.0
66.7 0.0
66.8 0.0
66.9 0.0
67.0 0.0
67.1 0.0
67.2 0.0
67.3 0.0
67.4 0.0
67.5 0.0
67.6 0.0
67.7 0.0
67.8 0.0
67.9 0.0
68.0 0.0
68.1 0.0
68.2 0.0
68.3 0.0
68.4 0.0
68.5 0.0
68.6 0.0
68.7 0.0
68.8 0.0
68.9 0.0
69.0 0.0
69.1 0.0
69.2 0.0
69.3 0.0
69.4 0.0
69.5 0.0
69.6 0.0
69.7 0.0
69.8 0.0
69.9 0.0
70.0 0.0
70.1 0.0
70.2 0.0
70.3 0.0
70.4 0.0
70.5 0.0
70.6 0.0
70.7 0.0
70.8 0.0
70.9 0.0
71.0 0.0
71.1 0.0
71.2 0.0
71.3 0.0
71.4 0.0
71.5 0.0
71.6 0.0
71.7 0.0
71.8 0.0
71.9 0.0
72.0 0.0
72.1 0.0
72.2 0.0
72.3 0.0
72.4 0.0
72.5 0.0
72.6 0.0
72.7 0.0
72.8 0.0
72.9 0.0
73.0 0.0
73.1 0.0
73.2 0.0
73.3 0.0
73.4 0.0
73.5 0.0
73.6 0.0
73.7 0.0
73.8 0.0
73.9 0.0
74.0 0.0
74.1 0.0
74.2 0.0
74.3 0.0
74.4 0.0
74.5 0.0
74.6 0.0
74.7 0.0
74.8 0.0
74.9 0.0
75.0 0.0
75.1 0.0
75.2 0.0
75.3 0.0
75.4 0.0
75.5 0.0
75.6 0.0
75.7 0.0
75.8 0.0
75.9 0.0
76.0 0.0
76.1 0.0
76.2 0.0
76.3 0.0
76.4 0.0
76.5 0.0
76.6 0.0
76.7 0.0
76.8 0.0
76.9 0.0
77.0 0.0
77.1 0.0
77.2 0.0
77.3 0.0
77.4 0.0
77.5 0.0
77.6 0.0
77.7 0.0
77.8 0.0
77.9 0.0
78.0 0.0
78.1 0.0
78.2 0.0
78.3 0.0
78.4 0.0
78.5 0.0
78.6 0.0
78.7 0.0
78.8 0.0
78.9 0.0
79.0 0.0
79.1 0.0
79.2 0.0
79.3 0.0
79.4 0.0
79.5 0.0
79.6 0.0
79.7 0.0
79.8 0.0
79.9 0.0
80.0 0.0
80.1 0.0
80.2 0.0
80.3 0.0
80.4 0.0
80.5 0.0
80.6 0.0
80.7 0.0
80.8 0.0
80.9 0.0
81.0 0.0
81.1 0.0
81.2 0.0
81.3 0.0
81.4 0.0
81.5 0.0
81.6 0.0
81.7 0.0
81.8 0.0
81.9 0.0
82.0 0.0
82.1 0.0
82.2 0.0
82.3 0.0
82.4 0.0
82.5 0.0
82.6 0.0
82.7 0.0
82.8 0.0
82.9 0.0
83.0 0.0
83.1 0.0
83.2 0.0
83.3 0.0
83.4 0.0
83.5 0.0
83.6 0.0
83.7 0.0
83.8 0.0
83.9 0.0
84.0 0.0
84.1 0.0
84.2 0.0
84.3 0.0
84.4 0.0
84.5 0.0
84.6 0.0
84.7 0.0
84.8 0.0
84.9 0.0
85.0 0.0
85.1 0.0
85.2 0.0
85.3 0.0
85.4 0.0
85.5 0.0
85.6 0.0
85.7 0.0
85.8 0.0
85.9 0.0
86.0 0.0
86.1 0.0
86.2 0.0
86.3 0.0
86.4 0.0
86.5 0.0
86.6 0.0
86.7 0.0
86.8 0.0
86.9 0.0
87.0 0.0
87.1 0.0
87.2 0.0
87.3 0.0
87.4 0.0
87.5 0.0
87.6 0.0
87.7 0.0
87.8 0.0
87.9 0.0
88.0 0.0
88.1 0.0
88.2 0.0
88.3 0.0
88.4 0.0
88.5 0.0
88.6 0.0
88.7 0.0
88.8 0.0
88.9 0.0
89.0 0.0
89.1 0.0
89.2 0.0
89.3 0.0
89.4 0.0
89.5 0.0
89.6 0.0
89.7 0.0
89.8 0.0
89.9 0.0
90.0 0.0
90.1 0.0
90.2 0.0
90.3 0.0
90.4 0.0
90.5 0.0
90.6 0.0
90.7 0.0
90.8 0.0
90.9 0.0
91.0 0.0
91.1 0.0
91.2 0.0
91.3 0.0
91.4 0.0
91.5 0.0
91.6 0.0
91.7 0.0
91.8 0.0
91.9 0.0
92.0 0.0
92.1 0.0
92.2 0.0
92.3 0.0
92.4 0.0
92.5 0.0
92.6 0.0
92.7 0.0
92.8 0.0
92.9 0.0
93.0 0.0
93.1 0.0
93.2 0.0
93.3 0.0
93.4 0.0
93.5 0.0
93.6 0.0
93.7 0.0
93.8 0.0
93.9 0.0
94.0 0.0
94.1 0.0
94.2 0.0
94.3 0.0
94.4 0.0
94.5 0.0
94.6 0.0
94.7 0.0
94.8 0.0
94.9 0.0
95.0 0.0
95.1 0.0
95.2 0.0
95.3 0.0
95.4 0.0
95.5 0.0
95.6 0.0
95.7 0.0
95.8 0.0
95.9 0.0
96.0 0.0
96.1 0.0
96.2 0.0
96.3 0.0
96.4 0.0
96.5 0.0
96.6 0.0
96.7 0.0
96.8 0.0
96.9 0.0
97.0 0.0
97.1 0.0
97.2 0.0
97.3 0.0
97.4 0.0
97.5 0.0
97.6 0.0
97.7 0.0
97.8 0.0
97.9 0.0
98.0 0.0
98.1 0.0
98.2 0.0
98.3 0.0
98.4 0.0
98.5 0.0
98.6 0.0
98.7 0.0
98.8 0.0
98.9 0.0
99.0 0.0
99.1 0.0
99.2 0.0
99.3 0.0
99.4 0.0
99.5 0.0
99.6 0.0
99.7 0.0
99.8 0.0
99.9 0.0
100.0 0.0
100.1 0.0
100.2 0.0
100.3 0.0
100.4 0.0
100.5 0.0
100.6 0.0
100.7 0.0
100.8 0.0
100.9 0.0
101.0 0.0
101.1 0.0
101.2 0.0
101.3 0.0
101.4 0.0
101.5 0.0
101.6 0.0
101.7 0.0
101.8 0.0
101.9 0.0
102.0 0.0
102.1 0.0
102.2 0.0
102.3 0.0
