0.0 0.00199189863159
0.1 0.00133669309018
0.2 -0.000584675495636
0.3 -0.00421715117633
0.4 -0.00870873103033
0.5 -0.011071463052
0.6 -0.00655180029119
0.7 0.00932873134545
0.8 0.0378322514818
0.9 0.0749502613255
1.0 0.111788793337
1.1 0.137319994096
1.2 0.141614727592
1.3 0.117376508945
1.4 0.05943797064
1.5 -0.0355014159326
1.6 -0.165736193681
1.7 -0.317279481989
1.8 -0.456347297253
1.9 -0.528837124189
2.0 -0.472657495861
2.1 -0.242276609202
2.2 0.163175455094
2.3 0.681233241298
2.4 1.1873305806
2.5 1.51842816866
2.6 1.51275333701
2.7 1.05458718188
2.8 0.113764782373
2.9 -1.22680921519
3.0 -2.76022618988
3.1 -4.16735890524
3.2 -5.05983660202
3.3 -5.05966216737
3.4 -3.9083973375
3.5 -1.57951360409
3.6 1.64855985036
3.7 5.2015664295
3.8 8.32155020635
3.9 10.2630810217
4.0 10.5137031518
4.1 8.95763638802
4.2 5.91527638341
4.3 2.03779694582
4.4 -1.90344789607
4.5 -5.24824676196
4.6 -7.60915538121
4.7 -8.90930486066
4.8 -9.30168940857
4.9 -9.02667564998
5.0 -8.28273494743
5.1 -7.16496358096
5.2 -5.68252246161
5.3 -3.82554840013
5.4 -1.63458095964
5.5 0.764704243624
5.6 3.17293189988
5.7 5.36153962468
5.8 7.12579641942
5.9 8.32475570889
6.0 8.89746647893
6.1 8.85574026575
6.2 8.26083777956
6.3 7.19474296667
6.4 5.73746504751
6.5 3.95978826941
6.6 1.93479917379
6.7 -0.238167433401
6.8 -2.41270524852
6.9 -4.39562330062
7.0 -5.97810304972
7.1 -6.99095468946
7.2 -7.36106670907
7.3 -7.14063315216
7.4 -6.49086717757
7.5 -5.62347135395
7.6 -4.7245858628
7.7 -3.89515587298
7.8 -3.1333374683
7.9 -2.36339443695
8.0 -1.49326783983
8.1 -0.471333170322
8.2 0.683163616324
8.3 1.88570023622
8.4 3.01973807728
8.5 3.97823565919
8.6 4.69409715206
8.7 5.14920786546
8.8 5.363407761
8.9 5.37314175853
9.0 5.21158918766
9.1 4.89842473896
9.2 4.44094349459
9.3 3.84250057123
9.4 3.11152435099
9.5 2.26555967957
9.6 1.32889790213
9.7 0.326976361939
9.8 -0.716877923415
9.9 -1.77830081241
10.0 -2.82307727849
10.1 -3.79854610077
10.2 -4.63296579078
10.3 -5.24724392465
10.4 -5.5763374407
10.5 -5.59102888643
10.6 -5.30908723732
10.7 -4.78958442098
10.8 -4.11278332677
10.9 -3.35536280237
11.0 -2.5723939519
11.1 -1.7926821441
11.2 -1.02614490945
11.3 -0.275842005272
11.4 0.45347470278
11.5 1.15413020037
11.6 1.81953791735
11.7 2.44788613014
11.8 3.04085026676
11.9 3.59689644149
12.0 4.10311666575
12.1 4.5311559397
12.2 4.84075624877
12.3 4.99017117051
12.4 4.94881390008
12.5 4.70618388498
12.6 4.27301409553
12.7 3.67461773686
12.8 2.94046742705
12.9 2.09599547812
13.0 1.1613422373
13.1 0.157765493692
13.2 -0.882360088579
13.3 -1.90890809517
13.4 -2.85669423039
13.5 -3.65862700726
13.6 -4.26415857485
13.7 -4.65383195624
13.8 -4.84173705756
13.9 -4.86376320011
14.0 -4.75745085915
14.1 -4.54428131191
14.2 -4.22410378011
14.3 -3.78446354289
14.4 -3.21889654834
14.5 -2.5430536975
14.6 -1.79896107512
14.7 -1.04483514931
14.8 -0.336211274799
14.9 0.291311994521
15.0 0.829093743372
15.1 1.2900141938
15.2 1.69524970702
15.3 2.0612499825
15.4 2.39323645993
15.5 2.68663866921
15.6 2.93317800547
15.7 3.12653052878
15.8 3.26413376825
15.9 3.34507724112
16.0 3.36672659221
16.1 3.32323368021
16.2 3.20745176126
16.3 3.01532523305
16.4 2.75011780912
16.5 2.42378302755
16.6 2.05427424244
16.7 1.65977605264
16.8 1.25258469525
16.9 0.835775411777
17.0 0.404582508419
17.1 -0.0479261185729
17.2 -0.523633280386
17.3 -1.01439699661
17.4 -1.50208090386
17.5 -1.96367764889
17.6 -2.37872392105
17.7 -2.73485779607
17.8 -3.02849795848
17.9 -3.26064195153
18.0 -3.43083051354
18.1 -3.53343815108
18.2 -3.55886277212
18.3 -3.49890348616
18.4 -3.35277903417
18.5 -3.12971197185
18.6 -2.84612463801
18.7 -2.5188695015
18.8 -2.15837833267
18.9 -1.76565067577
19.0 -1.33469633152
19.1 -0.858921856819
19.2 -0.337905393915
19.3 0.218888446656
19.4 0.792944378997
19.5 1.36108733272
19.6 1.9008421317
19.7 2.39418372813
19.8 2.82842806173
19.9 3.19473774573
20.0 3.48587553384
20.1 3.6949248896
20.2 3.81581943688
20.3 3.84525509445
20.4 3.78461822825
20.5 3.64046871467
20.6 3.42293538826
20.7 3.14266768458
20.8 2.80798137427
20.9 2.42387810315
21.0 1.99357933088
21.1 1.52165958517
21.2 1.0167665502
21.3 0.492049132915
21.4 -0.0372050986033
21.5 -0.55742222135
21.6 -1.05973317155
21.7 -1.54018090809
21.8 -1.99689544999
21.9 -2.42585141316
22.0 -2.81769325925
22.1 -3.15748017206
22.2 -3.42753418237
22.3 -3.6119521343
22.4 -3.70069861985
22.5 -3.69173489692
22.6 -3.59080790172
22.7 -3.40951819909
22.8 -3.16263250307
22.9 -2.86539917829
23.0 -2.53129097271
23.1 -2.17045859625
23.2 -1.78919424329
23.3 -1.3906042791
23.4 -0.976310708105
23.5 -0.548504999927
23.6 -0.1114459156
23.7 0.328219053479
23.8 0.762251229728
23.9 1.1820641046
24.0 1.57961102758
24.1 1.94753349673
24.2 2.27879842505
24.3 2.5663879184
24.4 2.80345118393
24.5 2.98388232462
24.6 3.10296038665
24.7 3.15773910011
24.8 3.14719786839
24.9 3.07240703037
25.0 2.9368511868
25.1 2.74667406113
25.2 2.51033294678
25.3 2.2373253807
25.4 1.93626221664
25.5 1.61319571847
25.6 1.27124862348
25.7 0.912012431154
25.8 0.538174843155
25.9 0.156015663209
26.0 -0.223684363978
26.1 -0.587046589777
26.2 -0.920372728684
26.3 -1.21389863488
26.4 -1.46434774712
26.5 -1.67512349897
26.6 -1.854008661
26.7 -2.00930780902
26.8 -2.14602979268
26.9 -2.26369615519
27.0 -2.35667112289
27.1 -2.41679907502
27.2 -2.43707570705
27.3 -2.41458485119
27.4 -2.351311623
27.5 -2.25256933126
27.6 -2.124077035
27.7 -1.96944840823
27.8 -1.78953478374
27.9 -1.58386402997
28.0 -1.35307248804
28.1 -1.10060997855
28.2 -0.832524936955
28.3 -0.555464759998
28.4 -0.27426174545
28.5 0.0092226314996
28.6 0.295158706087
28.7 0.583280925896
28.8 0.870474207902
28.9 1.1499552891
29.0 1.41254729127
29.1 1.64922468542
29.2 1.85337798796
29.3 2.02154471702
29.4 2.15241295979
29.5 2.24499556663
29.6 2.29730992188
29.7 2.30646928518
29.8 2.27013984811
29.9 2.18846282647
30.0 2.06527361093
30.1 1.90774792249
30.2 1.72492528747
30.3 1.52555150894
30.4 1.3161121986
30.5 1.10023106858
30.6 0.879422670428
30.7 0.654626862876
30.8 0.427583483847
30.9 0.201262297049
31.0 -0.0208333073439
31.1 -0.235957250331
31.2 -0.443080002792
31.3 -0.6427791127
31.4 -0.836009398349
31.5 -1.02245883454
31.6 -1.19951996589
31.7 -1.36255171172
31.8 -1.50628313911
31.9 -1.62646901054
32.0 -1.72076414041
32.1 -1.78835172404
32.2 -1.82874854621
32.3 -1.84078892498
32.4 -1.82264263865
32.5 -1.77295038535
32.6 -1.69231460796
32.7 -1.58407032275
32.8 -1.45370606665
32.9 -1.30719643057
33.0 -1.1492233736
33.1 -0.98231804205
33.2 -0.807332515756
33.3 -0.624796629389
33.4 -0.436205281731
33.5 -0.24442577803
33.6 -0.0530672240626
33.7 0.134651131233
33.8 0.316709840569
33.9 0.492224427673
34.0 0.660559344747
34.1 0.820212070647
34.2 0.968204330203
34.3 1.10041132015
34.4 1.21270738375
34.5 1.30233221478
34.6 1.36874302452
34.7 1.41348065553
34.8 1.43909591021
34.9 1.44768014065
35.0 1.43975360433
35.1 1.41406703405
35.2 1.36837014685
35.3 1.30067961185
35.4 1.21034596813
35.5 1.09841335184
35.6 0.967255503691
35.7 0.81992543502
35.8 0.659764424108
35.9 0.490512183814
36.0 0.316679361163
36.1 0.143658621015
36.2 -0.0228066388978
36.3 -0.177698842319
36.4 -0.317795068242
36.5 -0.442095977588
36.6 -0.551357410009
36.7 -0.647030384263
36.8 -0.730257838354
36.9 -0.801457938253
37.0 -0.860552696602
37.1 -0.907443815388
37.2 -0.94223260985
37.3 -0.964979699505
37.4 -0.975243238161
37.5 -0.971865392661
37.6 -0.953320909514
37.7 -0.918529255045
37.8 -0.867680669374
37.9 -0.802590226421
38.0 -0.726380000514
38.1 -0.642677743351
38.2 -0.55474858743
38.3 -0.464930628255
38.4 -0.374514345885
38.5 -0.283976759244
38.6 -0.193384658672
38.7 -0.102814041666
38.8 -0.0127026550865
38.9 0.0759173429206
39.0 0.161366174355
39.1 0.24148791886
39.2 0.314019992235
39.3 0.377035945688
39.4 0.429287426728
39.5 0.470318236434
39.6 0.500341894653
39.7 0.519984420073
39.8 0.530027552296
39.9 0.531239179404
40.0 0.524301060939
40.1 0.509799766985
40.2 0.488252697986
40.3 0.460166319033
40.4 0.426127441239
40.5 0.386901589034
40.6 0.343484961845
40.7 0.297064712966
40.8 0.248891433442
40.9 0.200123907558
41.0 0.151725187036
41.1 0.104454783235
41.2 0.0589400117008
41.3 0.0157656087694
41.4 -0.0244772267218
41.5 -0.0612022566627
41.6 -0.0938783431521
41.7 -0.122081443703
41.8 -0.145525733471
41.9 -0.164074320369
42.0 -0.177740764843
42.1 -0.186686382159
42.2 -0.191207507658
42.3 -0.191705781328
42.4 -0.188644951341
42.5 -0.182508854998
42.6 -0.173775386702
42.7 -0.16290943551
42.8 -0.150364296397
42.9 -0.136577530513
43.0 -0.121956038199
43.1 -0.10685785569
43.2 -0.0915838039902
43.3 -0.0763863507194
43.4 -0.0614912430976
43.5 -0.0471191093049
43.6 -0.0334949116459
43.7 -0.0208410272563
43.8 -0.00935844050408
43.9 0.000795191020467
44.0 0.00952276878489
44.1 0.0167959446006
44.2 0.0226531431783
44.3 0.0271883259105
44.4 0.0305328855605
44.5 0.0328344522897
44.6 0.0342371999553
44.7 0.0348676969566
44.8 0.0348284740881
44.9 0.0341992250983
45.0 0.0330438832721
45.1 0.0314209432061
45.2 0.0293939626217
45.3 0.0270390426174
45.4 0.0244466669648
45.5 0.0217170086121
45.6 0.0189503053887
45.7 0.0162359164982
45.8 0.013643973802
45.9 0.0112219778578
46.0 0.00899632807465
46.1 0.00697705314297
46.2 0.00516363473588
46.3 0.00355042870172
46.4 0.00213091336134
46.5 0.000900317835239
46.6 -0.000143721946776
46.7 -0.00100250143914
46.8 -0.00167891073475
46.9 -0.00218011916636
47.0 -0.0025189604861
47.1 -0.00271343448649
47.2 -0.00278476807059
47.3 -0.00275510923425
47.4 -0.00264580983876
47.5 -0.00247661243822
47.6 -0.00226544210661
47.7 -0.00202831906265
47.8 -0.00177913916309
47.9 -0.00152940116038
48.0 -0.00128809617347
48.1 -0.0010618656655
48.2 -0.000855343963788
48.3 -0.000671513956296
48.4 -0.000511966461352
48.5 -0.000377074507552
48.6 -0.000266160201971
48.7 -0.000177708197045
48.8 -0.000109614175274
48.9 -5.94166348811e-05
49.0 -2.44715700256e-05
49.1 -2.06936338444e-06
49.2 1.04766628239e-05
49.3 1.57392121829e-05
49.4 1.60731334333e-05
49.5 1.35118259278e-05
49.6 9.68888170208e-06
49.7 5.80586393942e-06
49.8 2.65184399324e-06
49.9 6.62976127527e-07
50.0 0.0
50.1 0.0
50.2 0.0
50.3 0.0
50.4 0.0
50.5 0.0
50.6 0.0
50.7 0.0
50.8 0.0
50.9 0.0
51.0 0.0
51.1 0.0
51.2 0.0
51.3 0.0
51.4 0.0
51.5 0.0
51.6 0.0
51.7 0.0
51.8 0.0
51.9 0.0
52.0 0.0
52.1 0.0
52.2 0.0
52.3 0.0
52.4 0.0
52.5 0.0
52.6 0.0
52.7 0.0
52.8 0.0
52.9 0.0
53.0 0.0
53.1 0.0
53.2 0.0
53.3 0.0
53.4 0.0
53.5 0.0
53.6 0.0
53.7 0.0
53.8 0.0
53.9 0.0
54.0 0.0
54.1 0.0
54.2 0.0
54.3 0.0
54.4 0.0
54.5 0.0
54.6 0.0
54.7 0.0
54.8 0.0
54.9 0.0
55.0 0.0
55.1 0.0
55.2 0.0
55.3 0.0
55.4 0.0
55.5 0.0
55.6 0.0
55.7 0.0
55.8 0.0
55.9 0.0
56.0 0.0
56.1 0.0
56.2 0.0
56.3 0.0
56.4 0.0
56.5 0.0
56.6 0.0
56.7 0.0
56.8 0.0
56.9 0.0
57.0 0.0
57.1 0.0
57.2 0.0
57.3 0.0
57.4 0.0
57.5 0.0
57.6 0.0
57.7 0.0
57.8 0.0
57.9 0.0
58.0 0.0
58.1 0.0
58.2 0.0
58.3 0.0
58.4 0.0
58.5 0.0
58.6 0.0
58.7 0.0
58.8 0.0
58.9 0.0
59.0 0.0
59.1 0.0
59.2 0.0
59.3 0.0
59.4 0.0
59.5 0.0
59.6 0.0
59.7 0.0
59.8 0.0
59.9 0.0
60.0 0.0
60.1 0.0
60.2 0.0
60.3 0.0
60.4 0.0
60.5 0.0
60.6 0.0
60.7 0.0
60.8 0.0
60.9 0.0
61.0 0.0
61.1 0.0
61.2 0.0
61.3 0.0
61.4 0.0
61.5 0.0
61.6 0.0
61.7 0.0
61.8 0.0
61.9 0.0
62.0 0.0
62.1 0.0
62.2 0.0
62.3 0.0
62.4 0.0
62.5 0.0
62.6 0.0
62.7 0.0
62.8 0.0
62.9 0.0
63.0 0.0
63.1 0.0
63.2 0.0
63.3 0.0
63.4 0.0
63.5 0.0
63.6 0.0
63.7 0.0
63.8 0.0
63.9 0.0
64.0 0.0
64.1 0.0
64.2 0.0
64.3 0.0
64.4 0.0
64.5 0.0
64.6 0.0
64.7 0.0
64.8 0.0
64.9 0.0
65.0 0.0
65.1 0.0
65.2 0.0
65.3 0.0
65.4 0.0
65.5 0.0
65.6 0.0
65.7 0.0
65.8 0.0
65.9 0.0
66.0 0.0
66.1 0.0
66.2 0.0
66.3 0.0
66.4 0.0
66.5 0.0
66.6 0.0
66.7 0.0
66.8 0.0
66.9 0.0
67.0 0.0
67.1 0.0
67.2 0.0
67.3 0.0
67.4 0.0
67.5 0.0
67.6 0.0
67.7 0.0
67.8 0.0
67.9 0.0
68.0 0.0
68.1 0.0
68.2 0.0
68.3 0.0
68.4 0.0
68.5 0.0
68.6 0.0
68.7 0.0
68.8 0.0
68.9 0.0
69.0 0.0
69.1 0.0
69.2 0.0
69.3 0.0
69.4 0.0
69.5 0.0
69.6 0.0
69.7 0.0
69.8 0.0
69.9 0.0
70.0 0.0
70.1 0.0
70.2 0.0
70.3 0.0
70.4 0.0
70.5 0.0
70.6 0.0
70.7 0.0
70.8 0.0
70.9 0.0
71.0 0.0
71.1 0.0
71.2 0.0
71.3 0.0
71.4 0.0
71.5 0.0
71.6 0.0
71.7 0.0
71.8 0.0
71.9 0.0
72.0 0.0
72.1 0.0
72.2 0.0
72.3 0.0
72.4 0.0
72.5 0.0
72.6 0.0
72.7 0.0
72.8 0.0
72.9 0.0
73.0 0.0
73.1 0.0
73.2 0.0
73.3 0.0
73.4 0.0
73.5 0.0
73.6 0.0
73.7 0.0
73.8 0.0
73.9 0.0
74.0 0.0
74.1 0.0
74.2 0.0
74.3 0.0
74.4 0.0
74.5 0.0
74.6 0.0
74.7 0.0
74.8 0.0
74.9 0.0
75.0 0.0
75.1 0.0
75.2 0.0
75.3 0.0
75.4 0.0
75.5 0.0
75.6 0.0
75.7 0.0
75.8 0.0
75.9 0.0
76.0 0.0
76.1 0.0
76.2 0.0
76.3 0.0
76.4 0.0
76.5 0.0
76.6 0.0
76.7 0.0
76.8 0.0
76.9 0.0
77.0 0.0
77.1 0.0
77.2 0.0
77.3 0.0
77.4 0.0
77.5 0.0
77.6 0.0
77.7 0.0
77.8 0.0
77.9 0.0
78.0 0.0
78.1 0.0
78.2 0.0
78.3 0.0
78.4 0.0
78.5 0.0
78.6 0.0
78.7 0.0
78.8 0.0
78.9 0.0
79.0 0.0
79.1 0.0
79.2 0.0
79.3 0.0
79.4 0.0
79.5 0.0
79.6 0.0
79.7 0.0
79.8 0.0
79.9 0.0
80.0 0.0
80.1 0.0
80.2 0.0
80.3 0.0
80.4 0.0
80.5 0.0
80.6 0.0
80.7 0.0
80.8 0.0
80.9 0.0
81.0 0.0
81.1 0.0
81.2 0.0
81.3 0.0
81.4 0.0
81.5 0.0
81.6 0.0
81.7 0.0
81.8 0.0
81.9 0.0
82.0 0.0
82.1 0.0
82.2 0.0
82.3 0.0
82.4 0.0
82.5 0.0
82.6 0.0
82.7 0.0
82.8 0.0
82.9 0.0
83.0 0.0
83.1 0.0
83.2 0.0
83.3 0.0
83.4 0.0
83.5 0.0
83.6 0.0
83.7 0.0
83.8 0.0
83.9 0.0
84.0 0.0
84.1 0.0
84.2 0.0
84.3 0.0
84.4 0.0
84.5 0.0
84.6 0.0
84.7 0.0
84.8 0.0
84.9 0.0
85.0 0.0
85.1 0.0
85.2 0.0
85.3 0.0
85.4 0.0
85.5 0.0
85.6 0.0
85.7 0.0
85.8 0.0
85.9 0.0
86.0 0.0
86.1 0.0
86.2 0.0
86.3 0.0
86.4 0.0
86.5 0.0
86.6 0.0
86.7 0.0
86.8 0.0
86.9 0.0
87.0 0.0
87.1 0.0
87.2 0.0
87.3 0.0
87.4 0.0
87.5 0.0
87.6 0.0
87.7 0.0
87.8 0.0
87.9 0.0
88.0 0.0
88.1 0.0
88.2 0.0
88.3 0.0
88.4 0.0
88.5 0.0
88.6 0.0
88.7 0.0
88.8 0.0
88.9 0.0
89.0 0.0
89.1 0.0
89.2 0.0
89.3 0.0
89.4 0.0
89.5 0.0
89.6 0.0
89.7 0.0
89.8 0.0
89.9 0.0
90.0 0.0
90.1 0.0
90.2 0.0
90.3 0.0
90.4 0.0
90.5 0.0
90.6 0.0
90.7 0.0
90.8 0.0
90.9 0.0
91.0 0.0
91.1 0.0
91.2 0.0
91.3 0.0
91.4 0.0
91.5 0.0
91.6 0.0
91.7 0.0
91.8 0.0
91.9 0.0
92.0 0.0
92.1 0.0
92.2 0.0
92.3 0.0
92.4 0.0
92.5 0.0
92.6 0.0
92.7 0.0
92.8 0.0
92.9 0.0
93.0 0.0
93.1 0.0
93.2 0.0
93.3 0.0
93.4 0.0
93.5 0.0
93.6 0.0
93.7 0.0
93.8 0.0
93.9 0.0
94.0 0.0
94.1 0.0
94.2 0.0
94.3 0.0
94.4 0.0
94.5 0.0
94.6 0.0
94.7 0.0
94.8 0.0
94.9 0.0
95.0 0.0
95.1 0.0
95.2 0.0
95.3 0.0
95.4 0.0
95.5 0.0
95.6 0.0
95.7 0.0
95.8 0.0
95.9 0.0
96.0 0.0
96.1 0.0
96.2 0.0
96.3 0.0
96.4 0.0
96.5 0.0
96.6 0.0
96.7 0.0
96.8 0.0
96.9 0.0
97.0 0.0
97.1 0.0
97.2 0.0
97.3 0.0
97.4 0.0
97.5 0.0
97.6 0.0
97.7 0.0
97.8 0.0
97.9 0.0
98.0 0.0
98.1 0.0
98.2 0.0
98.3 0.0
98.4 0.0
98.5 0.0
98.6 0.0
98.7 0.0
98.8 0.0
98.9 0.0
99.0 0.0
99.1 0.0
99.2 0.0
99.3 0.0
99.4 0.0
99.5 0.0
99.6 0.0
99.7 0.0
99.8 0.0
99.9 0.0
100.0 0.0
100.1 0.0
100.2 0.0
100.3 0.0
100.4 0.0
100.5 0.0
100.6 0.0
100.7 0.0
100.8 0.0
100.9 0.0
101.0 0.0
101.1 0.0
101.2 0.0
101.3 0.0
101.4 0.0
101.5 0.0
101.6 0.0
101.7 0.0
101.8 0.0
101.9 0.0
102.0 0.0
102.1 0.0
102.2 0.0
102.3 0.0
