0.0 -0.173583306998
0.09503 0.22122960417
0.19006 0.606786467392
0.28509 0.915760243022
0.38012 1.09853188753
0.47515 1.13869260225
0.57018 1.05384786454
0.66521 0.882733612082
0.76024 0.665518072467
0.85527 0.42641864263
0.9503 0.167210158389
1.04533 -0.125023294103
1.14036 -0.46014028701
1.23539 -0.825731325135
1.33042 -1.17595321901
1.42545 -1.43598859633
1.52048 -1.52306166923
1.61551 -1.37568623676
1.71054 -0.975390896598
1.80557 -0.350096236907
1.9006 0.4354064831
1.99563 1.28928055799
2.09066 2.09782133443
2.18569 2.72881321012
2.28072 3.03660783852
2.37575 2.87479202122
2.47078 2.12566576352
2.56581 0.747167125939
2.66084 -1.17917281388
2.75587 -3.42317284157
2.8509 -5.61829660261
2.94593 -7.31189184206
3.04096 -8.04660544737
3.13599 -7.46281430883
3.23102 -5.4075445716
3.32605 -2.02317346773
3.42108 2.22452814486
3.51611 6.61149199602
3.61114 10.3098087807
3.70617 12.5871844926
3.8012 12.9885078966
3.89623 11.4447906707
3.99126 8.27978731622
4.08629 4.11566540328
4.18132 -0.292509535316
4.27635 -4.24396460258
4.37138 -7.24575315867
4.46641 -9.08925261661
4.56144 -9.83361137838
4.65647 -9.71386778172
4.7515 -9.0164998396
4.84653 -7.97103039201
4.94156 -6.69418762374
5.03659 -5.19852059479
5.13162 -3.44913433649
5.22665 -1.43411652541
5.32168 0.784963437446
5.41671 3.06071417989
5.51174 5.18549661151
5.60677 6.94124074516
5.7018 8.15349184843
5.79683 8.73034205995
5.89186 8.67353424496
5.98689 8.06002470026
6.08192 7.00454303314
6.17695 5.62129896217
6.27198 4.00185873696
6.36701 2.21687445572
6.46204 0.336579487541
6.55707 -1.54486520307
6.6521 -3.29850144385
6.74713 -4.77368595059
6.84216 -5.8328288437
6.93719 -6.39364998273
7.03222 -6.45998544373
7.12725 -6.1261284436
7.22228 -5.550093652
7.31731 -4.90347832957
7.41234 -4.31548667063
7.50737 -3.83219313287
7.6024 -3.40741519432
7.69743 -2.9297978831
7.79246 -2.27579407857
7.88749 -1.36702880946
7.98252 -0.208526504443
8.07755 1.10748451508
8.17258 2.4323992441
8.26761 3.61220835371
8.36264 4.53670746214
8.45767 5.16748795983
8.5527 5.53543271302
8.64773 5.71155212108
8.74276 5.76564658527
8.83779 5.73107367516
8.93282 5.58980414895
9.02785 5.28248585328
9.12288 4.73756973245
9.21791 3.90601642713
9.31294 2.78675185406
9.40797 1.43342111764
9.503 -0.0578916553793
9.59803 -1.57232887582
9.69306 -3.00027799421
9.78809 -4.25303472102
9.88312 -5.26763881699
9.97815 -6.0043981541
10.07318 -6.44293669864
10.16821 -6.5807523105
10.26324 -6.43429126596
10.35827 -6.03934293964
10.4533 -5.44701572262
10.54833 -4.7138460996
10.64336 -3.88852671485
10.73839 -3.00098822656
10.83342 -2.05981986333
10.92845 -1.0606184918
11.02348 -0.00241515830433
11.11851 1.09520366628
11.21354 2.18281362687
11.30857 3.18528393349
11.4036 4.01900672936
11.49863 4.61572209233
11.59366 4.94310059567
11.68869 5.01363912332
11.78372 4.87874059765
11.87875 4.61119725756
11.97378 4.28358362425
12.06881 3.950586195
12.16384 3.64031350035
12.25887 3.35497094807
12.3539 3.07743365671
12.44893 2.77903474473
12.54396 2.42550457695
12.63899 1.98100365278
12.73402 1.41245256668
12.82905 0.696404622938
12.92408 -0.171492090457
13.01911 -1.16743171771
13.11414 -2.23558893255
13.20917 -3.2933768603
13.3042 -4.24623488908
13.39923 -5.00790979651
13.49426 -5.51918057432
13.58929 -5.75813559551
13.68432 -5.73855610094
13.77935 -5.49806749185
13.87438 -5.08197759364
13.96941 -4.53004587685
14.06444 -3.87124316837
14.15947 -3.12709168857
14.2545 -2.31977707092
14.34953 -1.47914704256
14.44456 -0.643901286469
14.53959 0.144093750129
14.63462 0.849434676351
14.72965 1.45163700442
14.82468 1.94802046261
14.91971 2.34973285056
15.01474 2.67330383758
15.10977 2.93232698721
15.2048 3.13343869268
15.29983 3.27803821735
15.39486 3.3677827845
15.48989 3.40974267281
15.58492 3.41740530296
15.67995 3.406262695
15.77498 3.38603374699
15.87001 3.35377475079
15.96504 3.29197083185
16.06007 3.17325209536
16.1551 2.96997769069
16.25013 2.66442270726
16.34516 2.25501979775
16.44019 1.75615587247
16.53522 1.19225632348
16.63025 0.589562217126
16.72528 -0.0302535225514
16.82031 -0.651949260998
16.91534 -1.26411391517
17.01037 -1.8546000384
17.1054 -2.4073138149
17.20043 -2.90254930357
17.29546 -3.32073235557
17.39049 -3.6473401901
17.48552 -3.87610024063
17.58055 -4.00867704735
17.67558 -4.05121160015
17.77061 -4.00996339426
17.86564 -3.88878339459
17.96067 -3.68992852674
18.0557 -3.41754514399
18.15073 -3.08131966031
18.24576 -2.69745444157
18.34079 -2.2855542089
18.43582 -1.86244049627
18.53085 -1.4359629385
18.62588 -1.00231941479
18.72091 -0.548872815387
18.81594 -0.0616987711097
18.91097 0.465430858382
19.006 1.02485091583
19.10103 1.59459413274
19.19606 2.14400319922
19.29109 2.6427064608
19.38612 3.06878196965
19.48115 3.41254671427
19.57618 3.67477686061
19.67121 3.86100272114
19.76624 3.97533183787
19.86127 4.01713426849
19.9563 3.98203820309
20.05133 3.86613800086
20.14636 3.67053375074
20.24139 3.4032570711
20.33642 3.07727046833
20.43145 2.70559556043
20.52648 2.2963785306
20.62151 1.85085265453
20.71654 1.36562173497
20.81157 0.838312246263
20.9066 0.273728382497
21.00163 -0.312766130818
21.09666 -0.896602082084
21.19169 -1.44972109748
21.28672 -1.94814708004
21.38175 -2.37805804734
21.47678 -2.73781791789
21.57181 -3.0354072523
21.66684 -3.28277495914
21.76187 -3.4897843341
21.8569 -3.6601792932
21.95193 -3.79065205764
22.04696 -3.87249371614
22.14199 -3.8943290847
22.23702 -3.84449844704
22.33205 -3.71252333617
22.42708 -3.4900947171
22.52211 -3.17245014064
22.61714 -2.76058076797
22.71217 -2.26373130163
22.8072 -1.70081567366
22.90223 -1.09931470558
22.99726 -0.491139085821
23.09229 0.0935793745186
23.18732 0.632565440669
23.28235 1.11488694268
23.37738 1.54036308542
23.47241 1.91519657164
23.56744 2.245857553
23.66247 2.53403002404
23.7575 2.77486040584
23.85253 2.95910711399
23.94756 3.07790760408
24.04259 3.12769276159
24.13762 3.1128453878
24.23265 3.04492256365
24.32768 2.9389653634
24.42271 2.80872748141
24.51774 2.66295444353
24.61277 2.50408868244
24.7078 2.32946129027
24.80283 2.13389668554
24.89786 1.91226460417
24.99289 1.6609631699
25.08792 1.37822883172
25.18295 1.06394298321
25.27798 0.719781693594
25.37301 0.350076319646
25.46804 -0.0370247074254
25.56307 -0.429040179959
25.6581 -0.810144181979
25.75313 -1.16380104054
25.84816 -1.47624613359
25.94319 -1.73939654303
26.03822 -1.95188308708
26.13325 -2.11771736901
26.22828 -2.24322832604
26.32331 -2.33372629085
26.41834 -2.39143479849
26.51337 -2.41552782701
26.6084 -2.40400431447
26.70343 -2.35621662002
26.79846 -2.27462313337
26.89349 -2.16485986037
26.98852 -2.03420106429
27.08355 -1.88934975372
27.17858 -1.73478924555
27.27361 -1.57250329785
27.36864 -1.40300759897
27.46367 -1.22684577267
27.5587 -1.04545023836
27.65373 -0.860698317657
27.74876 -0.673357342445
27.84379 -0.481407096479
27.93882 -0.279482240678
28.03385 -0.0602148787863
28.12888 0.182703543936
28.22391 0.450884663288
28.31894 0.738629613778
28.41397 1.03263647577
28.509 1.314397465
28.60403 1.56444512583
28.69906 1.76716333723
28.79409 1.91448679436
28.88912 2.00708099847
28.98415 2.05309261368
29.07918 2.06508730128
29.17421 2.05631245205
29.26924 2.03738800007
29.36427 2.0141504507
29.4593 1.98691024768
29.55433 1.95103440692
29.64936 1.89858827972
29.74439 1.82068330032
29.83942 1.71007611044
29.93445 1.56342800374
30.02948 1.3825616487
30.12451 1.17419497837
30.21954 0.948063486628
30.31457 0.713960923005
30.4096 0.478767810254
30.50463 0.244691835334
30.59966 0.00954969845846
30.69469 -0.230920345208
30.78972 -0.479654136189
30.88475 -0.735268607429
30.97978 -0.99087160894
31.07481 -1.23528523588
31.16984 -1.45619050806
31.26487 -1.64380455223
31.3599 -1.7934559892
31.45493 -1.90596008106
31.54996 -1.98575233307
31.64499 -2.03779407957
31.74002 -2.06479463033
31.83505 -2.06604949783
31.93008 -2.03831788034
32.02511 -1.97811794348
32.12014 -1.8841426387
32.21517 -1.75852321387
32.3102 -1.60635015263
32.40523 -1.43381804936
32.50026 -1.24607701694
32.59529 -1.04597826508
32.69032 -0.834361761753
32.78535 -0.611660717965
32.88038 -0.379871692686
32.97541 -0.143748841855
33.07044 0.0894831991275
33.16547 0.311789573013
33.2605 0.516505219822
33.35553 0.69990549658
33.45056 0.861373696169
33.54559 1.00213094553
33.64062 1.12326605928
33.73565 1.22417577596
33.83068 1.30230358494
33.92571 1.35436775829
34.02074 1.37846347143
34.11577 1.37592972479
34.2108 1.35194387996
34.30583 1.31440767915
34.40086 1.27151483437
34.49589 1.22903123231
34.59092 1.18846549404
34.68595 1.14690177843
34.78098 1.0985190365
34.87601 1.03709563606
34.97104 0.958428548289
35.06607 0.861726109396
35.1611 0.749562230759
35.25613 0.626630259469
35.35116 0.497999453157
35.44619 0.367668431472
35.54122 0.237936250041
35.63625 0.109651315786
35.73128 -0.0170058176832
35.82631 -0.141715282641
35.92134 -0.263581995583
36.01637 -0.381176173003
36.1114 -0.492865611256
36.20643 -0.597119756442
36.30146 -0.692539786873
36.39649 -0.777590954191
36.49152 -0.850246968049
36.58655 -0.907865824809
36.68158 -0.947536696867
36.77661 -0.966902920331
36.87164 -0.965191533874
36.96667 -0.944003308779
37.0617 -0.907434707978
37.15673 -0.861324245647
37.25176 -0.81175835091
37.34679 -0.763297009339
37.44182 -0.717548765936
37.53685 -0.672657428713
37.63188 -0.623969882273
37.72691 -0.565736376449
37.82194 -0.493305320665
37.91697 -0.405063682239
38.012 -0.303429821121
38.10703 -0.194518823531
38.20206 -0.0865639439677
38.29709 0.0123768138469
38.39212 0.0966402170596
38.48715 0.164342314913
38.58218 0.217475343658
38.67721 0.260737994472
38.77224 0.299576743634
38.86727 0.338179885356
38.9623 0.378138813653
39.05733 0.418193104139
39.15236 0.455036474211
39.24739 0.484762519558
39.34242 0.504329787458
39.43745 0.512491434841
39.53248 0.509916056853
39.62751 0.498586142347
39.72254 0.480839712628
39.81757 0.45850935117
39.9126 0.432495721667
40.00763 0.402867353203
40.10266 0.369331270474
40.19769 0.331782033867
40.29272 0.290657015171
40.38775 0.246970197705
40.48278 0.202077028922
40.57781 0.157344475364
40.67284 0.113910658106
40.76787 0.0726283360056
40.8629 0.0341586248116
40.95793 -0.000908085148107
41.05296 -0.0320301110843
41.14799 -0.0588384319927
41.24302 -0.0813433994633
41.33805 -0.100086374881
41.43308 -0.116104871215
41.52811 -0.130666524223
41.62314 -0.144848865261
41.71817 -0.159133485709
41.8132 -0.17319521519
41.90823 -0.185990908664
42.00326 -0.196124469459
42.09829 -0.202346063597
42.19332 -0.203989167374
42.28835 -0.201181456537
42.38338 -0.19476537283
42.47841 -0.185982795988
42.57344 -0.17606273673
42.66847 -0.165869284388
42.7635 -0.155720438973
42.85853 -0.145406753535
42.95356 -0.134362559071
43.04859 -0.121902857324
43.14362 -0.107443969874
43.23865 -0.0906613136938
43.33368 -0.0715775049361
43.42871 -0.050596652968
43.52374 -0.0284993643876
43.61877 -0.00639695636666
43.7138 0.0143697313091
43.80883 0.0323976276844
43.90386 0.0464426822689
43.99889 0.0556524473651
44.09392 0.0597470065412
44.18895 0.0590889689399
44.28398 0.0546130773098
44.37901 0.0476306918386
44.47404 0.0395651065355
44.56907 0.0316931799776
44.6641 0.024959886263
44.75913 0.0199006723523
44.85416 0.0166668401755
44.94919 0.0151182370192
45.04422 0.0149361675168
45.13925 0.0157185316638
45.23428 0.0170406800308
45.32931 0.0184872813616
45.42434 0.0196726309879
45.51937 0.0202656556236
45.6144 0.0200247983153
45.70943 0.0188347348393
45.80446 0.0167291745345
45.89949 0.0138857341479
45.99452 0.0105887113467
46.08955 0.0071682252163
46.18458 0.00393338293342
46.27961 0.00111878402378
46.37464 -0.00114243406313
46.46967 -0.00281635287421
46.5647 -0.0039442559746
46.65973 -0.00460981704127
46.75476 -0.00491000818936
46.84979 -0.00493711295549
46.94482 -0.00477256387636
47.03985 -0.00448832160833
47.13488 -0.00414995661981
47.22991 -0.00381728887296
47.32494 -0.00354167052757
47.41997 -0.0033616595486
47.515 -0.00329959499946
47.61003 -0.00329959499946
47.70506 -0.00329959499946
47.80009 -0.00329959499946
47.89512 -0.00329959499946
47.99015 -0.00329959499946
48.08518 -0.00329959499946
48.18021 -0.00329959499946
48.27524 -0.00329959499946
48.37027 -0.00329959499946
48.4653 -0.00329959499946
48.56033 -0.00329959499946
48.65536 -0.00329959499946
48.75039 -0.00329959499946
48.84542 -0.00329959499946
48.94045 -0.00329959499946
49.03548 -0.00329959499946
49.13051 -0.00329959499946
49.22554 -0.00329959499946
49.32057 -0.00329959499946
49.4156 -0.00329959499946
49.51063 -0.00329959499946
49.60566 -0.00329959499946
49.70069 -0.00329959499946
49.79572 -0.00329959499946
49.89075 -0.00329959499946
49.98578 -0.00329959499946
50.08081 -0.00329959499946
50.17584 -0.00329959499946
50.27087 -0.00329959499946
50.3659 -0.00329959499946
50.46093 -0.00329959499946
50.55596 -0.00329959499946
50.65099 -0.00329959499946
50.74602 -0.00329959499946
50.84105 -0.00329959499946
50.93608 -0.00329959499946
51.03111 -0.00329959499946
51.12614 -0.00329959499946
51.22117 -0.00329959499946
51.3162 -0.00329959499946
51.41123 -0.00329959499946
51.50626 -0.00329959499946
51.60129 -0.00329959499946
51.69632 -0.00329959499946
51.79135 -0.00329959499946
51.88638 -0.00329959499946
51.98141 -0.00329959499946
52.07644 -0.00329959499946
52.17147 -0.00329959499946
52.2665 -0.00329959499946
52.36153 -0.00329959499946
52.45656 -0.00329959499946
52.55159 -0.00329959499946
52.64662 -0.00329959499946
52.74165 -0.00329959499946
52.83668 -0.00329959499946
52.93171 -0.00329959499946
53.02674 -0.00329959499946
53.12177 -0.00329959499946
53.2168 -0.00329959499946
53.31183 -0.00329959499946
53.40686 -0.00329959499946
53.50189 -0.00329959499946
53.59692 -0.00329959499946
53.69195 -0.00329959499946
53.78698 -0.00329959499946
53.88201 -0.00329959499946
53.97704 -0.00329959499946
54.07207 -0.00329959499946
54.1671 -0.00329959499946
54.26213 -0.00329959499946
54.35716 -0.00329959499946
54.45219 -0.00329959499946
54.54722 -0.00329959499946
54.64225 -0.00329959499946
54.73728 -0.00329959499946
54.83231 -0.00329959499946
54.92734 -0.00329959499946
55.02237 -0.00329959499946
55.1174 -0.00329959499946
55.21243 -0.00329959499946
55.30746 -0.00329959499946
55.40249 -0.00329959499946
55.49752 -0.00329959499946
55.59255 -0.00329959499946
55.68758 -0.00329959499946
55.78261 -0.00329959499946
55.87764 -0.00329959499946
55.97267 -0.00329959499946
56.0677 -0.00329959499946
56.16273 -0.00329959499946
56.25776 -0.00329959499946
56.35279 -0.00329959499946
56.44782 -0.00329959499946
56.54285 -0.00329959499946
56.63788 -0.00329959499946
56.73291 -0.00329959499946
56.82794 -0.00329959499946
56.92297 -0.00329959499946
57.018 -0.00329959499946
57.11303 -0.00329959499946
57.20806 -0.00329959499946
57.30309 -0.00329959499946
57.39812 -0.00329959499946
57.49315 -0.00329959499946
57.58818 -0.00329959499946
57.68321 -0.00329959499946
57.77824 -0.00329959499946
57.87327 -0.00329959499946
57.9683 -0.00329959499946
58.06333 -0.00329959499946
58.15836 -0.00329959499946
58.25339 -0.00329959499946
58.34842 -0.00329959499946
58.44345 -0.00329959499946
58.53848 -0.00329959499946
58.63351 -0.00329959499946
58.72854 -0.00329959499946
58.82357 -0.00329959499946
58.9186 -0.00329959499946
59.01363 -0.00329959499946
59.10866 -0.00329959499946
59.20369 -0.00329959499946
59.29872 -0.00329959499946
59.39375 -0.00329959499946
59.48878 -0.00329959499946
59.58381 -0.00329959499946
59.67884 -0.00329959499946
59.77387 -0.00329959499946
59.8689 -0.00329959499946
59.96393 -0.00329959499946
60.05896 -0.00329959499946
60.15399 -0.00329959499946
60.24902 -0.00329959499946
60.34405 -0.00329959499946
60.43908 -0.00329959499946
60.53411 -0.00329959499946
60.62914 -0.00329959499946
60.72417 -0.00329959499946
60.8192 -0.00329959499946
60.91423 -0.00329959499946
61.00926 -0.00329959499946
61.10429 -0.00329959499946
61.19932 -0.00329959499946
61.29435 -0.00329959499946
61.38938 -0.00329959499946
61.48441 -0.00329959499946
61.57944 -0.00329959499946
61.67447 -0.00329959499946
61.7695 -0.00329959499946
61.86453 -0.00329959499946
61.95956 -0.00329959499946
62.05459 -0.00329959499946
62.14962 -0.00329959499946
62.24465 -0.00329959499946
62.33968 -0.00329959499946
62.43471 -0.00329959499946
62.52974 -0.00329959499946
62.62477 -0.00329959499946
62.7198 -0.00329959499946
62.81483 -0.00329959499946
62.90986 -0.00329959499946
63.00489 -0.00329959499946
63.09992 -0.00329959499946
63.19495 -0.00329959499946
63.28998 -0.00329959499946
63.38501 -0.00329959499946
63.48004 -0.00329959499946
63.57507 -0.00329959499946
63.6701 -0.00329959499946
63.76513 -0.00329959499946
63.86016 -0.00329959499946
63.95519 -0.00329959499946
64.05022 -0.00329959499946
64.14525 -0.00329959499946
64.24028 -0.00329959499946
64.33531 -0.00329959499946
64.43034 -0.00329959499946
64.52537 -0.00329959499946
64.6204 -0.00329959499946
64.71543 -0.00329959499946
64.81046 -0.00329959499946
64.90549 -0.00329959499946
65.00052 -0.00329959499946
65.09555 -0.00329959499946
65.19058 -0.00329959499946
65.28561 -0.00329959499946
65.38064 -0.00329959499946
65.47567 -0.00329959499946
65.5707 -0.00329959499946
65.66573 -0.00329959499946
65.76076 -0.00329959499946
65.85579 -0.00329959499946
65.95082 -0.00329959499946
66.04585 -0.00329959499946
66.14088 -0.00329959499946
66.23591 -0.00329959499946
66.33094 -0.00329959499946
66.42597 -0.00329959499946
66.521 -0.00329959499946
66.61603 -0.00329959499946
66.71106 -0.00329959499946
66.80609 -0.00329959499946
66.90112 -0.00329959499946
66.99615 -0.00329959499946
67.09118 -0.00329959499946
67.18621 -0.00329959499946
67.28124 -0.00329959499946
67.37627 -0.00329959499946
67.4713 -0.00329959499946
67.56633 -0.00329959499946
67.66136 -0.00329959499946
67.75639 -0.00329959499946
67.85142 -0.00329959499946
67.94645 -0.00329959499946
68.04148 -0.00329959499946
68.13651 -0.00329959499946
68.23154 -0.00329959499946
68.32657 -0.00329959499946
68.4216 -0.00329959499946
68.51663 -0.00329959499946
68.61166 -0.00329959499946
68.70669 -0.00329959499946
68.80172 -0.00329959499946
68.89675 -0.00329959499946
68.99178 -0.00329959499946
69.08681 -0.00329959499946
69.18184 -0.00329959499946
69.27687 -0.00329959499946
69.3719 -0.00329959499946
69.46693 -0.00329959499946
69.56196 -0.00329959499946
69.65699 -0.00329959499946
69.75202 -0.00329959499946
69.84705 -0.00329959499946
69.94208 -0.00329959499946
70.03711 -0.00329959499946
70.13214 -0.00329959499946
70.22717 -0.00329959499946
70.3222 -0.00329959499946
70.41723 -0.00329959499946
70.51226 -0.00329959499946
70.60729 -0.00329959499946
70.70232 -0.00329959499946
70.79735 -0.00329959499946
70.89238 -0.00329959499946
70.98741 -0.00329959499946
71.08244 -0.00329959499946
71.17747 -0.00329959499946
71.2725 -0.00329959499946
71.36753 -0.00329959499946
71.46256 -0.00329959499946
71.55759 -0.00329959499946
71.65262 -0.00329959499946
71.74765 -0.00329959499946
71.84268 -0.00329959499946
71.93771 -0.00329959499946
72.03274 -0.00329959499946
72.12777 -0.00329959499946
72.2228 -0.00329959499946
72.31783 -0.00329959499946
72.41286 -0.00329959499946
72.50789 -0.00329959499946
72.60292 -0.00329959499946
72.69795 -0.00329959499946
72.79298 -0.00329959499946
72.88801 -0.00329959499946
72.98304 -0.00329959499946
73.07807 -0.00329959499946
73.1731 -0.00329959499946
73.26813 -0.00329959499946
73.36316 -0.00329959499946
73.45819 -0.00329959499946
73.55322 -0.00329959499946
73.64825 -0.00329959499946
73.74328 -0.00329959499946
73.83831 -0.00329959499946
73.93334 -0.00329959499946
74.02837 -0.00329959499946
74.1234 -0.00329959499946
74.21843 -0.00329959499946
74.31346 -0.00329959499946
74.40849 -0.00329959499946
74.50352 -0.00329959499946
74.59855 -0.00329959499946
74.69358 -0.00329959499946
74.78861 -0.00329959499946
74.88364 -0.00329959499946
74.97867 -0.00329959499946
75.0737 -0.00329959499946
75.16873 -0.00329959499946
75.26376 -0.00329959499946
75.35879 -0.00329959499946
75.45382 -0.00329959499946
75.54885 -0.00329959499946
75.64388 -0.00329959499946
75.73891 -0.00329959499946
75.83394 -0.00329959499946
75.92897 -0.00329959499946
76.024 -0.00329959499946
76.11903 -0.00329959499946
76.21406 -0.00329959499946
76.30909 -0.00329959499946
76.40412 -0.00329959499946
76.49915 -0.00329959499946
76.59418 -0.00329959499946
76.68921 -0.00329959499946
76.78424 -0.00329959499946
76.87927 -0.00329959499946
76.9743 -0.00329959499946
77.06933 -0.00329959499946
77.16436 -0.00329959499946
77.25939 -0.00329959499946
77.35442 -0.00329959499946
77.44945 -0.00329959499946
77.54448 -0.00329959499946
77.63951 -0.00329959499946
77.73454 -0.00329959499946
77.82957 -0.00329959499946
77.9246 -0.00329959499946
78.01963 -0.00329959499946
78.11466 -0.00329959499946
78.20969 -0.00329959499946
78.30472 -0.00329959499946
78.39975 -0.00329959499946
78.49478 -0.00329959499946
78.58981 -0.00329959499946
78.68484 -0.00329959499946
78.77987 -0.00329959499946
78.8749 -0.00329959499946
78.96993 -0.00329959499946
79.06496 -0.00329959499946
79.15999 -0.00329959499946
79.25502 -0.00329959499946
79.35005 -0.00329959499946
79.44508 -0.00329959499946
79.54011 -0.00329959499946
79.63514 -0.00329959499946
79.73017 -0.00329959499946
79.8252 -0.00329959499946
79.92023 -0.00329959499946
80.01526 -0.00329959499946
80.11029 -0.00329959499946
80.20532 -0.00329959499946
80.30035 -0.00329959499946
80.39538 -0.00329959499946
80.49041 -0.00329959499946
80.58544 -0.00329959499946
80.68047 -0.00329959499946
80.7755 -0.00329959499946
80.87053 -0.00329959499946
80.96556 -0.00329959499946
81.06059 -0.00329959499946
81.15562 -0.00329959499946
81.25065 -0.00329959499946
81.34568 -0.00329959499946
81.44071 -0.00329959499946
81.53574 -0.00329959499946
81.63077 -0.00329959499946
81.7258 -0.00329959499946
81.82083 -0.00329959499946
81.91586 -0.00329959499946
82.01089 -0.00329959499946
82.10592 -0.00329959499946
82.20095 -0.00329959499946
82.29598 -0.00329959499946
82.39101 -0.00329959499946
82.48604 -0.00329959499946
82.58107 -0.00329959499946
82.6761 -0.00329959499946
82.77113 -0.00329959499946
82.86616 -0.00329959499946
82.96119 -0.00329959499946
83.05622 -0.00329959499946
83.15125 -0.00329959499946
83.24628 -0.00329959499946
83.34131 -0.00329959499946
83.43634 -0.00329959499946
83.53137 -0.00329959499946
83.6264 -0.00329959499946
83.72143 -0.00329959499946
83.81646 -0.00329959499946
83.91149 -0.00329959499946
84.00652 -0.00329959499946
84.10155 -0.00329959499946
84.19658 -0.00329959499946
84.29161 -0.00329959499946
84.38664 -0.00329959499946
84.48167 -0.00329959499946
84.5767 -0.00329959499946
84.67173 -0.00329959499946
84.76676 -0.00329959499946
84.86179 -0.00329959499946
84.95682 -0.00329959499946
85.05185 -0.00329959499946
85.14688 -0.00329959499946
85.24191 -0.00329959499946
85.33694 -0.00329959499946
85.43197 -0.00329959499946
85.527 -0.00329959499946
85.62203 -0.00329959499946
85.71706 -0.00329959499946
85.81209 -0.00329959499946
85.90712 -0.00329959499946
86.00215 -0.00329959499946
86.09718 -0.00329959499946
86.19221 -0.00329959499946
86.28724 -0.00329959499946
86.38227 -0.00329959499946
86.4773 -0.00329959499946
86.57233 -0.00329959499946
86.66736 -0.00329959499946
86.76239 -0.00329959499946
86.85742 -0.00329959499946
86.95245 -0.00329959499946
87.04748 -0.00329959499946
87.14251 -0.00329959499946
87.23754 -0.00329959499946
87.33257 -0.00329959499946
87.4276 -0.00329959499946
87.52263 -0.00329959499946
87.61766 -0.00329959499946
87.71269 -0.00329959499946
87.80772 -0.00329959499946
87.90275 -0.00329959499946
87.99778 -0.00329959499946
88.09281 -0.00329959499946
88.18784 -0.00329959499946
88.28287 -0.00329959499946
88.3779 -0.00329959499946
88.47293 -0.00329959499946
88.56796 -0.00329959499946
88.66299 -0.00329959499946
88.75802 -0.00329959499946
88.85305 -0.00329959499946
88.94808 -0.00329959499946
89.04311 -0.00329959499946
89.13814 -0.00329959499946
89.23317 -0.00329959499946
89.3282 -0.00329959499946
89.42323 -0.00329959499946
89.51826 -0.00329959499946
89.61329 -0.00329959499946
89.70832 -0.00329959499946
89.80335 -0.00329959499946
89.89838 -0.00329959499946
89.99341 -0.00329959499946
90.08844 -0.00329959499946
90.18347 -0.00329959499946
90.2785 -0.00329959499946
90.37353 -0.00329959499946
90.46856 -0.00329959499946
90.56359 -0.00329959499946
90.65862 -0.00329959499946
90.75365 -0.00329959499946
90.84868 -0.00329959499946
90.94371 -0.00329959499946
91.03874 -0.00329959499946
91.13377 -0.00329959499946
91.2288 -0.00329959499946
91.32383 -0.00329959499946
91.41886 -0.00329959499946
91.51389 -0.00329959499946
91.60892 -0.00329959499946
91.70395 -0.00329959499946
91.79898 -0.00329959499946
91.89401 -0.00329959499946
91.98904 -0.00329959499946
92.08407 -0.00329959499946
92.1791 -0.00329959499946
92.27413 -0.00329959499946
92.36916 -0.00329959499946
92.46419 -0.00329959499946
92.55922 -0.00329959499946
92.65425 -0.00329959499946
92.74928 -0.00329959499946
92.84431 -0.00329959499946
92.93934 -0.00329959499946
93.03437 -0.00329959499946
93.1294 -0.00329959499946
93.22443 -0.00329959499946
93.31946 -0.00329959499946
93.41449 -0.00329959499946
93.50952 -0.00329959499946
93.60455 -0.00329959499946
93.69958 -0.00329959499946
93.79461 -0.00329959499946
93.88964 -0.00329959499946
93.98467 -0.00329959499946
94.0797 -0.00329959499946
94.17473 -0.00329959499946
94.26976 -0.00329959499946
94.36479 -0.00329959499946
94.45982 -0.00329959499946
94.55485 -0.00329959499946
94.64988 -0.00329959499946
94.74491 -0.00329959499946
94.83994 -0.00329959499946
94.93497 -0.00329959499946
95.03 -0.00329959499946
95.12503 -0.00329959499946
95.22006 -0.00329959499946
95.31509 -0.00329959499946
95.41012 -0.00329959499946
95.50515 -0.00329959499946
95.60018 -0.00329959499946
95.69521 -0.00329959499946
95.79024 -0.00329959499946
95.88527 -0.00329959499946
95.9803 -0.00329959499946
96.07533 -0.00329959499946
96.17036 -0.00329959499946
96.26539 -0.00329959499946
96.36042 -0.00329959499946
96.45545 -0.00329959499946
96.55048 -0.00329959499946
96.64551 -0.00329959499946
96.74054 -0.00329959499946
96.83557 -0.00329959499946
96.9306 -0.00329959499946
97.02563 -0.00329959499946
97.12066 -0.00329959499946
97.21569 -0.00329959499946
