0.0 0.000619456402921
0.1 -0.00466376507479
0.2 -0.0149912260129
0.3 -0.0302050306178
0.4 -0.0472575545227
0.5 -0.0595663165052
0.6 -0.0579164319275
0.7 -0.033276816197
0.8 0.0191571120701
0.9 0.0964448930813
1.0 0.186834988715
1.1 0.271883947755
1.2 0.330579215187
1.3 0.343214609829
1.4 0.293675551663
1.5 0.171133440987
1.6 -0.0261852093821
1.7 -0.283603063007
1.8 -0.56143779095
1.9 -0.792063480559
2.0 -0.890015344741
2.1 -0.777399722209
2.2 -0.417963262424
2.3 0.153966102017
2.4 0.823901920967
2.5 1.41430228732
2.6 1.72520782886
2.7 1.58683386193
2.8 0.909974664834
2.9 -0.276819524323
3.0 -1.80956942788
3.1 -3.39493905336
3.2 -4.64545073843
3.3 -5.14901202789
3.4 -4.57048390583
3.5 -2.76715962387
3.6 0.117672671034
3.7 3.62659221526
3.8 7.05668556256
3.9 9.62389279576
4.0 10.6807237824
4.1 9.91405107735
4.2 7.44687956423
4.3 3.79976488853
4.4 -0.27697186033
4.5 -4.03497906905
4.6 -6.93253799265
4.7 -8.73736894565
4.8 -9.50274533176
4.9 -9.4495847806
5.0 -8.82307341344
5.1 -7.79096956333
5.2 -6.4176551791
5.3 -4.70489866302
5.4 -2.66075068191
5.5 -0.354178720838
5.6 2.06907477402
5.7 4.40907366306
5.8 6.4551214138
5.9 8.02888089796
6.0 9.0127607897
6.1 9.35879668999
6.2 9.08048515557
6.3 8.23393105657
6.4 6.89667542898
6.5 5.15316473235
6.6 3.09354253978
6.7 0.825979100563
6.8 -1.50622141521
6.9 -3.71786303702
7.0 -5.59880099922
7.1 -6.95659173086
7.2 -7.67100305386
7.3 -7.73555626697
7.4 -7.26304162841
7.5 -6.44728075993
7.6 -5.49475676353
7.7 -4.55534926011
7.8 -3.6823794487
7.9 -2.83778136152
8.0 -1.93632878175
8.1 -0.905141611161
8.2 0.270074293548
8.3 1.53119492278
8.4 2.76803870496
8.5 3.85890943303
8.6 4.71046402305
8.7 5.27997038206
8.8 5.57401951343
8.9 5.62944353564
9.0 5.48903731026
9.1 5.18438640103
9.2 4.73200304066
9.3 4.14083615894
9.4 3.42332724524
9.5 2.60139964273
9.6 1.70324519807
9.7 0.753774138204
9.8 -0.233211153244
9.9 -1.25321794774
10.0 -2.29771472577
10.1 -3.33574420647
10.2 -4.30243992761
10.3 -5.10463705889
10.4 -5.64496890705
10.5 -5.85484750483
10.6 -5.7203285015
10.7 -5.28742696532
10.8 -4.64389899466
10.9 -3.88676720027
11.0 -3.09169866063
11.1 -2.2979361327
11.2 -1.51279178055
11.3 -0.728962667024
11.4 0.0575397487636
11.5 0.838716572731
11.6 1.59737620901
11.7 2.31602784148
11.8 2.98362889539
11.9 3.59485271408
12.0 4.14258389765
12.1 4.60928924951
12.2 4.96376803878
12.3 5.16643822816
12.4 5.18115557567
12.5 4.98774481669
12.6 4.58900657454
12.7 4.00896478676
12.8 3.28375132024
12.9 2.4502771378
13.0 1.53875543496
13.1 0.572741174883
13.2 -0.424127284752
13.3 -1.41963897242
13.4 -2.36911843329
13.5 -3.22006620862
13.6 -3.92417072785
13.7 -4.45065130777
13.8 -4.79333425184
13.9 -4.96695623201
14.0 -4.9943925134
14.1 -4.89211194145
14.2 -4.6625308635
14.3 -4.29793585068
14.4 -3.79356067596
14.5 -3.16163073469
14.6 -2.43741278727
14.7 -1.67306595255
14.8 -0.922383355286
14.9 -0.224771814327
15.0 0.403121660462
15.1 0.964630388189
15.2 1.47218088828
15.3 1.93544511762
15.4 2.35510099689
15.5 2.72439047087
15.6 3.03560654741
15.7 3.28607364356
15.8 3.47935046841
15.9 3.62108019914
16.0 3.71256189661
16.1 3.74651380889
16.2 3.70805400032
16.3 3.58075617609
16.4 3.35468965257
16.5 3.03221938687
16.6 2.62851139552
16.7 2.16644633006
16.8 1.66853710898
16.9 1.15000010802
17.0 0.616524094606
17.1 0.0677648830059
17.2 -0.49556044485
17.3 -1.06517189396
17.4 -1.62323247866
17.5 -2.14617937494
17.6 -2.61222204529
17.7 -3.0080964654
17.8 -3.33109982099
17.9 -3.58536434676
18.0 -3.77493342822
18.1 -3.89814762209
18.2 -3.94685513965
18.3 -3.91070141724
18.4 -3.78341883817
18.5 -3.56685538156
18.6 -3.27018450509
18.7 -2.90509176229
18.8 -2.48042242959
18.9 -2.0000209496
19.0 -1.46524057838
19.1 -0.880462630925
19.2 -0.258034264349
19.3 0.380537458183
19.4 1.00797338986
19.5 1.59741765807
19.6 2.12834604359
19.7 2.58962828445
19.8 2.97894472022
19.9 3.29953485719
20.0 3.55612495068
20.1 3.75167570956
20.2 3.88577198456
20.3 3.95465300609
20.4 3.95240405042
20.5 3.8727100052
20.6 3.71065874909
20.7 3.46425351904
20.8 3.13548623409
20.9 2.73097076581
21.0 2.2621451954
21.1 1.74490170695
21.2 1.19833477775
21.3 0.642371857038
21.4 0.0945207891111
21.5 -0.433331017223
21.6 -0.936670357908
21.7 -1.41751879169
21.8 -1.88088506948
21.9 -2.32972836024
22.0 -2.76051196411
22.1 -3.16125968895
22.2 -3.51289536356
22.3 -3.793203438
22.4 -3.98179179124
22.5 -4.06437862451
22.6 -4.03537367719
22.7 -3.8985199804
22.8 -3.66584064815
22.9 -3.35523963047
23.0 -2.98712102934
23.1 -2.58059395398
23.2 -2.15018015742
23.3 -1.70409922979
23.4 -1.24484215564
23.5 -0.771876974684
23.6 -0.285385089741
23.7 0.210543455147
23.8 0.706536435716
23.9 1.18879545872
24.0 1.64163657738
24.1 2.05061050288
24.2 2.40509294512
24.3 2.69962418863
24.4 2.93377657873
24.5 3.11075435228
24.6 3.23524462059
24.7 3.31124180261
24.8 3.34059164532
24.9 3.32274240559
25.0 3.25566542934
25.1 3.13734793125
25.2 2.9670163946
25.3 2.74552386518
25.4 2.47497931276
25.5 2.15826191465
25.6 1.79911299371
25.7 1.4029636723
25.8 0.977923856809
25.9 0.535003432309
26.0 0.0869848085002
26.1 -0.353776643271
26.2 -0.777572313824
26.3 -1.17839370132
26.4 -1.55325503511
26.5 -1.90019341135
26.6 -2.2160519955
26.7 -2.49517256421
26.8 -2.72953898935
26.9 -2.91015681258
27.0 -3.0289755583
27.1 -3.08063012911
27.2 -3.06355004342
27.3 -2.98029754333
27.4 -2.83719371274
27.5 -2.64339387471
27.6 -2.40965705692
27.7 -2.14711807949
27.8 -1.86632749825
27.9 -1.57662750561
28.0 -1.2856891695
28.1 -0.998965218304
28.2 -0.71904166805
28.3 -0.445269348651
28.4 -0.174272685686
28.5 0.0983323921386
28.6 0.375385680696
28.7 0.655880879108
28.8 0.93416528987
28.9 1.20126336481
29.0 1.4478234838
29.1 1.66725436033
29.2 1.85748168569
29.3 2.0205163227
29.4 2.16020160188
29.5 2.27937890635
29.6 2.37781297868
29.7 2.45162203519
29.8 2.49414697369
29.9 2.49767038313
30.0 2.45533530776
30.1 2.36268062882
30.2 2.21901034759
30.3 2.02801295286
30.4 1.79711148745
30.5 1.53596418667
30.6 1.2543234573
30.7 0.960010944866
30.8 0.657837848474
30.9 0.349917528698
31.0 0.0371727880208
31.1 -0.278685477205
31.2 -0.593550686737
31.3 -0.900245063389
31.4 -1.18890898007
31.5 -1.44827932995
31.6 -1.66756317257
31.7 -1.83856031273
31.8 -1.95756835937
31.9 -2.02646090823
32.0 -2.05237597964
32.1 -2.04585559399
32.2 -2.0179409158
32.3 -1.97727966678
32.4 -1.92834915349
32.5 -1.87134260257
32.6 -1.80342856881
32.7 -1.72050384726
32.8 -1.6185742996
32.9 -1.49442960662
33.0 -1.34587594806
33.1 -1.17199796674
33.2 -0.973632951682
33.3 -0.753770295056
33.4 -0.517396536709
33.5 -0.270602763513
33.6 -0.0193376631603
33.7 0.231449845974
33.8 0.477720465605
33.9 0.715396115124
34.0 0.939287766236
34.1 1.14278795353
34.2 1.31874157296
34.3 1.46112768718
34.4 1.56664003825
34.5 1.63530810496
34.6 1.66988868339
34.7 1.67446113672
34.8 1.65302437778
34.9 1.60874268164
35.0 1.54399812644
35.1 1.4609365634
35.2 1.36201084226
35.3 1.25015894207
35.4 1.12854065111
35.5 0.99999875956
35.6 0.866513997827
35.7 0.728903264643
35.8 0.586920577295
35.9 0.439786360031
36.0 0.287003884406
36.1 0.129166574131
36.2 -0.0315933440242
36.3 -0.191742112343
36.4 -0.347024338912
36.5 -0.493367786023
36.6 -0.627590961816
36.7 -0.747629752061
36.8 -0.85228812129
36.9 -0.940764351763
37.0 -1.01225904331
37.1 -1.06583479344
37.2 -1.10050397577
37.3 -1.1154176249
37.4 -1.11005879897
37.5 -1.08443087413
37.6 -1.03926505391
37.7 -0.9762154758
37.8 -0.897930293572
37.9 -0.807881212111
38.0 -0.709935124294
38.1 -0.607793360595
38.2 -0.504499670516
38.3 -0.402174288223
38.4 -0.302011449283
38.5 -0.204475628052
38.6 -0.10960611524
38.7 -0.0173681496186
38.8 0.0719954145881
38.9 0.157689019227
39.0 0.23828117698
39.1 0.311898994355
39.2 0.376662932276
39.3 0.43117415905
39.4 0.474808033548
39.5 0.507667933241
39.6 0.53026174878
39.7 0.543134207505
39.8 0.546694553632
39.9 0.541314956751
40.0 0.527565000716
40.1 0.506351405114
40.2 0.478819743117
40.3 0.446073261543
40.4 0.408916544574
40.5 0.367821947092
40.6 0.323155298193
40.7 0.275508880757
40.8 0.225912996491
40.9 0.175782159311
41.0 0.126629120068
41.1 0.0797218908857
41.2 0.0358754945564
41.3 -0.00453358209498
41.4 -0.0413827510951
41.5 -0.0745848510888
41.6 -0.103959511639
41.7 -0.129237681325
41.8 -0.150158295545
41.9 -0.166577475661
42.0 -0.178526675513
42.1 -0.186201474484
42.2 -0.189903690683
42.3 -0.189976378359
42.4 -0.186763602307
42.5 -0.180605900687
42.6 -0.171861099225
42.7 -0.160927975036
42.8 -0.14825138039
42.9 -0.134300325256
43.0 -0.119527944451
43.1 -0.104333909194
43.2 -0.0890481946759
43.3 -0.0739411699108
43.4 -0.0592483633651
43.5 -0.0451905995479
43.6 -0.0319763717441
43.7 -0.0197877852119
43.8 -0.00876286741557
43.9 0.00101251317587
44.0 0.00949921715524
44.1 0.0166925075311
44.2 0.0226127679079
44.3 0.027303861693
44.4 0.030835449293
44.5 0.0333017372283
44.6 0.0348124825589
44.7 0.0354790837539
44.8 0.0354031141619
44.9 0.0346732463956
45.0 0.0333707965333
45.1 0.031578784855
45.2 0.0293881729214
45.3 0.02689791564
45.4 0.0242097996996
45.5 0.0214215822917
45.6 0.018621570868
45.7 0.0158856644054
45.8 0.0132760250043
45.9 0.0108401722922
46.0 0.00861017532869
46.1 0.00660267591187
46.2 0.00482075402268
46.3 0.00325792523524
46.4 0.00190335601898
46.5 0.000746508631371
46.6 -0.000220512844759
46.7 -0.00100359641226
46.8 -0.00160942989498
46.9 -0.00204860858207
47.0 -0.00233717096426
47.1 -0.00249575741528
47.2 -0.00254702303416
47.3 -0.00251281963613
47.4 -0.00241249080288
47.5 -0.00226265381278
47.6 -0.00207784896284
47.7 -0.00187110261181
47.8 -0.00165387575051
47.9 -0.00143558151041
48.0 -0.00122325116986
48.1 -0.00102176021845
48.2 -0.000834530384003
48.3 -0.000664252694889
48.4 -0.00051320606992
48.5 -0.000383090397105
48.6 -0.000274640604485
48.7 -0.00018738472908
48.8 -0.000119738819281
48.9 -6.93752480324e-05
49.0 -3.36546034033e-05
49.1 -9.93999453171e-06
49.2 4.25816209307e-06
49.3 1.12473687557e-05
49.4 1.31400254227e-05
49.5 1.18134185469e-05
49.6 8.84789293002e-06
49.7 5.47561114097e-06
49.8 2.56646201376e-06
49.9 6.55813343101e-07
50.0 0.0
50.1 0.0
50.2 0.0
50.3 0.0
50.4 0.0
50.5 0.0
50.6 0.0
50.7 0.0
50.8 0.0
50.9 0.0
51.0 0.0
51.1 0.0
51.2 0.0
51.3 0.0
51.4 0.0
51.5 0.0
51.6 0.0
51.7 0.0
51.8 0.0
51.9 0.0
52.0 0.0
52.1 0.0
52.2 0.0
52.3 0.0
52.4 0.0
52.5 0.0
52.6 0.0
52.7 0.0
52.8 0.0
52.9 0.0
53.0 0.0
53.1 0.0
53.2 0.0
53.3 0.0
53.4 0.0
53.5 0.0
53.6 0.0
53.7 0.0
53.8 0.0
53.9 0.0
54.0 0.0
54.1 0.0
54.2 0.0
54.3 0.0
54.4 0.0
54.5 0.0
54.6 0.0
54.7 0.0
54.8 0.0
54.9 0.0
55.0 0.0
55.1 0.0
55.2 0.0
55.3 0.0
55.4 0.0
55.5 0.0
55.6 0.0
55.7 0.0
55.8 0.0
55.9 0.0
56.0 0.0
56.1 0.0
56.2 0.0
56.3 0.0
56.4 0.0
56.5 0.0
56.6 0.0
56.7 0.0
56.8 0.0
56.9 0.0
57.0 0.0
57.1 0.0
57.2 0.0
57.3 0.0
57.4 0.0
57.5 0.0
57.6 0.0
57.7 0.0
57.8 0.0
57.9 0.0
58.0 0.0
58.1 0.0
58.2 0.0
58.3 0.0
58.4 0.0
58.5 0.0
58.6 0.0
58.7 0.0
58.8 0.0
58.9 0.0
59.0 0.0
59.1 0.0
59.2 0.0
59.3 0.0
59.4 0.0
59.5 0.0
59.6 0.0
59.7 0.0
59.8 0.0
59.9 0.0
60.0 0.0
60.1 0.0
60.2 0.0
60.3 0.0
60.4 0.0
60.5 0.0
60.6 0.0
60.7 0.0
60.8 0.0
60.9 0.0
61.0 0.0
61.1 0.0
61.2 0.0
61.3 0.0
61.4 0.0
61.5 0.0
61.6 0.0
61.7 0.0
61.8 0.0
61.9 0.0
62.0 0.0
62.1 0.0
62.2 0.0
62.3 0.0
62.4 0.0
62.5 0.0
62.6 0.0
62.7 0.0
62.8 0.0
62.9 0.0
63.0 0.0
63.1 0.0
63.2 0.0
63.3 0.0
63.4 0.0
63.5 0.0
63.6 0.0
63.7 0.0
63.8 0.0
63.9 0.0
64.0 0.0
64.1 0.0
64.2 0.0
64.3 0.0
64.4 0.0
64.5 0.0
64.6 0.0
64.7 0.0
64.8 0.0
64.9 0.0
65.0 0.0
65.1 0.0
65.2 0.0
65.3 0.0
65.4 0.0
65.5 0.0
65.6 0.0
65.7 0.0
65.8 0.0
65.9 0.0
66.0 0.0
66.1 0.0
66.2 0.0
66.3 0.0
66.4 0.0
66.5 0.0
66.6 0.0
66.7 0.0
66.8 0.0
66.9 0.0
67.0 0.0
67.1 0.0
67.2 0.0
67.3 0.0
67.4 0.0
67.5 0.0
67.6 0.0
67.7 0.0
67.8 0.0
67.9 0.0
68.0 0.0
68.1 0.0
68.2 0.0
68.3 0.0
68.4 0.0
68.5 0.0
68.6 0.0
68.7 0.0
68.8 0.0
68.9 0.0
69.0 0.0
69.1 0.0
69.2 0.0
69.3 0.0
69.4 0.0
69.5 0.0
69.6 0.0
69.7 0.0
69.8 0.0
69.9 0.0
70.0 0.0
70.1 0.0
70.2 0.0
70.3 0.0
70.4 0.0
70.5 0.0
70.6 0.0
70.7 0.0
70.8 0.0
70.9 0.0
71.0 0.0
71.1 0.0
71.2 0.0
71.3 0.0
71.4 0.0
71.5 0.0
71.6 0.0
71.7 0.0
71.8 0.0
71.9 0.0
72.0 0.0
72.1 0.0
72.2 0.0
72.3 0.0
72.4 0.0
72.5 0.0
72.6 0.0
72.7 0.0
72.8 0.0
72.9 0.0
73.0 0.0
73.1 0.0
73.2 0.0
73.3 0.0
73.4 0.0
73.5 0.0
73.6 0.0
73.7 0.0
73.8 0.0
73.9 0.0
74.0 0.0
74.1 0.0
74.2 0.0
74.3 0.0
74.4 0.0
74.5 0.0
74.6 0.0
74.7 0.0
74.8 0.0
74.9 0.0
75.0 0.0
75.1 0.0
75.2 0.0
75.3 0.0
75.4 0.0
75.5 0.0
75.6 0.0
75.7 0.0
75.8 0.0
75.9 0.0
76.0 0.0
76.1 0.0
76.2 0.0
76.3 0.0
76.4 0.0
76.5 0.0
76.6 0.0
76.7 0.0
76.8 0.0
76.9 0.0
77.0 0.0
77.1 0.0
77.2 0.0
77.3 0.0
77.4 0.0
77.5 0.0
77.6 0.0
77.7 0.0
77.8 0.0
77.9 0.0
78.0 0.0
78.1 0.0
78.2 0.0
78.3 0.0
78.4 0.0
78.5 0.0
78.6 0.0
78.7 0.0
78.8 0.0
78.9 0.0
79.0 0.0
79.1 0.0
79.2 0.0
79.3 0.0
79.4 0.0
79.5 0.0
79.6 0.0
79.7 0.0
79.8 0.0
79.9 0.0
80.0 0.0
80.1 0.0
80.2 0.0
80.3 0.0
80.4 0.0
80.5 0.0
80.6 0.0
80.7 0.0
80.8 0.0
80.9 0.0
81.0 0.0
81.1 0.0
81.2 0.0
81.3 0.0
81.4 0.0
81.5 0.0
81.6 0.0
81.7 0.0
81.8 0.0
81.9 0.0
82.0 0.0
82.1 0.0
82.2 0.0
82.3 0.0
82.4 0.0
82.5 0.0
82.6 0.0
82.7 0.0
82.8 0.0
82.9 0.0
83.0 0.0
83.1 0.0
83.2 0.0
83.3 0.0
83.4 0.0
83.5 0.0
83.6 0.0
83.7 0.0
83.8 0.0
83.9 0.0
84.0 0.0
84.1 0.0
84.2 0.0
84.3 0.0
84.4 0.0
84.5 0.0
84.6 0.0
84.7 0.0
84.8 0.0
84.9 0.0
85.0 0.0
85.1 0.0
85.2 0.0
85.3 0.0
85.4 0.0
85.5 0.0
85.6 0.0
85.7 0.0
85.8 0.0
85.9 0.0
86.0 0.0
86.1 0.0
86.2 0.0
86.3 0.0
86.4 0.0
86.5 0.0
86.6 0.0
86.7 0.0
86.8 0.0
86.9 0.0
87.0 0.0
87.1 0.0
87.2 0.0
87.3 0.0
87.4 0.0
87.5 0.0
87.6 0.0
87.7 0.0
87.8 0.0
87.9 0.0
88.0 0.0
88.1 0.0
88.2 0.0
88.3 0.0
88.4 0.0
88.5 0.0
88.6 0.0
88.7 0.0
88.8 0.0
88.9 0.0
89.0 0.0
89.1 0.0
89.2 0.0
89.3 0.0
89.4 0.0
89.5 0.0
89.6 0.0
89.7 0.0
89.8 0.0
89.9 0.0
90.0 0.0
90.1 0.0
90.2 0.0
90.3 0.0
90.4 0.0
90.5 0.0
90.6 0.0
90.7 0.0
90.8 0.0
90.9 0.0
91.0 0.0
91.1 0.0
91.2 0.0
91.3 0.0
91.4 0.0
91.5 0.0
91.6 0.0
91.7 0.0
91.8 0.0
91.9 0.0
92.0 0.0
92.1 0.0
92.2 0.0
92.3 0.0
92.4 0.0
92.5 0.0
92.6 0.0
92.7 0.0
92.8 0.0
92.9 0.0
93.0 0.0
93.1 0.0
93.2 0.0
93.3 0.0
93.4 0.0
93.5 0.0
93.6 0.0
93.7 0.0
93.8 0.0
93.9 0.0
94.0 0.0
94.1 0.0
94.2 0.0
94.3 0.0
94.4 0.0
94.5 0.0
94.6 0.0
94.7 0.0
94.8 0.0
94.9 0.0
95.0 0.0
95.1 0.0
95.2 0.0
95.3 0.0
95.4 0.0
95.5 0.0
95.6 0.0
95.7 0.0
95.8 0.0
95.9 0.0
96.0 0.0
96.1 0.0
96.2 0.0
96.3 0.0
96.4 0.0
96.5 0.0
96.6 0.0
96.7 0.0
96.8 0.0
96.9 0.0
97.0 0.0
97.1 0.0
97.2 0.0
97.3 0.0
97.4 0.0
97.5 0.0
97.6 0.0
97.7 0.0
97.8 0.0
97.9 0.0
98.0 0.0
98.1 0.0
98.2 0.0
98.3 0.0
98.4 0.0
98.5 0.0
98.6 0.0
98.7 0.0
98.8 0.0
98.9 0.0
99.0 0.0
99.1 0.0
99.2 0.0
99.3 0.0
99.4 0.0
99.5 0.0
99.6 0.0
99.7 0.0
99.8 0.0
99.9 0.0
100.0 0.0
100.1 0.0
100.2 0.0
100.3 0.0
100.4 0.0
100.5 0.0
100.6 0.0
100.7 0.0
100.8 0.0
100.9 0.0
101.0 0.0
101.1 0.0
101.2 0.0
101.3 0.0
101.4 0.0
101.5 0.0
101.6 0.0
101.7 0.0
101.8 0.0
101.9 0.0
102.0 0.0
102.1 0.0
102.2 0.0
102.3 0.0
