0.0 -0.331099595029
0.09465 0.142169274168
0.1893 0.606135171699
0.28395 0.985377451666
0.3786 1.2247720579
0.47325 1.3079899959
0.5679 1.2586430517
0.66255 1.1248749121
0.7572 0.955403272372
0.85185 0.777765419438
0.9465 0.589116483731
1.04115 0.364118278241
1.1358 0.0756456671664
1.23045 -0.281060561879
1.3251 -0.671821266907
1.41975 -1.02437244158
1.5144 -1.24954113721
1.60905 -1.27441464745
1.7037 -1.06855290185
1.79835 -0.648502580978
1.893 -0.0657631477208
1.98765 0.606408771092
2.0823 1.28015536503
2.17695 1.85589551956
2.2716 2.22282316553
2.36625 2.26177717428
2.4609 1.8617914713
2.55555 0.955277021544
2.6502 -0.440761343609
2.74485 -2.19816742673
2.8395 -4.0760790528
2.93415 -5.74210394154
3.0288 -6.81316594746
3.12345 -6.91894685754
3.2181 -5.7926242806
3.31275 -3.37704272585
3.4074 0.0950985938737
3.50205 4.09755292602
3.5967 7.90469312975
3.69135 10.7597353571
3.786 12.0636858651
3.88065 11.5273155105
3.9753 9.24248139849
4.06995 5.65331356626
4.1646 1.43584888471
4.25925 -2.67830652008
4.3539 -6.08008290246
4.44855 -8.4075025347
4.5432 -9.58114674161
4.63785 -9.74990754617
4.7325 -9.17965001189
4.82715 -8.1338302276
4.9218 -6.79173217877
5.01645 -5.22903401819
5.1111 -3.45456824147
5.20575 -1.47289839671
5.3004 0.66229844506
5.39505 2.82640556819
5.4897 4.83816362035
5.58435 6.5008195958
5.679 7.65302848883
5.77365 8.21049884075
5.8683 8.18297909701
5.96295 7.66021379772
6.0576 6.77330761568
6.15225 5.64848554353
6.2469 4.37296421065
6.34155 2.98620946584
6.4362 1.49763652156
6.53085 -0.0802387380896
6.6255 -1.70103192461
6.72015 -3.27197744811
6.8148 -4.66594949994
6.90945 -5.75294453664
7.0041 -6.43811549517
7.09875 -6.69154143058
7.1934 -6.55822533391
7.28805 -6.14346088062
7.3827 -5.57742012425
7.47735 -4.97097213328
7.572 -4.37925132965
7.66665 -3.78774684269
7.7613 -3.12686709513
7.85595 -2.30899829562
7.9506 -1.27264109508
8.04525 -0.0154832956154
8.1399 1.39627893638
8.23455 2.84454063301
8.3292 4.19367639512
8.42385 5.32843154383
8.5185 6.18060902896
8.61315 6.73508442909
8.7078 7.01472767397
8.80245 7.05274422286
8.8971 6.86605926664
8.99175 6.44267345099
9.0864 5.74934854155
9.18105 4.75606489853
9.2757 3.46512740942
9.37035 1.93033910793
9.465 0.256558834591
9.55965 -1.42070904736
9.6543 -2.96680743526
9.74895 -4.27713066965
9.8436 -5.29311131353
9.93825 -6.00126916243
10.0329 -6.41929304308
10.12755 -6.57777154511
10.2222 -6.506272694
10.31685 -6.2286536404
10.4115 -5.76684239396
10.50615 -5.14767153751
10.6008 -4.40627306824
10.69545 -3.58256417632
10.7901 -2.71236348188
10.88475 -1.81853361972
10.9794 -0.908024251936
11.07405 0.0223624884946
11.1687 0.973583761776
11.26335 1.93159924952
11.358 2.86137695491
11.45265 3.71153113926
11.5473 4.4278546894
11.64195 4.96938199218
11.7366 5.31941943211
11.83125 5.48658440514
11.9259 5.49583443014
12.02055 5.37429426555
12.1152 5.13902090428
12.20985 4.79246893853
12.3045 4.32711175399
12.39915 3.73583215121
12.4938 3.02195348892
12.58845 2.20352648644
12.6831 1.31013258933
12.77775 0.374898682654
12.8724 -0.572897780847
12.96705 -1.50988590345
13.0617 -2.41414578699
13.15635 -3.25746034476
13.251 -4.00009485095
13.34565 -4.59312219887
13.4403 -4.9893918172
13.53495 -5.15924955879
13.6296 -5.10378080968
13.72425 -4.85859735983
13.8189 -4.48511205508
13.91355 -4.05199964516
14.0082 -3.61425739094
14.10285 -3.19854877164
14.1975 -2.80065072386
14.29215 -2.39524763905
14.3868 -1.95279104188
14.48145 -1.4553457163
14.5761 -0.904527575286
14.67075 -0.319029902966
14.7654 0.275510171423
14.86005 0.858094410777
14.9547 1.41913260094
15.04935 1.95927656823
15.144 2.48169954583
15.23865 2.98264374492
15.3333 3.44572190233
15.42795 3.84317881399
15.5226 4.14348506598
15.61725 4.32136604702
15.7119 4.36535056427
15.80655 4.27953873358
15.9012 4.07949390202
15.99585 3.78513194643
16.0905 3.41463696116
16.18515 2.98228885696
16.2798 2.50045219624
16.37445 1.98343080794
16.4691 1.44988355745
16.56375 0.921529159117
16.6584 0.418266496394
16.75305 -0.0478313042906
16.8477 -0.476283043219
16.94235 -0.877393258104
17.037 -1.26692071128
17.13165 -1.65864641561
17.2263 -2.05831441708
17.32095 -2.46157633664
17.4156 -2.85634524336
17.51025 -3.22762860689
17.6049 -3.56177426386
17.69955 -3.84773695674
17.7942 -4.07502913071
17.88885 -4.23024579339
17.9835 -4.29514181506
18.07815 -4.2485288447
18.1728 -4.07210752618
18.26745 -3.75794500698
18.3621 -3.31400499197
18.45675 -2.7647146712
18.5514 -2.14577329272
18.64605 -1.49514194792
18.7407 -0.843986603764
18.83535 -0.21132895834
18.93 0.395687350829
19.02465 0.976718948602
19.1193 1.53132526342
19.21395 2.05383273387
19.3086 2.5323183312
19.40325 2.95175977308
19.4979 3.29925236853
19.59255 3.56830377793
19.6872 3.75996365475
19.78185 3.8804196281
19.8765 3.93662197553
19.97115 3.9324485391
20.0658 3.8674391529
20.16045 3.73856481785
20.2551 3.54377014633
20.34975 3.285098697
20.4444 2.9695553533
20.53905 2.60723020841
20.6337 2.20780098199
20.72835 1.77745131981
20.823 1.31800060937
20.91765 0.828805458277
21.0123 0.310471997608
21.10695 -0.231549758991
21.2016 -0.78532874868
21.29625 -1.33355671357
21.3909 -1.85676691822
21.48555 -2.3370502421
21.5802 -2.76058295908
21.67485 -3.11810801492
21.7695 -3.4037174785
21.86415 -3.61317153789
21.9588 -3.74307925137
22.05345 -3.79155378016
22.1481 -3.75989350829
22.24275 -3.65406885951
22.3374 -3.48476892713
22.43205 -3.26550194221
22.5267 -3.00932987041
22.62135 -2.72563534883
22.716 -2.41840607455
22.81065 -2.08682264825
22.9053 -1.72782758326
22.99995 -1.33942904175
23.0946 -0.923232868962
23.18925 -0.4852082252
23.2839 -0.0346636007935
23.37855 0.417704926877
23.4732 0.861504314968
23.56785 1.28725575249
23.6625 1.68591881929
23.75715 2.0480756649
23.8518 2.36377345546
23.94645 2.62362484361
24.0411 2.82095089993
24.13575 2.95399434331
24.2304 3.0269811181
24.32505 3.04923462243
24.4197 3.03244523627
24.51435 2.98710252431
24.609 2.91953357294
24.70365 2.83072790816
24.7983 2.71730059871
24.89295 2.57397200492
24.9876 2.39631051942
25.08225 2.18249184114
25.1769 1.93344041087
25.27155 1.65159917393
25.3662 1.33926773339
25.46085 0.9976173037
25.5555 0.627074926043
25.65015 0.229004659952
25.7448 -0.192104072058
25.83945 -0.627049234524
25.9341 -1.06181812964
26.02875 -1.47923255652
26.1234 -1.86185163767
26.21805 -2.19513425942
26.3127 -2.4697804407
26.40735 -2.6825166231
26.502 -2.83518609295
26.59665 -2.93259984384
26.6913 -2.97998193285
26.78595 -2.98090597713
26.8806 -2.93638756555
26.97525 -2.84537707581
27.0699 -2.70642648341
27.16455 -2.51991239414
27.2592 -2.28998895375
27.35385 -2.02548407465
27.4485 -1.73925296389
27.54315 -1.44600331108
27.6378 -1.15916486899
27.73245 -0.887796151435
27.8271 -0.634618118728
27.92175 -0.39595208672
28.0164 -0.163689667765
28.11105 0.0713331100732
28.2057 0.315740316761
28.30035 0.571085660216
28.395 0.83325489363
28.48965 1.09381973727
28.5843 1.34275945333
28.67895 1.57136958367
28.7736 1.77396830364
28.86825 1.94799163239
28.9629 2.09267780338
29.05755 2.20723659453
29.1522 2.28958952012
29.24685 2.33640385741
29.3415 2.34441901563
29.43615 2.31234874537
29.5308 2.24230146696
29.62545 2.13986794329
29.7201 2.01267783528
29.81475 1.86799745487
29.9094 1.71044482999
30.00405 1.54088395445
30.0987 1.35703365469
30.19335 1.15554285162
30.288 0.934616942283
30.38265 0.69603831295
30.4773 0.445706587435
30.57195 0.192483403962
30.6666 -0.0541496123679
30.76125 -0.286644179969
30.8559 -0.501148677104
30.95055 -0.697869880886
31.0452 -0.880022891102
31.13985 -1.05189834662
31.2345 -1.21683873132
31.32915 -1.37583240392
31.4238 -1.52709154865
31.51845 -1.66656021728
31.6131 -1.78898385511
31.70775 -1.88906679456
31.8024 -1.96234473461
31.89705 -2.00561532606
31.9917 -2.01698359382
32.08635 -1.99570179753
32.181 -1.9419886911
32.27565 -1.85693225289
32.3703 -1.74247358814
32.46495 -1.6013942119
32.5596 -1.43721384438
32.65425 -1.25394915453
32.7489 -1.05576038948
32.84355 -0.84658719373
32.9382 -0.629913227246
33.03285 -0.408778230125
33.1275 -0.186071902529
33.22215 0.0349819453059
33.3168 0.250363034848
33.41145 0.45508177912
33.5061 0.643507982231
33.60075 0.810240711769
33.6954 0.951321018605
33.79005 1.06538208197
33.8847 1.15425852613
33.97935 1.22269801331
34.074 1.27711283754
34.16865 1.32367312695
34.2633 1.36632821566
34.35795 1.40542111493
34.4526 1.43738611078
34.54725 1.45565167072
34.6419 1.4524545591
34.73655 1.42097244694
34.8312 1.35711566568
34.92585 1.26049702068
35.0205 1.13443089158
35.11515 0.985149908705
35.2098 0.820632102025
35.30445 0.649439782798
35.3991 0.479816181362
35.49375 0.319071421484
35.5884 0.173134177657
35.68305 0.0461216205712
35.7777 -0.0601180315662
35.87235 -0.146383029045
35.967 -0.216202038052
36.06165 -0.275420193568
36.1563 -0.331214099049
36.25095 -0.390660278148
36.3456 -0.459160239686
36.44025 -0.53911150722
36.5349 -0.629176715248
36.62955 -0.72435966061
36.7242 -0.816897886521
36.81885 -0.897783590058
36.9135 -0.958574954494
37.00815 -0.993087491585
37.1028 -0.998573549758
37.19745 -0.976109049522
37.2921 -0.930095289733
37.38675 -0.867013825285
37.4814 -0.793784375516
37.57605 -0.716199211335
37.6707 -0.637887430329
37.76535 -0.560088196461
37.86 -0.482232803446
37.95465 -0.403050682467
38.0493 -0.321736567532
38.14395 -0.238720903997
38.2386 -0.155774501133
38.33325 -0.0754717430635
38.4279 -0.000306243225798
38.52255 0.0681198737096
38.6172 0.129479430596
38.71185 0.184545825787
38.8065 0.234596551361
38.90115 0.280710439682
38.9958 0.323286665364
39.09045 0.361963933199
39.1851 0.395895276518
39.27975 0.424159337841
39.3744 0.446052515706
39.46905 0.46111809678
39.5637 0.468956031588
39.65835 0.469007647202
39.753 0.46053429913
39.84765 0.442892433779
39.9423 0.41601650768
40.03695 0.380866767771
40.1316 0.339573847776
40.22625 0.295138426388
40.3209 0.250759468636
40.41555 0.209055311857
40.5102 0.171504906065
40.60485 0.138335394554
40.6995 0.108867570169
40.79415 0.0821138262269
40.8888 0.0573167096818
40.98345 0.034174072287
41.0781 0.0126856586317
41.17275 -0.00722717412494
41.2674 -0.0260494373988
41.36205 -0.044700038975
41.4567 -0.0641840292957
41.55135 -0.0850173948475
41.646 -0.106723761219
41.74065 -0.127698749477
41.8353 -0.1455758833
41.92995 -0.157987526807
42.0246 -0.163416222843
42.11925 -0.161775626012
42.2139 -0.154473845932
42.30855 -0.143938873042
42.4032 -0.132815489895
42.49785 -0.123168188603
42.5925 -0.11599325422
42.68715 -0.111181331403
42.7818 -0.107865519253
42.87645 -0.104939042713
42.9711 -0.101494476738
43.06575 -0.0970231388235
43.1604 -0.0913608900016
43.25505 -0.0844944222138
43.3497 -0.0763891106499
43.44435 -0.0669530114464
43.539 -0.0561485728722
43.63365 -0.0441664333013
43.7283 -0.0315369421486
43.82295 -0.0190910190456
43.9176 -0.00776732419313
44.01225 0.0016523880905
44.1069 0.00875924777012
44.20155 0.0135896379302
44.2962 0.016531464266
44.39085 0.0181207868695
44.4855 0.0188302464927
44.58015 0.01894219926
44.6748 0.0185470363916
44.76945 0.0176416129536
44.8641 0.0162580282468
44.95875 0.0145486479923
45.0534 0.0127860202839
45.14805 0.0112848659046
45.2427 0.0102914104943
45.33735 0.00989584643962
45.432 0.0100058952339
45.52665 0.010386650398
45.6213 0.0107425040156
45.71595 0.0108042478986
45.8106 0.0103907905505
45.90525 0.00943284891606
45.9999 0.00796401067243
46.09455 0.00609413247298
46.1892 0.00397925910672
46.28385 0.00179527645849
46.3785 -0.00028434333667
46.47315 -0.00210886155728
46.5678 -0.00356888469709
46.66245 -0.00461016770883
46.7571 -0.00523820982988
46.85175 -0.00551131414631
46.9464 -0.00552386498154
47.04105 -0.00538498176432
47.1357 -0.00519848655534
47.23035 -0.00504830909512
47.325 -0.00499069398327
47.41965 -0.00499069398327
47.5143 -0.00499069398327
47.60895 -0.00499069398327
47.7036 -0.00499069398327
47.79825 -0.00499069398327
47.8929 -0.00499069398327
47.98755 -0.00499069398327
48.0822 -0.00499069398327
48.17685 -0.00499069398327
48.2715 -0.00499069398327
48.36615 -0.00499069398327
48.4608 -0.00499069398327
48.55545 -0.00499069398327
48.6501 -0.00499069398327
48.74475 -0.00499069398327
48.8394 -0.00499069398327
48.93405 -0.00499069398327
49.0287 -0.00499069398327
49.12335 -0.00499069398327
49.218 -0.00499069398327
49.31265 -0.00499069398327
49.4073 -0.00499069398327
49.50195 -0.00499069398327
49.5966 -0.00499069398327
49.69125 -0.00499069398327
49.7859 -0.00499069398327
49.88055 -0.00499069398327
49.9752 -0.00499069398327
50.06985 -0.00499069398327
50.1645 -0.00499069398327
50.25915 -0.00499069398327
50.3538 -0.00499069398327
50.44845 -0.00499069398327
50.5431 -0.00499069398327
50.63775 -0.00499069398327
50.7324 -0.00499069398327
50.82705 -0.00499069398327
50.9217 -0.00499069398327
51.01635 -0.00499069398327
51.111 -0.00499069398327
51.20565 -0.00499069398327
51.3003 -0.00499069398327
51.39495 -0.00499069398327
51.4896 -0.00499069398327
51.58425 -0.00499069398327
51.6789 -0.00499069398327
51.77355 -0.00499069398327
51.8682 -0.00499069398327
51.96285 -0.00499069398327
52.0575 -0.00499069398327
52.15215 -0.00499069398327
52.2468 -0.00499069398327
52.34145 -0.00499069398327
52.4361 -0.00499069398327
52.53075 -0.00499069398327
52.6254 -0.00499069398327
52.72005 -0.00499069398327
52.8147 -0.00499069398327
52.90935 -0.00499069398327
53.004 -0.00499069398327
53.09865 -0.00499069398327
53.1933 -0.00499069398327
53.28795 -0.00499069398327
53.3826 -0.00499069398327
53.47725 -0.00499069398327
53.5719 -0.00499069398327
53.66655 -0.00499069398327
53.7612 -0.00499069398327
53.85585 -0.00499069398327
53.9505 -0.00499069398327
54.04515 -0.00499069398327
54.1398 -0.00499069398327
54.23445 -0.00499069398327
54.3291 -0.00499069398327
54.42375 -0.00499069398327
54.5184 -0.00499069398327
54.61305 -0.00499069398327
54.7077 -0.00499069398327
54.80235 -0.00499069398327
54.897 -0.00499069398327
54.99165 -0.00499069398327
55.0863 -0.00499069398327
55.18095 -0.00499069398327
55.2756 -0.00499069398327
55.37025 -0.00499069398327
55.4649 -0.00499069398327
55.55955 -0.00499069398327
55.6542 -0.00499069398327
55.74885 -0.00499069398327
55.8435 -0.00499069398327
55.93815 -0.00499069398327
56.0328 -0.00499069398327
56.12745 -0.00499069398327
56.2221 -0.00499069398327
56.31675 -0.00499069398327
56.4114 -0.00499069398327
56.50605 -0.00499069398327
56.6007 -0.00499069398327
56.69535 -0.00499069398327
56.79 -0.00499069398327
56.88465 -0.00499069398327
56.9793 -0.00499069398327
57.07395 -0.00499069398327
57.1686 -0.00499069398327
57.26325 -0.00499069398327
57.3579 -0.00499069398327
57.45255 -0.00499069398327
57.5472 -0.00499069398327
57.64185 -0.00499069398327
57.7365 -0.00499069398327
57.83115 -0.00499069398327
57.9258 -0.00499069398327
58.02045 -0.00499069398327
58.1151 -0.00499069398327
58.20975 -0.00499069398327
58.3044 -0.00499069398327
58.39905 -0.00499069398327
58.4937 -0.00499069398327
58.58835 -0.00499069398327
58.683 -0.00499069398327
58.77765 -0.00499069398327
58.8723 -0.00499069398327
58.96695 -0.00499069398327
59.0616 -0.00499069398327
59.15625 -0.00499069398327
59.2509 -0.00499069398327
59.34555 -0.00499069398327
59.4402 -0.00499069398327
59.53485 -0.00499069398327
59.6295 -0.00499069398327
59.72415 -0.00499069398327
59.8188 -0.00499069398327
59.91345 -0.00499069398327
60.0081 -0.00499069398327
60.10275 -0.00499069398327
60.1974 -0.00499069398327
60.29205 -0.00499069398327
60.3867 -0.00499069398327
60.48135 -0.00499069398327
60.576 -0.00499069398327
60.67065 -0.00499069398327
60.7653 -0.00499069398327
60.85995 -0.00499069398327
60.9546 -0.00499069398327
61.04925 -0.00499069398327
61.1439 -0.00499069398327
61.23855 -0.00499069398327
61.3332 -0.00499069398327
61.42785 -0.00499069398327
61.5225 -0.00499069398327
61.61715 -0.00499069398327
61.7118 -0.00499069398327
61.80645 -0.00499069398327
61.9011 -0.00499069398327
61.99575 -0.00499069398327
62.0904 -0.00499069398327
62.18505 -0.00499069398327
62.2797 -0.00499069398327
62.37435 -0.00499069398327
62.469 -0.00499069398327
62.56365 -0.00499069398327
62.6583 -0.00499069398327
62.75295 -0.00499069398327
62.8476 -0.00499069398327
62.94225 -0.00499069398327
63.0369 -0.00499069398327
63.13155 -0.00499069398327
63.2262 -0.00499069398327
63.32085 -0.00499069398327
63.4155 -0.00499069398327
63.51015 -0.00499069398327
63.6048 -0.00499069398327
63.69945 -0.00499069398327
63.7941 -0.00499069398327
63.88875 -0.00499069398327
63.9834 -0.00499069398327
64.07805 -0.00499069398327
64.1727 -0.00499069398327
64.26735 -0.00499069398327
64.362 -0.00499069398327
64.45665 -0.00499069398327
64.5513 -0.00499069398327
64.64595 -0.00499069398327
64.7406 -0.00499069398327
64.83525 -0.00499069398327
64.9299 -0.00499069398327
65.02455 -0.00499069398327
65.1192 -0.00499069398327
65.21385 -0.00499069398327
65.3085 -0.00499069398327
65.40315 -0.00499069398327
65.4978 -0.00499069398327
65.59245 -0.00499069398327
65.6871 -0.00499069398327
65.78175 -0.00499069398327
65.8764 -0.00499069398327
65.97105 -0.00499069398327
66.0657 -0.00499069398327
66.16035 -0.00499069398327
66.255 -0.00499069398327
66.34965 -0.00499069398327
66.4443 -0.00499069398327
66.53895 -0.00499069398327
66.6336 -0.00499069398327
66.72825 -0.00499069398327
66.8229 -0.00499069398327
66.91755 -0.00499069398327
67.0122 -0.00499069398327
67.10685 -0.00499069398327
67.2015 -0.00499069398327
67.29615 -0.00499069398327
67.3908 -0.00499069398327
67.48545 -0.00499069398327
67.5801 -0.00499069398327
67.67475 -0.00499069398327
67.7694 -0.00499069398327
67.86405 -0.00499069398327
67.9587 -0.00499069398327
68.05335 -0.00499069398327
68.148 -0.00499069398327
68.24265 -0.00499069398327
68.3373 -0.00499069398327
68.43195 -0.00499069398327
68.5266 -0.00499069398327
68.62125 -0.00499069398327
68.7159 -0.00499069398327
68.81055 -0.00499069398327
68.9052 -0.00499069398327
68.99985 -0.00499069398327
69.0945 -0.00499069398327
69.18915 -0.00499069398327
69.2838 -0.00499069398327
69.37845 -0.00499069398327
69.4731 -0.00499069398327
69.56775 -0.00499069398327
69.6624 -0.00499069398327
69.75705 -0.00499069398327
69.8517 -0.00499069398327
69.94635 -0.00499069398327
70.041 -0.00499069398327
70.13565 -0.00499069398327
70.2303 -0.00499069398327
70.32495 -0.00499069398327
70.4196 -0.00499069398327
70.51425 -0.00499069398327
70.6089 -0.00499069398327
70.70355 -0.00499069398327
70.7982 -0.00499069398327
70.89285 -0.00499069398327
70.9875 -0.00499069398327
71.08215 -0.00499069398327
71.1768 -0.00499069398327
71.27145 -0.00499069398327
71.3661 -0.00499069398327
71.46075 -0.00499069398327
71.5554 -0.00499069398327
71.65005 -0.00499069398327
71.7447 -0.00499069398327
71.83935 -0.00499069398327
71.934 -0.00499069398327
72.02865 -0.00499069398327
72.1233 -0.00499069398327
72.21795 -0.00499069398327
72.3126 -0.00499069398327
72.40725 -0.00499069398327
72.5019 -0.00499069398327
72.59655 -0.00499069398327
72.6912 -0.00499069398327
72.78585 -0.00499069398327
72.8805 -0.00499069398327
72.97515 -0.00499069398327
73.0698 -0.00499069398327
73.16445 -0.00499069398327
73.2591 -0.00499069398327
73.35375 -0.00499069398327
73.4484 -0.00499069398327
73.54305 -0.00499069398327
73.6377 -0.00499069398327
73.73235 -0.00499069398327
73.827 -0.00499069398327
73.92165 -0.00499069398327
74.0163 -0.00499069398327
74.11095 -0.00499069398327
74.2056 -0.00499069398327
74.30025 -0.00499069398327
74.3949 -0.00499069398327
74.48955 -0.00499069398327
74.5842 -0.00499069398327
74.67885 -0.00499069398327
74.7735 -0.00499069398327
74.86815 -0.00499069398327
74.9628 -0.00499069398327
75.05745 -0.00499069398327
75.1521 -0.00499069398327
75.24675 -0.00499069398327
75.3414 -0.00499069398327
75.43605 -0.00499069398327
75.5307 -0.00499069398327
75.62535 -0.00499069398327
75.72 -0.00499069398327
75.81465 -0.00499069398327
75.9093 -0.00499069398327
76.00395 -0.00499069398327
76.0986 -0.00499069398327
76.19325 -0.00499069398327
76.2879 -0.00499069398327
76.38255 -0.00499069398327
76.4772 -0.00499069398327
76.57185 -0.00499069398327
76.6665 -0.00499069398327
76.76115 -0.00499069398327
76.8558 -0.00499069398327
76.95045 -0.00499069398327
77.0451 -0.00499069398327
77.13975 -0.00499069398327
77.2344 -0.00499069398327
77.32905 -0.00499069398327
77.4237 -0.00499069398327
77.51835 -0.00499069398327
77.613 -0.00499069398327
77.70765 -0.00499069398327
77.8023 -0.00499069398327
77.89695 -0.00499069398327
77.9916 -0.00499069398327
78.08625 -0.00499069398327
78.1809 -0.00499069398327
78.27555 -0.00499069398327
78.3702 -0.00499069398327
78.46485 -0.00499069398327
78.5595 -0.00499069398327
78.65415 -0.00499069398327
78.7488 -0.00499069398327
78.84345 -0.00499069398327
78.9381 -0.00499069398327
79.03275 -0.00499069398327
79.1274 -0.00499069398327
79.22205 -0.00499069398327
79.3167 -0.00499069398327
79.41135 -0.00499069398327
79.506 -0.00499069398327
79.60065 -0.00499069398327
79.6953 -0.00499069398327
79.78995 -0.00499069398327
79.8846 -0.00499069398327
79.97925 -0.00499069398327
80.0739 -0.00499069398327
80.16855 -0.00499069398327
80.2632 -0.00499069398327
80.35785 -0.00499069398327
80.4525 -0.00499069398327
80.54715 -0.00499069398327
80.6418 -0.00499069398327
80.73645 -0.00499069398327
80.8311 -0.00499069398327
80.92575 -0.00499069398327
81.0204 -0.00499069398327
81.11505 -0.00499069398327
81.2097 -0.00499069398327
81.30435 -0.00499069398327
81.399 -0.00499069398327
81.49365 -0.00499069398327
81.5883 -0.00499069398327
81.68295 -0.00499069398327
81.7776 -0.00499069398327
81.87225 -0.00499069398327
81.9669 -0.00499069398327
82.06155 -0.00499069398327
82.1562 -0.00499069398327
82.25085 -0.00499069398327
82.3455 -0.00499069398327
82.44015 -0.00499069398327
82.5348 -0.00499069398327
82.62945 -0.00499069398327
82.7241 -0.00499069398327
82.81875 -0.00499069398327
82.9134 -0.00499069398327
83.00805 -0.00499069398327
83.1027 -0.00499069398327
83.19735 -0.00499069398327
83.292 -0.00499069398327
83.38665 -0.00499069398327
83.4813 -0.00499069398327
83.57595 -0.00499069398327
83.6706 -0.00499069398327
83.76525 -0.00499069398327
83.8599 -0.00499069398327
83.95455 -0.00499069398327
84.0492 -0.00499069398327
84.14385 -0.00499069398327
84.2385 -0.00499069398327
84.33315 -0.00499069398327
84.4278 -0.00499069398327
84.52245 -0.00499069398327
84.6171 -0.00499069398327
84.71175 -0.00499069398327
84.8064 -0.00499069398327
84.90105 -0.00499069398327
84.9957 -0.00499069398327
85.09035 -0.00499069398327
85.185 -0.00499069398327
85.27965 -0.00499069398327
85.3743 -0.00499069398327
85.46895 -0.00499069398327
85.5636 -0.00499069398327
85.65825 -0.00499069398327
85.7529 -0.00499069398327
85.84755 -0.00499069398327
85.9422 -0.00499069398327
86.03685 -0.00499069398327
86.1315 -0.00499069398327
86.22615 -0.00499069398327
86.3208 -0.00499069398327
86.41545 -0.00499069398327
86.5101 -0.00499069398327
86.60475 -0.00499069398327
86.6994 -0.00499069398327
86.79405 -0.00499069398327
86.8887 -0.00499069398327
86.98335 -0.00499069398327
87.078 -0.00499069398327
87.17265 -0.00499069398327
87.2673 -0.00499069398327
87.36195 -0.00499069398327
87.4566 -0.00499069398327
87.55125 -0.00499069398327
87.6459 -0.00499069398327
87.74055 -0.00499069398327
87.8352 -0.00499069398327
87.92985 -0.00499069398327
88.0245 -0.00499069398327
88.11915 -0.00499069398327
88.2138 -0.00499069398327
88.30845 -0.00499069398327
88.4031 -0.00499069398327
88.49775 -0.00499069398327
88.5924 -0.00499069398327
88.68705 -0.00499069398327
88.7817 -0.00499069398327
88.87635 -0.00499069398327
88.971 -0.00499069398327
89.06565 -0.00499069398327
89.1603 -0.00499069398327
89.25495 -0.00499069398327
89.3496 -0.00499069398327
89.44425 -0.00499069398327
89.5389 -0.00499069398327
89.63355 -0.00499069398327
89.7282 -0.00499069398327
89.82285 -0.00499069398327
89.9175 -0.00499069398327
90.01215 -0.00499069398327
90.1068 -0.00499069398327
90.20145 -0.00499069398327
90.2961 -0.00499069398327
90.39075 -0.00499069398327
90.4854 -0.00499069398327
90.58005 -0.00499069398327
90.6747 -0.00499069398327
90.76935 -0.00499069398327
90.864 -0.00499069398327
90.95865 -0.00499069398327
91.0533 -0.00499069398327
91.14795 -0.00499069398327
91.2426 -0.00499069398327
91.33725 -0.00499069398327
91.4319 -0.00499069398327
91.52655 -0.00499069398327
91.6212 -0.00499069398327
91.71585 -0.00499069398327
91.8105 -0.00499069398327
91.90515 -0.00499069398327
91.9998 -0.00499069398327
92.09445 -0.00499069398327
92.1891 -0.00499069398327
92.28375 -0.00499069398327
92.3784 -0.00499069398327
92.47305 -0.00499069398327
92.5677 -0.00499069398327
92.66235 -0.00499069398327
92.757 -0.00499069398327
92.85165 -0.00499069398327
92.9463 -0.00499069398327
93.04095 -0.00499069398327
93.1356 -0.00499069398327
93.23025 -0.00499069398327
93.3249 -0.00499069398327
93.41955 -0.00499069398327
93.5142 -0.00499069398327
93.60885 -0.00499069398327
93.7035 -0.00499069398327
93.79815 -0.00499069398327
93.8928 -0.00499069398327
93.98745 -0.00499069398327
94.0821 -0.00499069398327
94.17675 -0.00499069398327
94.2714 -0.00499069398327
94.36605 -0.00499069398327
94.4607 -0.00499069398327
94.55535 -0.00499069398327
94.65 -0.00499069398327
94.74465 -0.00499069398327
94.8393 -0.00499069398327
94.93395 -0.00499069398327
95.0286 -0.00499069398327
95.12325 -0.00499069398327
95.2179 -0.00499069398327
95.31255 -0.00499069398327
95.4072 -0.00499069398327
95.50185 -0.00499069398327
95.5965 -0.00499069398327
95.69115 -0.00499069398327
95.7858 -0.00499069398327
95.88045 -0.00499069398327
95.9751 -0.00499069398327
96.06975 -0.00499069398327
96.1644 -0.00499069398327
96.25905 -0.00499069398327
96.3537 -0.00499069398327
96.44835 -0.00499069398327
96.543 -0.00499069398327
96.63765 -0.00499069398327
96.7323 -0.00499069398327
96.82695 -0.00499069398327
