0.0 0.00385645983429
0.1 -0.00481006872846
0.2 -0.0267778072431
0.3 -0.0630739127899
0.4 -0.103857856291
0.5 -0.12685486451
0.6 -0.103725605324
0.7 -0.0135097188046
0.8 0.142752097005
0.9 0.334419436223
1.0 0.506497485412
1.1 0.597322718772
1.2 0.56148599291
1.3 0.38739743782
1.4 0.101298111397
1.5 -0.24332193436
1.6 -0.584192673299
1.7 -0.86626783066
1.8 -1.04764476209
1.9 -1.09538031527
2.0 -0.979050248593
2.1 -0.672634001501
2.2 -0.170026029566
2.3 0.491171713706
2.4 1.21159398409
2.5 1.8321636096
2.6 2.16240913325
2.7 2.02957703542
2.8 1.33408383498
2.9 0.0942430075391
3.0 -1.53282758678
3.1 -3.26000984135
3.2 -4.70888750978
3.3 -5.47613472482
3.4 -5.22299154028
3.5 -3.77580415004
3.6 -1.21277309723
3.7 2.09848456393
3.8 5.54431647765
3.9 8.39710200409
4.0 10.0065062469
4.1 9.98823420526
4.2 8.34002153397
4.3 5.43734375379
4.4 1.90752231904
4.5 -1.56967751965
4.6 -4.45738029893
4.7 -6.48021074826
4.8 -7.63063095322
4.9 -8.07830886255
5.0 -8.03731302768
5.1 -7.65583191562
5.2 -6.97174874987
5.3 -5.93937449718
5.4 -4.4991081902
5.5 -2.64810905058
5.6 -0.478699521327
5.7 1.82702518793
5.8 4.03665652749
5.9 5.92029680442
6.0 7.29688269682
6.1 8.06188821162
6.2 8.19293607776
6.3 7.73639532861
6.4 6.78251604311
6.5 5.43942366054
6.6 3.81620496664
6.7 2.0207016809
6.8 0.169061293213
6.9 -1.60428705099
7.0 -3.15005195355
7.1 -4.32815518736
7.2 -5.04660684381
7.3 -5.29718018109
7.4 -5.16687084303
7.5 -4.81350603625
7.6 -4.41132618212
7.7 -4.08826296284
7.8 -3.8819078511
7.9 -3.73280564784
8.0 -3.51639201036
8.1 -3.09788571878
8.2 -2.38611093711
8.3 -1.36562295113
8.4 -0.0984749587003
8.5 1.29936192068
8.6 2.69302647148
8.7 3.9602456205
8.8 5.00970887391
8.9 5.78479093103
9.0 6.25741391903
9.1 6.41907442791
9.2 6.27429140584
9.3 5.83797494315
9.4 5.13500023419
9.5 4.19930196773
9.6 3.07124095433
9.7 1.79449742527
9.8 0.415285565059
9.9 -1.01419313097
10.0 -2.42927645264
10.1 -3.74807427061
10.2 -4.87440254017
10.3 -5.71178967779
10.4 -6.18609160996
10.5 -6.26826095244
10.6 -5.98646568999
10.7 -5.42016902553
10.8 -4.67679363151
10.9 -3.86007081566
11.0 -3.04333087127
11.1 -2.25832322401
11.2 -1.50212055019
11.3 -0.755864279666
11.4 -0.00444455186165
11.5 0.752144621603
11.6 1.49875837025
11.7 2.21263591686
11.8 2.87156919544
11.9 3.45734271498
12.0 3.9537129223
12.1 4.34247966114
12.2 4.60240909025
12.3 4.71343855478
12.4 4.66455300267
12.5 4.46068745495
12.6 4.12387648723
12.7 3.68672239071
12.8 3.18048286348
12.9 2.6233559608
13.0 2.01503271524
13.1 1.34088212339
13.2 0.584462070515
13.3 -0.257268515162
13.4 -1.16334939976
13.5 -2.08815880427
13.6 -2.97121354734
13.7 -3.75276517173
13.8 -4.38776879428
13.9 -4.852040143
14.0 -5.13898348444
14.1 -5.25053570724
14.2 -5.18884656627
14.3 -4.95404560693
14.4 -4.54905383575
14.5 -3.98758805539
14.6 -3.29930044331
14.7 -2.52772327649
14.8 -1.72117076457
14.9 -0.921112253508
15.0 -0.154073375939
15.1 0.568995583424
15.2 1.24627706412
15.3 1.87581618557
15.4 2.44883594798
15.5 2.94908341662
15.6 3.35795872675
15.7 3.66199322073
15.8 3.85826040002
15.9 3.9548096425
16.0 3.96612936257
16.1 3.90629484875
16.2 3.78349665723
16.3 3.59868695033
16.4 3.34874962883
16.5 3.03214959206
16.6 2.65371251014
16.7 2.22571250792
16.8 1.76455418478
16.9 1.28491704686
17.0 0.794832890473
17.1 0.294785475627
17.2 -0.218354397577
17.3 -0.744665658522
17.4 -1.27570206635
17.5 -1.79362583513
17.6 -2.27574784935
17.7 -2.70206044
17.8 -3.0615229298
17.9 -3.35357773773
18.0 -3.58420412372
18.1 -3.75899760117
18.2 -3.87734400455
18.3 -3.93084927361
18.4 -3.90649368012
18.5 -3.79227130269
18.6 -3.58199072743
18.7 -3.27692809552
18.8 -2.88425678375
18.9 -2.41408928047
19.0 -1.87741284084
19.1 -1.28611368807
19.2 -0.654576383001
19.3 -0.00119502253749
19.4 0.651792271537
19.5 1.28062121036
19.6 1.86359239886
19.7 2.38429257107
19.8 2.8330085752
19.9 3.20586033171
20.0 3.50231473869
20.1 3.72245416821
20.2 3.86534538935
20.3 3.92915841935
20.4 3.9127040253
20.5 3.81730119872
20.6 3.64774835121
20.7 3.41173732981
20.8 3.11801392589
20.9 2.77439083544
21.0 2.38684818673
21.1 1.96028364225
21.2 1.50038320238
21.3 1.01527511703
21.4 0.515675573259
21.5 0.0131759800923
21.6 -0.482410364537
21.7 -0.96496377034
21.8 -1.43185309191
21.9 -1.88145670407
22.0 -2.30967756658
22.1 -2.70744361635
22.2 -3.06074350356
22.3 -3.35339411597
22.4 -3.57126911529
22.5 -3.70597529193
22.6 -3.75632311456
22.7 -3.72713046028
22.8 -3.62622110539
22.9 -3.46123127027
23.0 -3.23769821423
23.1 -2.95905400241
23.2 -2.62810392301
23.3 -2.24888450534
23.4 -1.8277792412
23.5 -1.37336113381
23.6 -0.895260176609
23.7 -0.402940169225
23.8 0.0947269671922
23.9 0.588788623252
24.0 1.06897010191
24.1 1.52294031018
24.2 1.93702983129
24.3 2.29854565565
24.4 2.59880182645
24.5 2.83537321453
24.6 3.01230491611
24.7 3.13798929768
24.8 3.22159436043
24.9 3.26960255334
25.0 3.28382971382
25.1 3.26142039469
25.2 3.19634283202
25.3 3.08140953543
25.4 2.91001626924
25.5 2.67734739072
25.6 2.38125697273
25.7 2.02309017474
25.8 1.60841931157
25.9 1.14736526147
26.0 0.654157330298
26.1 0.145880955213
26.2 -0.359266921315
26.3 -0.843732796696
26.4 -1.29202318385
26.5 -1.6917035855
26.6 -2.03406375373
26.7 -2.3144852206
26.8 -2.53240184236
26.9 -2.69070965927
27.0 -2.79465379676
27.1 -2.8504812701
27.2 -2.86427421171
27.3 -2.84124360859
27.4 -2.7854690442
27.5 -2.69985906194
27.6 -2.5861482655
27.7 -2.44497380614
27.8 -2.27623337941
27.9 -2.07981334076
28.0 -1.85643958892
28.1 -1.60814385618
28.2 -1.33795555159
28.3 -1.04894259665
28.4 -0.743292747671
28.5 -0.4222788321
28.6 -0.0874633257431
28.7 0.257381123972
28.8 0.604833349477
28.9 0.944008817903
29.0 1.26266248038
29.1 1.55035823618
29.2 1.80114028403
29.3 2.0143337615
29.4 2.19309628334
29.5 2.34153052135
29.6 2.46184734193
29.7 2.55288989402
29.8 2.61048367526
29.9 2.62912403571
30.0 2.60398947046
30.1 2.53222022182
30.2 2.41359539874
30.3 2.25045260523
30.4 2.04701197911
30.5 1.80896659374
30.6 1.54322607806
30.7 1.25758361733
30.8 0.960032239627
30.9 0.65767700174
31.0 0.355545274595
31.1 0.0558688827792
31.2 -0.241601247242
31.3 -0.538058212351
31.4 -0.833295983996
31.5 -1.12351854275
31.6 -1.4004022331
31.7 -1.65207991742
31.8 -1.86584726602
31.9 -2.03151778038
32.0 -2.14397395154
32.1 -2.20383899756
32.2 -2.21615563462
32.3 -2.18796940476
32.4 -2.12618631552
32.5 -2.03673399057
32.6 -1.92512109307
32.7 -1.79754226096
32.8 -1.66129905251
32.9 -1.52373266598
33.0 -1.38983935663
33.1 -1.25969183819
33.2 -1.12716544224
33.3 -0.981035963678
33.4 -0.808476159031
33.5 -0.59983470838
33.6 -0.352885123224
33.7 -0.0748206276332
33.8 0.218874306378
33.9 0.508288447757
34.0 0.774193277505
34.1 1.00245876968
34.2 1.18625682007
34.3 1.32561559069
34.4 1.42508447971
34.5 1.49096482356
34.6 1.52941625252
34.7 1.54591096466
34.8 1.54553822144
34.9 1.53318513325
35.0 1.51292057926
35.1 1.4867330988
35.2 1.45349971604
35.3 1.40913566875
35.4 1.34820420371
35.5 1.26630121138
35.6 1.16195179719
35.7 1.03699248482
35.8 0.895329350837
35.9 0.740951745343
36.0 0.576486642036
36.1 0.403147509922
36.2 0.221977486353
36.3 0.035454773544
36.4 -0.151654581061
36.5 -0.332777890193
36.6 -0.501081070589
36.7 -0.651198296642
36.8 -0.780241909811
36.9 -0.887687778759
37.0 -0.974386722529
37.1 -1.04136562151
37.2 -1.08906703655
37.3 -1.1173245431
37.4 -1.12593484475
37.5 -1.11540343248
37.6 -1.08741230887
37.7 -1.04474796736
37.8 -0.990714480909
37.9 -0.928305102596
38.0 -0.859513264542
38.1 -0.785087749951
38.2 -0.704813149363
38.3 -0.618136191006
38.4 -0.524801430627
38.5 -0.425197308106
38.6 -0.32032243418
38.7 -0.211527275439
38.8 -0.100305595286
38.9 0.0116743467676
39.0 0.122330781463
39.1 0.228948772804
39.2 0.328231934083
39.3 0.416713606719
39.4 0.49138097972
39.5 0.550225409707
39.6 0.592477974108
39.7 0.618478495719
39.8 0.629322497791
39.9 0.62650759722
40.0 0.611728956981
40.1 0.586826941883
40.2 0.553780679113
40.3 0.514634701166
40.4 0.471325253993
40.5 0.42546603882
40.6 0.378193707276
40.7 0.330144601293
40.8 0.281568178112
40.9 0.232525939761
41.0 0.183103958812
41.1 0.133578781538
41.2 0.0845018337803
41.3 0.0366920499241
41.4 -0.00885266460493
41.5 -0.0510957341747
41.6 -0.0891108130518
41.7 -0.122195220014
41.8 -0.149920311778
41.9 -0.172118929111
42.0 -0.188834316203
42.1 -0.200262701854
42.2 -0.206711281185
42.3 -0.208574690724
42.4 -0.206319644992
42.5 -0.200466141841
42.6 -0.191561566472
42.7 -0.180152713981
42.8 -0.16676373656
42.9 -0.151884780947
43.0 -0.135970511884
43.1 -0.119443870669
43.2 -0.102699690034
43.3 -0.0861042514266
43.4 -0.0699892164301
43.5 -0.0546409897121
43.6 -0.0402890917986
43.7 -0.0270985488536
43.8 -0.0151703874549
43.9 -0.00455089306963
44.0 0.00475390158621
44.1 0.0127642703553
44.2 0.0195178567314
44.3 0.025066291598
44.4 0.0294741960556
44.5 0.0328164849541
44.6 0.0351722287365
44.7 0.0366170182415
44.8 0.0372180510668
44.9 0.03703543192
45.0 0.0361300061305
45.1 0.0345744707398
45.2 0.0324625667396
45.3 0.02991173968
45.4 0.0270573231408
45.5 0.0240397623076
45.6 0.0209891516683
45.7 0.0180122477149
45.8 0.0151857708818
45.9 0.0125569239207
46.0 0.0101491352466
46.1 0.00796958635195
46.2 0.00601564870656
46.3 0.0042791949146
46.4 0.00274942290326
46.5 0.00141527758261
46.6 0.000267791809808
46.7 -0.000698368668291
46.8 -0.00148517262763
46.9 -0.00209359113027
47.0 -0.00252716870324
47.1 -0.00279516487824
47.2 -0.00291386324398
47.3 -0.00290563489146
47.4 -0.00279640469876
47.5 -0.00261268430761
47.6 -0.00237915615637
47.7 -0.00211722573405
47.8 -0.00184444288921
47.9 -0.00157447549071
48.0 -0.00131736816985
48.1 -0.00107995639856
48.2 -0.00086638795376
48.3 -0.000678703743443
48.4 -0.000517402330396
48.5 -0.000381911693389
48.6 -0.000270927619674
48.7 -0.00018262577231
48.8 -0.000114787267956
48.9 -6.48866378756e-05
49.0 -3.01821640799e-05
49.1 -7.83064868532e-06
49.2 4.97211850378e-06
49.3 1.08423584802e-05
49.4 1.2078115874e-05
49.5 1.05732339859e-05
49.6 7.78813594536e-06
49.7 4.77321680176e-06
49.8 2.2273245808e-06
49.9 5.68766282379e-07
50.0 0.0
50.1 0.0
50.2 0.0
50.3 0.0
50.4 0.0
50.5 0.0
50.6 0.0
50.7 0.0
50.8 0.0
50.9 0.0
51.0 0.0
51.1 0.0
51.2 0.0
51.3 0.0
51.4 0.0
51.5 0.0
51.6 0.0
51.7 0.0
51.8 0.0
51.9 0.0
52.0 0.0
52.1 0.0
52.2 0.0
52.3 0.0
52.4 0.0
52.5 0.0
52.6 0.0
52.7 0.0
52.8 0.0
52.9 0.0
53.0 0.0
53.1 0.0
53.2 0.0
53.3 0.0
53.4 0.0
53.5 0.0
53.6 0.0
53.7 0.0
53.8 0.0
53.9 0.0
54.0 0.0
54.1 0.0
54.2 0.0
54.3 0.0
54.4 0.0
54.5 0.0
54.6 0.0
54.7 0.0
54.8 0.0
54.9 0.0
55.0 0.0
55.1 0.0
55.2 0.0
55.3 0.0
55.4 0.0
55.5 0.0
55.6 0.0
55.7 0.0
55.8 0.0
55.9 0.0
56.0 0.0
56.1 0.0
56.2 0.0
56.3 0.0
56.4 0.0
56.5 0.0
56.6 0.0
56.7 0.0
56.8 0.0
56.9 0.0
57.0 0.0
57.1 0.0
57.2 0.0
57.3 0.0
57.4 0.0
57.5 0.0
57.6 0.0
57.7 0.0
57.8 0.0
57.9 0.0
58.0 0.0
58.1 0.0
58.2 0.0
58.3 0.0
58.4 0.0
58.5 0.0
58.6 0.0
58.7 0.0
58.8 0.0
58.9 0.0
59.0 0.0
59.1 0.0
59.2 0.0
59.3 0.0
59.4 0.0
59.5 0.0
59.6 0.0
59.7 0.0
59.8 0.0
59.9 0.0
60.0 0.0
60.1 0.0
60.2 0.0
60.3 0.0
60.4 0.0
60.5 0.0
60.6 0.0
60.7 0.0
60.8 0.0
60.9 0.0
61.0 0.0
61.1 0.0
61.2 0.0
61.3 0.0
61.4 0.0
61.5 0.0
61.6 0.0
61.7 0.0
61.8 0.0
61.9 0.0
62.0 0.0
62.1 0.0
62.2 0.0
62.3 0.0
62.4 0.0
62.5 0.0
62.6 0.0
62.7 0.0
62.8 0.0
62.9 0.0
63.0 0.0
63.1 0.0
63.2 0.0
63.3 0.0
63.4 0.0
63.5 0.0
63.6 0.0
63.7 0.0
63.8 0.0
63.9 0.0
64.0 0.0
64.1 0.0
64.2 0.0
64.3 0.0
64.4 0.0
64.5 0.0
64.6 0.0
64.7 0.0
64.8 0.0
64.9 0.0
65.0 0.0
65.1 0.0
65.2 0.0
65.3 0.0
65.4 0.0
65.5 0.0
65.6 0.0
65.7 0.0
65.8 0.0
65.9 0.0
66.0 0.0
66.1 0.0
66.2 0.0
66.3 0.0
66.4 0.0
66.5 0.0
66.6 0.0
66.7 0.0
66.8 0.0
66.9 0.0
67.0 0.0
67.1 0.0
67.2 0.0
67.3 0.0
67.4 0.0
67.5 0.0
67.6 0.0
67.7 0.0
67.8 0.0
67.9 0.0
68.0 0.0
68.1 0.0
68.2 0.0
68.3 0.0
68.4 0.0
68.5 0.0
68.6 0.0
68.7 0.0
68.8 0.0
68.9 0.0
69.0 0.0
69.1 0.0
69.2 0.0
69.3 0.0
69.4 0.0
69.5 0.0
69.6 0.0
69.7 0.0
69.8 0.0
69.9 0.0
70.0 0.0
70.1 0.0
70.2 0.0
70.3 0.0
70.4 0.0
70.5 0.0
70.6 0.0
70.7 0.0
70.8 0.0
70.9 0.0
71.0 0.0
71.1 0.0
71.2 0.0
71.3 0.0
71.4 0.0
71.5 0.0
71.6 0.0
71.7 0.0
71.8 0.0
71.9 0.0
72.0 0.0
72.1 0.0
72.2 0.0
72.3 0.0
72.4 0.0
72.5 0.0
72.6 0.0
72.7 0.0
72.8 0.0
72.9 0.0
73.0 0.0
73.1 0.0
73.2 0.0
73.3 0.0
73.4 0.0
73.5 0.0
73.6 0.0
73.7 0.0
73.8 0.0
73.9 0.0
74.0 0.0
74.1 0.0
74.2 0.0
74.3 0.0
74.4 0.0
74.5 0.0
74.6 0.0
74.7 0.0
74.8 0.0
74.9 0.0
75.0 0.0
75.1 0.0
75.2 0.0
75.3 0.0
75.4 0.0
75.5 0.0
75.6 0.0
75.7 0.0
75.8 0.0
75.9 0.0
76.0 0.0
76.1 0.0
76.2 0.0
76.3 0.0
76.4 0.0
76.5 0.0
76.6 0.0
76.7 0.0
76.8 0.0
76.9 0.0
77.0 0.0
77.1 0.0
77.2 0.0
77.3 0.0
77.4 0.0
77.5 0.0
77.6 0.0
77.7 0.0
77.8 0.0
77.9 0.0
78.0 0.0
78.1 0.0
78.2 0.0
78.3 0.0
78.4 0.0
78.5 0.0
78.6 0.0
78.7 0.0
78.8 0.0
78.9 0.0
79.0 0.0
79.1 0.0
79.2 0.0
79.3 0.0
79.4 0.0
79.5 0.0
79.6 0.0
79.7 0.0
79.8 0.0
79.9 0.0
80.0 0.0
80.1 0.0
80.2 0.0
80.3 0.0
80.4 0.0
80.5 0.0
80.6 0.0
80.7 0.0
80.8 0.0
80.9 0.0
81.0 0.0
81.1 0.0
81.2 0.0
81.3 0.0
81.4 0.0
81.5 0.0
81.6 0.0
81.7 0.0
81.8 0.0
81.9 0.0
82.0 0.0
82.1 0.0
82.2 0.0
82.3 0.0
82.4 0.0
82.5 0.0
82.6 0.0
82.7 0.0
82.8 0.0
82.9 0.0
83.0 0.0
83.1 0.0
83.2 0.0
83.3 0.0
83.4 0.0
83.5 0.0
83.6 0.0
83.7 0.0
83.8 0.0
83.9 0.0
84.0 0.0
84.1 0.0
84.2 0.0
84.3 0.0
84.4 0.0
84.5 0.0
84.6 0.0
84.7 0.0
84.8 0.0
84.9 0.0
85.0 0.0
85.1 0.0
85.2 0.0
85.3 0.0
85.4 0.0
85.5 0.0
85.6 0.0
85.7 0.0
85.8 0.0
85.9 0.0
86.0 0.0
86.1 0.0
86.2 0.0
86.3 0.0
86.4 0.0
86.5 0.0
86.6 0.0
86.7 0.0
86.8 0.0
86.9 0.0
87.0 0.0
87.1 0.0
87.2 0.0
87.3 0.0
87.4 0.0
87.5 0.0
87.6 0.0
87.7 0.0
87.8 0.0
87.9 0.0
88.0 0.0
88.1 0.0
88.2 0.0
88.3 0.0
88.4 0.0
88.5 0.0
88.6 0.0
88.7 0.0
88.8 0.0
88.9 0.0
89.0 0.0
89.1 0.0
89.2 0.0
89.3 0.0
89.4 0.0
89.5 0.0
89.6 0.0
89.7 0.0
89.8 0.0
89.9 0.0
90.0 0.0
90.1 0.0
90.2 0.0
90.3 0.0
90.4 0.0
90.5 0.0
90.6 0.0
90.7 0.0
90.8 0.0
90.9 0.0
91.0 0.0
91.1 0.0
91.2 0.0
91.3 0.0
91.4 0.0
91.5 0.0
91.6 0.0
91.7 0.0
91.8 0.0
91.9 0.0
92.0 0.0
92.1 0.0
92.2 0.0
92.3 0.0
92.4 0.0
92.5 0.0
92.6 0.0
92.7 0.0
92.8 0.0
92.9 0.0
93.0 0.0
93.1 0.0
93.2 0.0
93.3 0.0
93.4 0.0
93.5 0.0
93.6 0.0
93.7 0.0
93.8 0.0
93.9 0.0
94.0 0.0
94.1 0.0
94.2 0.0
94.3 0.0
94.4 0.0
94.5 0.0
94.6 0.0
94.7 0.0
94.8 0.0
94.9 0.0
95.0 0.0
95.1 0.0
95.2 0.0
95.3 0.0
95.4 0.0
95.5 0.0
95.6 0.0
95.7 0.0
95.8 0.0
95.9 0.0
96.0 0.0
96.1 0.0
96.2 0.0
96.3 0.0
96.4 0.0
96.5 0.0
96.6 0.0
96.7 0.0
96.8 0.0
96.9 0.0
97.0 0.0
97.1 0.0
97.2 0.0
97.3 0.0
97.4 0.0
97.5 0.0
97.6 0.0
97.7 0.0
97.8 0.0
97.9 0.0
98.0 0.0
98.1 0.0
98.2 0.0
98.3 0.0
98.4 0.0
98.5 0.0
98.6 0.0
98.7 0.0
98.8 0.0
98.9 0.0
99.0 0.0
99.1 0.0
99.2 0.0
99.3 0.0
99.4 0.0
99.5 0.0
99.6 0.0
99.7 0.0
99.8 0.0
99.9 0.0
100.0 0.0
100.1 0.0
100.2 0.0
100.3 0.0
100.4 0.0
100.5 0.0
100.6 0.0
100.7 0.0
100.8 0.0
100.9 0.0
101.0 0.0
101.1 0.0
101.2 0.0
101.3 0.0
101.4 0.0
101.5 0.0
101.6 0.0
101.7 0.0
101.8 0.0
101.9 0.0
102.0 0.0
102.1 0.0
102.2 0.0
102.3 0.0
