0.0 -0.00144832737825
0.1 -0.0084347985845
0.2 -0.0160500904925
0.3 -0.0186360131911
0.4 -0.00869990524903
0.5 0.0197476812567
0.6 0.0671868197034
0.7 0.125762045388
0.8 0.179276507408
0.9 0.206797145506
1.0 0.189351192266
1.1 0.117591867797
1.2 -0.00295319407242
1.3 -0.152214097326
1.4 -0.302235537914
1.5 -0.427103042216
1.6 -0.510263163902
1.7 -0.544083119637
1.8 -0.521444401328
1.9 -0.425784880218
2.0 -0.229390561369
2.1 0.0938422169359
2.2 0.544266516898
2.3 1.07296846248
2.4 1.57310684831
2.5 1.89432425861
2.6 1.87794190113
2.7 1.40180335733
2.8 0.421217397418
2.9 -1.00319459533
3.0 -2.69359819324
3.1 -4.35979592391
3.2 -5.62556839329
3.3 -6.0855362942
3.4 -5.39743371282
3.5 -3.39823681542
3.6 -0.21014587127
3.7 3.71176310735
3.8 7.63104523709
3.9 10.6895593627
4.0 12.1387725058
4.1 11.5672605543
4.2 9.03767295286
4.3 5.07354536497
4.4 0.494477392187
4.5 -3.83786965759
4.6 -7.26242761288
4.7 -9.45793881424
4.8 -10.4381652709
4.9 -10.4302231327
5.0 -9.71171268792
5.1 -8.48829281914
5.2 -6.85817866501
5.3 -4.8572903962
5.4 -2.53869103677
5.5 -0.0316179476984
5.6 2.45252503834
5.7 4.6652708658
5.8 6.3893466732
5.9 7.49610610139
6.0 7.96958364263
6.1 7.89264848276
6.2 7.40520782348
6.3 6.65134228737
6.4 5.73307006048
6.5 4.6856409622
6.6 3.48339137397
6.7 2.07554130007
6.8 0.439036390768
6.9 -1.37452365083
7.0 -3.22203329493
7.1 -4.89500058885
7.2 -6.18126262168
7.3 -6.93578287145
7.4 -7.12725152215
7.5 -6.83792675764
7.6 -6.21742824841
7.7 -5.41444299307
7.8 -4.52063181335
7.9 -3.55289629217
8.0 -2.47860665495
8.1 -1.26579813015
8.2 0.0709735333761
8.3 1.45327180824
8.4 2.75677454598
8.5 3.85260248237
8.6 4.64967716479
8.7 5.11832980346
8.8 5.28745119471
8.9 5.22126947509
9.0 4.9899953775
9.1 4.64804011366
9.2 4.22635954516
9.3 3.73679565052
9.4 3.18095715263
9.5 2.55642259347
9.6 1.85769804579
9.7 1.07492641516
9.8 0.196097150781
9.9 -0.783447481633
10.0 -1.84603212241
10.1 -2.93878179964
10.2 -3.97230010193
10.3 -4.83617587189
10.4 -5.42805102149
10.5 -5.68475104303
10.6 -5.60125029815
10.7 -5.22831417906
10.8 -4.65013475153
10.9 -3.9532288501
11.0 -3.20146983892
11.1 -2.42740708198
11.2 -1.64016561727
11.3 -0.841401239098
11.4 -0.0381433520733
11.5 0.754240394657
11.6 1.51789966758
11.7 2.2402762551
11.8 2.91656455955
11.9 3.54434954953
12.0 4.11397687324
12.1 4.60142374939
12.2 4.96894772252
12.3 5.17398090079
12.4 5.18191983443
12.5 4.97652744798
12.6 4.56340062279
12.7 3.96593442682
12.8 3.21698449712
12.9 2.35105165332
13.0 1.40075899157
13.1 0.398515343873
13.2 -0.618863173073
13.3 -1.60664147345
13.4 -2.51348259002
13.5 -3.28882362896
13.6 -3.89399749964
13.7 -4.31200275659
13.8 -4.5505384428
13.9 -4.6357542651
14.0 -4.59895328068
14.1 -4.46262175865
14.2 -4.23302712026
14.3 -3.90330671654
14.4 -3.46511509028
14.5 -2.9219265428
14.6 -2.2961064418
14.7 -1.62559080064
14.8 -0.952202527281
14.9 -0.308453364082
15.0 0.289804516378
15.1 0.841452368397
15.2 1.35120715187
15.3 1.81992305268
15.4 2.24003188265
15.5 2.59823564007
15.6 2.88284718841
15.7 3.09055734637
15.8 3.22825924792
15.9 3.30897058496
16.0 3.34451730534
16.1 3.33932106663
16.2 3.28864839297
16.3 3.18193379463
16.4 3.00901548227
16.5 2.76579480995
16.6 2.4564515281
16.7 2.09138553176
16.8 1.68237573279
16.9 1.23788841925
17.0 0.761335229777
17.1 0.253424520526
17.2 -0.282619748016
17.3 -0.8360210072
17.4 -1.38682382686
17.5 -1.90917040669
17.6 -2.37817696778
17.7 -2.7768753987
17.8 -3.09945370067
17.9 -3.34908055607
18.0 -3.53176147792
18.1 -3.64998533902
18.2 -3.69989980422
18.3 -3.67341614987
18.4 -3.56352165349
18.5 -3.36920174037
18.6 -3.0969000862
18.7 -2.75789670479
18.8 -2.36363753685
18.9 -1.92215945305
19.0 -1.43773480003
19.1 -0.91358699182
19.2 -0.355621886164
19.3 0.225229272671
19.4 0.813242318186
19.5 1.39014400724
19.6 1.93774992044
19.7 2.43958829974
19.8 2.88119167282
19.9 3.2497973173
20.0 3.5344974934
20.1 3.72733687437
20.2 3.82496484396
20.3 3.82985373831
20.4 3.75013944905
20.5 3.59774496247
20.6 3.38525133424
20.7 3.12260154778
20.8 2.81491302116
20.9 2.46235379299
21.0 2.06228355962
21.1 1.61291963235
21.2 1.1170529217
21.3 0.584212205548
21.4 0.0303218266218
21.5 -0.524939164685
21.6 -1.06180371198
21.7 -1.56348730454
21.8 -2.01760202633
21.9 -2.41592981844
22.0 -2.75342757002
22.1 -3.02742823382
22.2 -3.23737242315
22.3 -3.38464432478
22.4 -3.47185736364
22.5 -3.50143693405
22.6 -3.47414475694
22.7 -3.38856400428
22.8 -3.2421116985
22.9 -3.03313465808
23.0 -2.76284032411
23.1 -2.4358749241
23.2 -2.05930561669
23.3 -1.64091494298
23.4 -1.18820582923
23.5 -0.70894760953
23.6 -0.212862440225
23.7 0.286940643809
23.8 0.774187667484
23.9 1.23171503762
24.0 1.64486141705
24.1 2.00428368982
24.2 2.30680964655
24.3 2.55405769754
24.4 2.74973021194
24.5 2.89701212811
24.6 2.99717155794
24.7 3.04961552671
24.8 3.0528907583
24.9 3.0058434884
25.0 2.90837634075
25.1 2.76167869146
25.2 2.56814053933
25.3 2.331242445
25.4 2.05559502351
25.5 1.74711292107
25.6 1.4131531351
25.7 1.06237524196
25.8 0.70412272236
25.9 0.347304583144
26.0 -0.000954682118125
26.1 -0.336363222652
26.2 -0.657629349157
26.3 -0.965469649646
26.4 -1.26073742588
26.5 -1.54246628941
26.6 -1.8067527842
26.7 -2.04700893802
26.8 -2.25540189634
26.9 -2.42469439312
27.0 -2.54958091563
27.1 -2.62703512347
27.2 -2.65584049326
27.3 -2.63592228523
27.4 -2.56806182892
27.5 -2.45413571337
27.6 -2.29753959233
27.7 -2.10328811166
27.8 -1.87753242626
27.9 -1.62669499079
28.0 -1.35673517618
28.1 -1.0729943442
28.2 -0.780668736031
28.3 -0.485500062804
28.4 -0.19406883051
28.5 0.0867349442361
28.6 0.351013211366
28.7 0.595396938313
28.8 0.820058052115
28.9 1.02859500249
29.0 1.22665382502
29.1 1.41968902906
29.2 1.61063897167
29.3 1.79832809659
29.4 1.97711232707
29.5 2.1378053977
29.6 2.26948828321
29.7 2.36159474238
29.8 2.40573196831
29.9 2.39693458885
30.0 2.33428689037
30.1 2.2208167728
30.2 2.06312893038
30.3 1.87040873107
30.4 1.65260142573
30.5 1.41848746002
30.6 1.17401282245
30.7 0.921446663681
30.8 0.659742563178
30.9 0.386080707374
31.0 0.0981476578157
31.1 -0.203545285081
31.2 -0.514013086176
31.3 -0.823329960132
31.4 -1.11755569103
31.5 -1.38093364627
31.6 -1.59890731978
31.7 -1.76121531111
31.8 -1.86418310945
31.9 -1.91146161986
32.0 -1.91291304689
32.1 -1.88198295024
32.2 -1.83243654711
32.3 -1.77549652511
32.4 -1.71811727296
32.5 -1.66255969753
32.6 -1.60693885598
32.7 -1.54626423009
32.8 -1.47367338797
32.9 -1.38182357153
33.0 -1.26447074031
33.1 -1.11805512736
33.2 -0.94282304982
33.3 -0.742956373817
33.4 -0.525512236128
33.5 -0.298548303483
33.6 -0.0692538735753
33.7 0.157097113326
33.8 0.377036240374
33.9 0.587957837492
34.0 0.787084912376
34.1 0.971015978801
34.2 1.13605471342
34.3 1.27899160886
34.4 1.39775389794
34.5 1.49148850869
34.6 1.56004547678
34.7 1.60320707006
34.8 1.62014616448
34.9 1.60945741003
35.0 1.5697993947
35.1 1.50087812558
35.2 1.40431869711
35.3 1.2839782131
35.4 1.14545834126
35.5 0.994927244348
35.6 0.837724107996
35.7 0.677401313173
35.8 0.515703232561
35.9 0.353499717726
36.0 0.192124925358
36.1 0.0342754568274
36.2 -0.116162351986
36.3 -0.255333798226
36.4 -0.380966911422
36.5 -0.493259765489
36.6 -0.594471715514
36.7 -0.68737328422
36.8 -0.773415597919
36.9 -0.851648061021
37.0 -0.918948472726
37.1 -0.971356383101
37.2 -1.00571851308
37.3 -1.0207942835
37.4 -1.01739019159
37.5 -0.997662241079
37.6 -0.964088244846
37.7 -0.918620778443
37.8 -0.862295994716
37.9 -0.795311758559
38.0 -0.717443202307
38.1 -0.628629720229
38.2 -0.529563223708
38.3 -0.422092520509
38.4 -0.309274901532
38.5 -0.195013359567
38.6 -0.0834011110996
38.7 0.0219542069589
38.8 0.118353889332
38.9 0.204072946723
39.0 0.278179263436
39.1 0.340330856319
39.2 0.390702309553
39.3 0.430008948568
39.4 0.459465589919
39.5 0.480548532847
39.6 0.494596474592
39.7 0.502445261967
39.8 0.504306663976
39.9 0.4999555407
40.0 0.489095327577
40.1 0.471675427045
40.2 0.447999453819
40.3 0.418627241878
40.4 0.384206317197
40.5 0.345380028531
40.6 0.30282281603
40.7 0.257339872728
40.8 0.209926586654
40.9 0.161729779912
41.0 0.113933853723
41.1 0.0676412336913
41.2 0.0238012615329
41.3 -0.016807053948
41.4 -0.0535675809219
41.5 -0.0860214816903
41.6 -0.113865895104
41.7 -0.136944469515
41.8 -0.155225661689
41.9 -0.168782146231
42.0 -0.177787749858
42.1 -0.182530212204
42.2 -0.183415984142
42.3 -0.180940996216
42.4 -0.175625093372
42.5 -0.167939067458
42.6 -0.158264838853
42.7 -0.146909996746
42.8 -0.13416203239
42.9 -0.12034283106
43.0 -0.105828031926
43.1 -0.0910231054218
43.2 -0.0763161959951
43.3 -0.0620372570387
43.4 -0.0484411958641
43.5 -0.0357130336448
43.6 -0.0239814051238
43.7 -0.0133288691869
43.8 -0.00379719748552
43.9 0.00460718616318
44.0 0.0119030768023
44.1 0.018120555631
44.2 0.0232883450784
44.3 0.0274273429119
44.4 0.0305520462602
44.5 0.0326786182758
44.6 0.0338370463552
44.7 0.0340842434171
44.8 0.0335139415825
44.9 0.0322585222658
45.0 0.030479410178
45.1 0.0283469892605
45.2 0.0260161815671
45.3 0.0236064822846
45.4 0.0211933898219
45.5 0.0188129074684
45.6 0.0164753613689
45.7 0.0141820400347
45.8 0.0119387783076
45.9 0.00976323678717
46.0 0.00768544271568
46.1 0.00574313505185
46.2 0.00397447771633
46.3 0.00241092543638
46.4 0.00107245891425
46.5 -3.38760449147e-05
46.6 -0.000912693572686
46.7 -0.00157774992911
46.8 -0.00204952494189
46.9 -0.00235330200648
47.0 -0.00251728241949
47.1 -0.00257020066042
47.2 -0.00253858694713
47.3 -0.00244453782289
47.4 -0.00230490004587
47.5 -0.00213207183908
47.6 -0.00193574731107
47.7 -0.0017245467043
47.8 -0.00150679976838
47.9 -0.00129043400609
48.0 -0.00108242661368
48.1 -0.000888331611169
48.2 -0.000712116814111
48.3 -0.000556254647363
48.4 -0.000421911141227
48.5 -0.000309143902025
48.6 -0.000217107096174
48.7 -0.000144276329725
48.8 -8.86710594921e-05
48.9 -4.80366482648e-05
49.0 -1.99772964167e-05
49.1 -2.06773587037e-06
49.2 8.02791473209e-06
49.3 1.24358006036e-05
49.4 1.29848133169e-05
49.5 1.11785189437e-05
49.6 8.21827539452e-06
49.7 5.04214743962e-06
49.8 2.34786970174e-06
49.9 5.94404709775e-07
50.0 0.0
50.1 0.0
50.2 0.0
50.3 0.0
50.4 0.0
50.5 0.0
50.6 0.0
50.7 0.0
50.8 0.0
50.9 0.0
51.0 0.0
51.1 0.0
51.2 0.0
51.3 0.0
51.4 0.0
51.5 0.0
51.6 0.0
51.7 0.0
51.8 0.0
51.9 0.0
52.0 0.0
52.1 0.0
52.2 0.0
52.3 0.0
52.4 0.0
52.5 0.0
52.6 0.0
52.7 0.0
52.8 0.0
52.9 0.0
53.0 0.0
53.1 0.0
53.2 0.0
53.3 0.0
53.4 0.0
53.5 0.0
53.6 0.0
53.7 0.0
53.8 0.0
53.9 0.0
54.0 0.0
54.1 0.0
54.2 0.0
54.3 0.0
54.4 0.0
54.5 0.0
54.6 0.0
54.7 0.0
54.8 0.0
54.9 0.0
55.0 0.0
55.1 0.0
55.2 0.0
55.3 0.0
55.4 0.0
55.5 0.0
55.6 0.0
55.7 0.0
55.8 0.0
55.9 0.0
56.0 0.0
56.1 0.0
56.2 0.0
56.3 0.0
56.4 0.0
56.5 0.0
56.6 0.0
56.7 0.0
56.8 0.0
56.9 0.0
57.0 0.0
57.1 0.0
57.2 0.0
57.3 0.0
57.4 0.0
57.5 0.0
57.6 0.0
57.7 0.0
57.8 0.0
57.9 0.0
58.0 0.0
58.1 0.0
58.2 0.0
58.3 0.0
58.4 0.0
58.5 0.0
58.6 0.0
58.7 0.0
58.8 0.0
58.9 0.0
59.0 0.0
59.1 0.0
59.2 0.0
59.3 0.0
59.4 0.0
59.5 0.0
59.6 0.0
59.7 0.0
59.8 0.0
59.9 0.0
60.0 0.0
60.1 0.0
60.2 0.0
60.3 0.0
60.4 0.0
60.5 0.0
60.6 0.0
60.7 0.0
60.8 0.0
60.9 0.0
61.0 0.0
61.1 0.0
61.2 0.0
61.3 0.0
61.4 0.0
61.5 0.0
61.6 0.0
61.7 0.0
61.8 0.0
61.9 0.0
62.0 0.0
62.1 0.0
62.2 0.0
62.3 0.0
62.4 0.0
62.5 0.0
62.6 0.0
62.7 0.0
62.8 0.0
62.9 0.0
63.0 0.0
63.1 0.0
63.2 0.0
63.3 0.0
63.4 0.0
63.5 0.0
63.6 0.0
63.7 0.0
63.8 0.0
63.9 0.0
64.0 0.0
64.1 0.0
64.2 0.0
64.3 0.0
64.4 0.0
64.5 0.0
64.6 0.0
64.7 0.0
64.8 0.0
64.9 0.0
65.0 0.0
65.1 0.0
65.2 0.0
65.3 0.0
65.4 0.0
65.5 0.0
65.6 0.0
65.7 0.0
65.8 0.0
65.9 0.0
66.0 0.0
66.1 0.0
66.2 0.0
66.3 0.0
66.4 0.0
66.5 0.0
66.6 0.0
66.7 0.0
66.8 0.0
66.9 0.0
67.0 0.0
67.1 0.0
67.2 0.0
67.3 0.0
67.4 0.0
67.5 0.0
67.6 0.0
67.7 0.0
67.8 0.0
67.9 0.0
68.0 0.0
68.1 0.0
68.2 0.0
68.3 0.0
68.4 0.0
68.5 0.0
68.6 0.0
68.7 0.0
68.8 0.0
68.9 0.0
69.0 0.0
69.1 0.0
69.2 0.0
69.3 0.0
69.4 0.0
69.5 0.0
69.6 0.0
69.7 0.0
69.8 0.0
69.9 0.0
70.0 0.0
70.1 0.0
70.2 0.0
70.3 0.0
70.4 0.0
70.5 0.0
70.6 0.0
70.7 0.0
70.8 0.0
70.9 0.0
71.0 0.0
71.1 0.0
71.2 0.0
71.3 0.0
71.4 0.0
71.5 0.0
71.6 0.0
71.7 0.0
71.8 0.0
71.9 0.0
72.0 0.0
72.1 0.0
72.2 0.0
72.3 0.0
72.4 0.0
72.5 0.0
72.6 0.0
72.7 0.0
72.8 0.0
72.9 0.0
73.0 0.0
73.1 0.0
73.2 0.0
73.3 0.0
73.4 0.0
73.5 0.0
73.6 0.0
73.7 0.0
73.8 0.0
73.9 0.0
74.0 0.0
74.1 0.0
74.2 0.0
74.3 0.0
74.4 0.0
74.5 0.0
74.6 0.0
74.7 0.0
74.8 0.0
74.9 0.0
75.0 0.0
75.1 0.0
75.2 0.0
75.3 0.0
75.4 0.0
75.5 0.0
75.6 0.0
75.7 0.0
75.8 0.0
75.9 0.0
76.0 0.0
76.1 0.0
76.2 0.0
76.3 0.0
76.4 0.0
76.5 0.0
76.6 0.0
76.7 0.0
76.8 0.0
76.9 0.0
77.0 0.0
77.1 0.0
77.2 0.0
77.3 0.0
77.4 0.0
77.5 0.0
77.6 0.0
77.7 0.0
77.8 0.0
77.9 0.0
78.0 0.0
78.1 0.0
78.2 0.0
78.3 0.0
78.4 0.0
78.5 0.0
78.6 0.0
78.7 0.0
78.8 0.0
78.9 0.0
79.0 0.0
79.1 0.0
79.2 0.0
79.3 0.0
79.4 0.0
79.5 0.0
79.6 0.0
79.7 0.0
79.8 0.0
79.9 0.0
80.0 0.0
80.1 0.0
80.2 0.0
80.3 0.0
80.4 0.0
80.5 0.0
80.6 0.0
80.7 0.0
80.8 0.0
80.9 0.0
81.0 0.0
81.1 0.0
81.2 0.0
81.3 0.0
81.4 0.0
81.5 0.0
81.6 0.0
81.7 0.0
81.8 0.0
81.9 0.0
82.0 0.0
82.1 0.0
82.2 0.0
82.3 0.0
82.4 0.0
82.5 0.0
82.6 0.0
82.7 0.0
82.8 0.0
82.9 0.0
83.0 0.0
83.1 0.0
83.2 0.0
83.3 0.0
83.4 0.0
83.5 0.0
83.6 0.0
83.7 0.0
83.8 0.0
83.9 0.0
84.0 0.0
84.1 0.0
84.2 0.0
84.3 0.0
84.4 0.0
84.5 0.0
84.6 0.0
84.7 0.0
84.8 0.0
84.9 0.0
85.0 0.0
85.1 0.0
85.2 0.0
85.3 0.0
85.4 0.0
85.5 0.0
85.6 0.0
85.7 0.0
85.8 0.0
85.9 0.0
86.0 0.0
86.1 0.0
86.2 0.0
86.3 0.0
86.4 0.0
86.5 0.0
86.6 0.0
86.7 0.0
86.8 0.0
86.9 0.0
87.0 0.0
87.1 0.0
87.2 0.0
87.3 0.0
87.4 0.0
87.5 0.0
87.6 0.0
87.7 0.0
87.8 0.0
87.9 0.0
88.0 0.0
88.1 0.0
88.2 0.0
88.3 0.0
88.4 0.0
88.5 0.0
88.6 0.0
88.7 0.0
88.8 0.0
88.9 0.0
89.0 0.0
89.1 0.0
89.2 0.0
89.3 0.0
89.4 0.0
89.5 0.0
89.6 0.0
89.7 0.0
89.8 0.0
89.9 0.0
90.0 0.0
90.1 0.0
90.2 0.0
90.3 0.0
90.4 0.0
90.5 0.0
90.6 0.0
90.7 0.0
90.8 0.0
90.9 0.0
91.0 0.0
91.1 0.0
91.2 0.0
91.3 0.0
91.4 0.0
91.5 0.0
91.6 0.0
91.7 0.0
91.8 0.0
91.9 0.0
92.0 0.0
92.1 0.0
92.2 0.0
92.3 0.0
92.4 0.0
92.5 0.0
92.6 0.0
92.7 0.0
92.8 0.0
92.9 0.0
93.0 0.0
93.1 0.0
93.2 0.0
93.3 0.0
93.4 0.0
93.5 0.0
93.6 0.0
93.7 0.0
93.8 0.0
93.9 0.0
94.0 0.0
94.1 0.0
94.2 0.0
94.3 0.0
94.4 0.0
94.5 0.0
94.6 0.0
94.7 0.0
94.8 0.0
94.9 0.0
95.0 0.0
95.1 0.0
95.2 0.0
95.3 0.0
95.4 0.0
95.5 0.0
95.6 0.0
95.7 0.0
95.8 0.0
95.9 0.0
96.0 0.0
96.1 0.0
96.2 0.0
96.3 0.0
96.4 0.0
96.5 0.0
96.6 0.0
96.7 0.0
96.8 0.0
96.9 0.0
97.0 0.0
97.1 0.0
97.2 0.0
97.3 0.0
97.4 0.0
97.5 0.0
97.6 0.0
97.7 0.0
97.8 0.0
97.9 0.0
98.0 0.0
98.1 0.0
98.2 0.0
98.3 0.0
98.4 0.0
98.5 0.0
98.6 0.0
98.7 0.0
98.8 0.0
98.9 0.0
99.0 0.0
99.1 0.0
99.2 0.0
99.3 0.0
99.4 0.0
99.5 0.0
99.6 0.0
99.7 0.0
99.8 0.0
99.9 0.0
100.0 0.0
100.1 0.0
100.2 0.0
100.3 0.0
100.4 0.0
100.5 0.0
100.6 0.0
100.7 0.0
100.8 0.0
100.9 0.0
101.0 0.0
101.1 0.0
101.2 0.0
101.3 0.0
101.4 0.0
101.5 0.0
101.6 0.0
101.7 0.0
101.8 0.0
101.9 0.0
102.0 0.0
102.1 0.0
102.2 0.0
102.3 0.0
