0.0 -0.463497298427
0.09653 -0.0852152197656
0.19306 0.308760575607
0.28959 0.650224230508
0.38612 0.886775748759
0.48265 0.995605266554
0.57918 0.984954223831
0.67571 0.885066128614
0.77224 0.733849975766
0.86877 0.562687482384
0.9653 0.387634336766
1.06183 0.208791189298
1.15836 0.0166763543675
1.25489 -0.197021035561
1.35142 -0.428088832258
1.44795 -0.653569833289
1.54448 -0.835090864915
1.64101 -0.930455637355
1.73754 -0.904226519112
1.83407 -0.729986173561
1.9306 -0.390605690748
2.02713 0.113187582401
2.12366 0.747045846582
2.22019 1.42983784661
2.31672 2.02993051196
2.41325 2.37561372046
2.50978 2.28637588516
2.60631 1.62409554878
2.70284 0.347678856819
2.79937 -1.45063247691
2.8959 -3.53734130073
2.99243 -5.5557515409
3.08896 -7.06758830416
3.18549 -7.62239142
3.28202 -6.86030205436
3.37855 -4.63601071932
3.47508 -1.12014912072
3.57161 3.17741615878
3.66814 7.49103913087
3.76467 10.9720889395
3.8612 12.8990523776
3.95773 12.8615409962
4.05426 10.8636917416
4.15079 7.31615380594
4.24732 2.91839080464
4.34385 -1.53268994638
4.44038 -5.34641673
4.53691 -8.08854106271
4.63344 -9.63319727101
4.72997 -10.1117426997
4.8265 -9.79306869288
4.92303 -8.95100875088
5.01956 -7.77187067661
5.11609 -6.33118769596
5.21262 -4.63329990778
5.30915 -2.67934420336
5.40568 -0.523532399238
5.50221 1.70747631909
5.59874 3.83511834748
5.69527 5.67482300579
5.7918 7.08447992717
5.88833 7.994441738
5.98486 8.4075670969
6.08139 8.37164460177
6.17792 7.93989595353
6.27445 7.14119576127
6.37098 5.9764041045
6.46751 4.44316110237
6.56404 2.57591267824
6.66057 0.478905315197
6.7571 -1.66833382862
6.85363 -3.64093848252
6.95016 -5.22452593635
7.04669 -6.27457259387
7.14322 -6.7551232777
7.23975 -6.74173174343
7.33628 -6.38827299637
7.43281 -5.87073143507
7.52934 -5.32883414222
7.62587 -4.82621395406
7.7224 -4.34227854575
7.81893 -3.79692714528
7.91546 -3.09649509143
8.01199 -2.18134090662
8.10852 -1.05590507873
8.20505 0.209540656844
8.30158 1.50345970249
8.39811 2.71099715193
8.49464 3.74838692876
8.59117 4.58064063965
8.6877 5.2177473829
8.78423 5.69363496909
8.88076 6.03846209467
8.97729 6.25621466608
9.07382 6.31623085847
9.17035 6.16128345574
9.26688 5.72848784421
9.36341 4.9746113265
9.45994 3.8960193293
9.55647 2.5363524635
9.653 0.980628638444
9.74953 -0.660261775931
9.84606 -2.26793869343
9.94259 -3.73186285386
10.03912 -4.95928346727
10.13565 -5.88104938876
10.23218 -6.45568966175
10.32871 -6.67279145512
10.42524 -6.55444807354
10.52177 -6.15237701894
10.6183 -5.53904555217
10.71483 -4.79338200811
10.81136 -3.98448271964
10.90789 -3.15867362746
11.00442 -2.33487009459
11.10095 -1.51010982585
11.19748 -0.672763183561
11.29401 0.18246620363
11.39054 1.04433617256
11.48707 1.88394481956
11.5836 2.66266388919
11.68013 3.34466522721
11.77666 3.90738285425
11.87319 4.34470693138
11.96972 4.66195541765
12.06625 4.86616689056
12.16278 4.95752638304
12.25931 4.92675267953
12.35584 4.75976725125
12.45237 4.44683661227
12.5489 3.99085684364
12.64543 3.40993112045
12.74196 2.73263440725
12.83849 1.98855633187
12.93502 1.19948827848
13.03155 0.376419343242
13.12808 -0.475623102288
13.22461 -1.3472861044
13.32114 -2.21487685577
13.41767 -3.03664717081
13.5142 -3.75840644017
13.61073 -4.32673849173
13.70726 -4.7041010124
13.80379 -4.87896717688
13.90032 -4.86651839881
13.99685 -4.69996502652
14.09338 -4.41697759792
14.18991 -4.04771771866
14.28644 -3.60962783384
14.38297 -3.1103008027
14.4795 -2.55550699185
14.57603 -1.95705697258
14.67256 -1.33579353118
14.76909 -0.718128562492
14.86562 -0.128344036267
14.96215 0.418758032679
15.05868 0.920590462551
15.15521 1.38336013848
15.25174 1.81448284332
15.34827 2.21516017435
15.4448 2.57729739757
15.54133 2.8864357503
15.63786 3.12894647992
15.73439 3.29931294756
15.83092 3.40325134393
15.92745 3.45471335558
16.02398 3.4681924843
16.12051 3.4503590714
16.21704 3.39546952129
16.31357 3.28703614828
16.4101 3.10499795136
16.50663 2.83485416753
16.60316 2.47436092782
16.69969 2.03482125201
16.79622 1.53686120708
16.89275 1.00330361201
16.98928 0.452911593074
17.08581 -0.102121781406
17.18234 -0.654381766763
17.27887 -1.19696977231
17.3754 -1.71975761576
17.47193 -2.20853071794
17.56846 -2.64748287005
17.66499 -3.02348219405
17.76152 -3.32951705393
17.85805 -3.56527009523
17.95458 -3.73447423954
18.05111 -3.84055262342
18.14764 -3.88298001688
18.24417 -3.85633619041
18.3407 -3.75247701091
18.43723 -3.56454448953
18.53376 -3.2906352721
18.63029 -2.93530724302
18.72682 -2.50844454345
18.82335 -2.02249739211
18.91988 -1.48989646251
19.01641 -0.922104441843
19.11294 -0.330578170735
19.20947 0.271368460263
19.306 0.867405844694
19.40253 1.43890377495
19.49906 1.96751054928
19.59559 2.43839166008
19.69212 2.84244046976
19.78865 3.17629385768
19.88518 3.44020126657
19.98171 3.634987106
20.07824 3.75981516666
20.17477 3.81194193509
20.2713 3.78844939172
20.36783 3.68878475347
20.46436 3.51648568731
20.56089 3.27899085726
20.65742 2.9856119719
20.75395 2.64487553553
20.85048 2.26285658802
20.94701 1.84356755838
21.04354 1.39124571274
21.14007 0.913204900238
21.2366 0.421470599933
21.33313 -0.0680179995193
21.42966 -0.538570373394
21.52619 -0.976899417145
21.62272 -1.37629213689
21.71925 -1.73724847961
21.81578 -2.06526981439
21.91231 -2.36684638539
22.00884 -2.64548086008
22.10537 -2.89941380362
22.2019 -3.12174170249
22.29843 -3.30241793439
22.39496 -3.4308604398
22.49149 -3.49792114745
22.58802 -3.49668269602
22.68455 -3.42243425922
22.78108 -3.27267070398
22.87761 -3.04776715485
22.97414 -2.75226014786
23.07067 -2.39591461931
23.1672 -1.99350233365
23.26373 -1.56269420908
23.36026 -1.12045923877
23.45679 -0.679314288337
23.55332 -0.245109782383
23.64985 0.18249278996
23.74638 0.606879870939
23.84291 1.02996537995
23.93944 1.44826052571
24.03597 1.85126411083
24.1325 2.22285793133
24.22903 2.54506424308
24.32556 2.80255906898
24.42209 2.98616729898
24.51862 3.09419959261
24.61515 3.13153590537
24.71168 3.10726332396
24.80821 3.03202733833
24.90474 2.91599127416
25.00127 2.76769254216
25.0978 2.59355291976
25.19433 2.39764142336
25.29086 2.18151548054
25.38739 1.94432768011
25.48392 1.68355183215
25.58045 1.39647524819
25.67698 1.08212375081
25.77351 0.74285251294
25.87004 0.384784780356
25.96657 0.0167350233277
26.0631 -0.351980126429
26.15963 -0.713780470568
26.25616 -1.06390427802
26.35269 -1.39964868141
26.44922 -1.71804675494
26.54575 -2.013171863
26.64228 -2.27461650755
26.73881 -2.48825783465
26.83534 -2.63936971307
26.93187 -2.71697984005
27.0284 -2.71768272568
27.12493 -2.64726156152
27.22146 -2.51938745947
27.31799 -2.35191388024
27.41452 -2.16227081707
27.51105 -1.96373566443
27.60758 -1.76382758236
27.70411 -1.5650414232
27.80064 -1.36712576342
27.89717 -1.16958334155
27.9937 -0.973218008098
28.09023 -0.780211981033
28.18676 -0.593004004373
28.28329 -0.412759435635
28.37982 -0.238277207234
28.47635 -0.0658325993156
28.57288 0.110036989819
28.66941 0.295161359275
28.76594 0.494241127261
28.86247 0.709567980355
28.959 0.940128583696
29.05553 1.18109483669
29.15206 1.42395340828
29.24859 1.65740872346
29.34512 1.86886907142
29.44165 2.04649516067
29.53818 2.18125606072
29.63471 2.26831313272
29.73124 2.30719012354
29.82777 2.30064294426
29.9243 2.25272838449
30.02083 2.16698199416
30.11736 2.04559657722
30.21389 1.88999872176
30.31042 1.70246918852
30.40695 1.48783031959
30.50348 1.25408483407
30.60001 1.01135792161
30.69654 0.769370465284
30.79307 0.534519135795
30.8896 0.308002263612
30.98613 0.086075137763
31.08266 -0.137427635767
31.17919 -0.367259380276
31.27572 -0.603274992168
31.37225 -0.838886975886
31.46878 -1.06224009526
31.56531 -1.25967996705
31.66184 -1.42007720211
31.75837 -1.53821783371
31.8549 -1.61593147745
31.95143 -1.66065714863
32.04796 -1.68223981192
32.14449 -1.6894037769
32.24102 -1.68730125847
32.33755 -1.67687865663
32.43408 -1.65591182163
32.53061 -1.62087947521
32.62714 -1.56866279782
32.72367 -1.49739025347
32.8202 -1.40634697098
32.91673 -1.29539174712
33.01326 -1.16451108542
33.10979 -1.01393625921
33.20632 -0.844815613223
33.30285 -0.660035055597
33.39938 -0.464635388295
33.49591 -0.265450332066
33.59244 -0.0699732727398
33.68897 0.115157875821
33.7855 0.285483330261
33.88203 0.439366063545
33.97856 0.577769052983
34.07509 0.703319538549
34.17162 0.819045541324
34.26815 0.927208111493
34.36468 1.02852602439
34.46121 1.12189781227
34.55774 1.20457229362
34.65427 1.27265168767
34.7508 1.32181099968
34.84733 1.34812761946
34.94386 1.34889550241
35.04039 1.32325721129
35.13692 1.27247417392
35.23345 1.19972033345
35.32998 1.10943116424
35.42651 1.00641181546
35.52304 0.895013847848
35.61957 0.778659455928
35.7161 0.65982432829
35.81263 0.540363724408
35.90916 0.421900688138
36.00569 0.305985835432
36.10222 0.193898866538
36.19875 0.0862114098579
36.29528 -0.0175692774138
36.39181 -0.118928212071
36.48834 -0.219676156079
36.58487 -0.320838886616
36.6814 -0.4215468953
36.77793 -0.51848013884
36.87446 -0.606264237149
36.97099 -0.678833285758
37.06752 -0.731332538573
37.16405 -0.761839082278
37.26058 -0.772183509763
37.35711 -0.767481084523
37.45364 -0.754497518414
37.55017 -0.739457817697
37.6467 -0.726140169109
37.74323 -0.714973622872
37.83976 -0.703432061574
37.93629 -0.687477306838
38.03282 -0.663388836917
38.12935 -0.629203178335
38.22588 -0.585210312026
38.32241 -0.533404029184
38.41894 -0.476250288546
38.51547 -0.415416398581
38.612 -0.351081024312
38.70853 -0.282145087315
38.80506 -0.207231288578
38.90159 -0.125991328745
38.99812 -0.0400949909332
39.09465 0.0465893457341
39.19118 0.1287641191
39.28771 0.20115633095
39.38424 0.26009955796
39.48077 0.304631987665
39.5773 0.336690763848
39.67383 0.360335025005
39.77036 0.380293086291
39.86689 0.400361033696
39.96342 0.422202177711
40.05995 0.444919808578
40.15648 0.465484353906
40.25301 0.479806966952
40.34954 0.484064414389
40.44607 0.475843830672
40.5426 0.454780530656
40.63913 0.422553677381
40.73566 0.382311784646
40.83219 0.337759454495
40.92872 0.29220946016
41.02525 0.247881047509
41.12178 0.205623461557
41.21831 0.165099089709
41.31484 0.125317450218
41.41137 0.0853109971529
41.5079 0.0447144976175
41.60443 0.00405836163195
41.70096 -0.0353046326457
41.79749 -0.0715876182348
41.89402 -0.103112007358
41.99055 -0.128795461974
42.08708 -0.148408303519
42.18361 -0.162518941074
42.28014 -0.172174211161
42.37667 -0.178462711136
42.4732 -0.182146557316
42.56973 -0.183505147533
42.66626 -0.1824335322
42.76279 -0.17872390998
42.85932 -0.172382555935
42.95585 -0.163828468206
43.05238 -0.153883100821
43.14891 -0.143559940327
43.24544 -0.133750920876
43.34197 -0.124945025727
43.4385 -0.117090565691
43.53503 -0.109644031353
43.63156 -0.101770900822
43.72809 -0.0926123369766
43.82462 -0.0815240757193
43.92115 -0.0682247258316
44.01768 -0.0528382374343
44.11421 -0.0358543750337
44.21074 -0.0180462643496
44.30727 -0.000375527416266
44.4038 0.0161044202764
44.50033 0.0303518854284
44.59686 0.0414534871268
44.69339 0.0487478362354
44.78992 0.0519340814255
44.88645 0.051134720834
44.98298 0.0468885168176
45.07951 0.0400688171446
45.17604 0.0317458961534
45.27257 0.0230279455768
45.3691 0.014917172728
45.46563 0.00820587379712
45.56216 0.00341967964951
45.65869 0.000800678111348
45.75522 0.00031773023405
45.85175 0.00169484123468
45.94828 0.00445567581854
46.04481 0.00798674301415
46.14134 0.0116197546867
46.23787 0.0147262111047
46.3344 0.0168089908561
46.43093 0.0175717698705
46.52746 0.0169502189728
46.62399 0.0150982618888
46.72052 0.0123345529687
46.81705 0.00906433181644
46.91358 0.00569670082264
47.01011 0.00257612111487
47.10664 -5.93699254934e-05
47.20317 -0.0020895711694
47.2997 -0.00349800545126
47.39623 -0.00434275248214
47.49276 -0.00472405361092
47.58929 -0.00475774216722
47.68582 -0.00455830546765
47.78235 -0.00423020698018
47.87888 -0.00386330559299
47.97541 -0.00352874886204
48.07194 -0.00327463882119
48.16847 -0.00312373717495
48.265 -0.00307616483363
48.36153 -0.00307616483363
48.45806 -0.00307616483363
48.55459 -0.00307616483363
48.65112 -0.00307616483363
48.74765 -0.00307616483363
48.84418 -0.00307616483363
48.94071 -0.00307616483363
49.03724 -0.00307616483363
49.13377 -0.00307616483363
49.2303 -0.00307616483363
49.32683 -0.00307616483363
49.42336 -0.00307616483363
49.51989 -0.00307616483363
49.61642 -0.00307616483363
49.71295 -0.00307616483363
49.80948 -0.00307616483363
49.90601 -0.00307616483363
50.00254 -0.00307616483363
50.09907 -0.00307616483363
50.1956 -0.00307616483363
50.29213 -0.00307616483363
50.38866 -0.00307616483363
50.48519 -0.00307616483363
50.58172 -0.00307616483363
50.67825 -0.00307616483363
50.77478 -0.00307616483363
50.87131 -0.00307616483363
50.96784 -0.00307616483363
51.06437 -0.00307616483363
51.1609 -0.00307616483363
51.25743 -0.00307616483363
51.35396 -0.00307616483363
51.45049 -0.00307616483363
51.54702 -0.00307616483363
51.64355 -0.00307616483363
51.74008 -0.00307616483363
51.83661 -0.00307616483363
51.93314 -0.00307616483363
52.02967 -0.00307616483363
52.1262 -0.00307616483363
52.22273 -0.00307616483363
52.31926 -0.00307616483363
52.41579 -0.00307616483363
52.51232 -0.00307616483363
52.60885 -0.00307616483363
52.70538 -0.00307616483363
52.80191 -0.00307616483363
52.89844 -0.00307616483363
52.99497 -0.00307616483363
53.0915 -0.00307616483363
53.18803 -0.00307616483363
53.28456 -0.00307616483363
53.38109 -0.00307616483363
53.47762 -0.00307616483363
53.57415 -0.00307616483363
53.67068 -0.00307616483363
53.76721 -0.00307616483363
53.86374 -0.00307616483363
53.96027 -0.00307616483363
54.0568 -0.00307616483363
54.15333 -0.00307616483363
54.24986 -0.00307616483363
54.34639 -0.00307616483363
54.44292 -0.00307616483363
54.53945 -0.00307616483363
54.63598 -0.00307616483363
54.73251 -0.00307616483363
54.82904 -0.00307616483363
54.92557 -0.00307616483363
55.0221 -0.00307616483363
55.11863 -0.00307616483363
55.21516 -0.00307616483363
55.31169 -0.00307616483363
55.40822 -0.00307616483363
55.50475 -0.00307616483363
55.60128 -0.00307616483363
55.69781 -0.00307616483363
55.79434 -0.00307616483363
55.89087 -0.00307616483363
55.9874 -0.00307616483363
56.08393 -0.00307616483363
56.18046 -0.00307616483363
56.27699 -0.00307616483363
56.37352 -0.00307616483363
56.47005 -0.00307616483363
56.56658 -0.00307616483363
56.66311 -0.00307616483363
56.75964 -0.00307616483363
56.85617 -0.00307616483363
56.9527 -0.00307616483363
57.04923 -0.00307616483363
57.14576 -0.00307616483363
57.24229 -0.00307616483363
57.33882 -0.00307616483363
57.43535 -0.00307616483363
57.53188 -0.00307616483363
57.62841 -0.00307616483363
57.72494 -0.00307616483363
57.82147 -0.00307616483363
57.918 -0.00307616483363
58.01453 -0.00307616483363
58.11106 -0.00307616483363
58.20759 -0.00307616483363
58.30412 -0.00307616483363
58.40065 -0.00307616483363
58.49718 -0.00307616483363
58.59371 -0.00307616483363
58.69024 -0.00307616483363
58.78677 -0.00307616483363
58.8833 -0.00307616483363
58.97983 -0.00307616483363
59.07636 -0.00307616483363
59.17289 -0.00307616483363
59.26942 -0.00307616483363
59.36595 -0.00307616483363
59.46248 -0.00307616483363
59.55901 -0.00307616483363
59.65554 -0.00307616483363
59.75207 -0.00307616483363
59.8486 -0.00307616483363
59.94513 -0.00307616483363
60.04166 -0.00307616483363
60.13819 -0.00307616483363
60.23472 -0.00307616483363
60.33125 -0.00307616483363
60.42778 -0.00307616483363
60.52431 -0.00307616483363
60.62084 -0.00307616483363
60.71737 -0.00307616483363
60.8139 -0.00307616483363
60.91043 -0.00307616483363
61.00696 -0.00307616483363
61.10349 -0.00307616483363
61.20002 -0.00307616483363
61.29655 -0.00307616483363
61.39308 -0.00307616483363
61.48961 -0.00307616483363
61.58614 -0.00307616483363
61.68267 -0.00307616483363
61.7792 -0.00307616483363
61.87573 -0.00307616483363
61.97226 -0.00307616483363
62.06879 -0.00307616483363
62.16532 -0.00307616483363
62.26185 -0.00307616483363
62.35838 -0.00307616483363
62.45491 -0.00307616483363
62.55144 -0.00307616483363
62.64797 -0.00307616483363
62.7445 -0.00307616483363
62.84103 -0.00307616483363
62.93756 -0.00307616483363
63.03409 -0.00307616483363
63.13062 -0.00307616483363
63.22715 -0.00307616483363
63.32368 -0.00307616483363
63.42021 -0.00307616483363
63.51674 -0.00307616483363
63.61327 -0.00307616483363
63.7098 -0.00307616483363
63.80633 -0.00307616483363
63.90286 -0.00307616483363
63.99939 -0.00307616483363
64.09592 -0.00307616483363
64.19245 -0.00307616483363
64.28898 -0.00307616483363
64.38551 -0.00307616483363
64.48204 -0.00307616483363
64.57857 -0.00307616483363
64.6751 -0.00307616483363
64.77163 -0.00307616483363
64.86816 -0.00307616483363
64.96469 -0.00307616483363
65.06122 -0.00307616483363
65.15775 -0.00307616483363
65.25428 -0.00307616483363
65.35081 -0.00307616483363
65.44734 -0.00307616483363
65.54387 -0.00307616483363
65.6404 -0.00307616483363
65.73693 -0.00307616483363
65.83346 -0.00307616483363
65.92999 -0.00307616483363
66.02652 -0.00307616483363
66.12305 -0.00307616483363
66.21958 -0.00307616483363
66.31611 -0.00307616483363
66.41264 -0.00307616483363
66.50917 -0.00307616483363
66.6057 -0.00307616483363
66.70223 -0.00307616483363
66.79876 -0.00307616483363
66.89529 -0.00307616483363
66.99182 -0.00307616483363
67.08835 -0.00307616483363
67.18488 -0.00307616483363
67.28141 -0.00307616483363
67.37794 -0.00307616483363
67.47447 -0.00307616483363
67.571 -0.00307616483363
67.66753 -0.00307616483363
67.76406 -0.00307616483363
67.86059 -0.00307616483363
67.95712 -0.00307616483363
68.05365 -0.00307616483363
68.15018 -0.00307616483363
68.24671 -0.00307616483363
68.34324 -0.00307616483363
68.43977 -0.00307616483363
68.5363 -0.00307616483363
68.63283 -0.00307616483363
68.72936 -0.00307616483363
68.82589 -0.00307616483363
68.92242 -0.00307616483363
69.01895 -0.00307616483363
69.11548 -0.00307616483363
69.21201 -0.00307616483363
69.30854 -0.00307616483363
69.40507 -0.00307616483363
69.5016 -0.00307616483363
69.59813 -0.00307616483363
69.69466 -0.00307616483363
69.79119 -0.00307616483363
69.88772 -0.00307616483363
69.98425 -0.00307616483363
70.08078 -0.00307616483363
70.17731 -0.00307616483363
70.27384 -0.00307616483363
70.37037 -0.00307616483363
70.4669 -0.00307616483363
70.56343 -0.00307616483363
70.65996 -0.00307616483363
70.75649 -0.00307616483363
70.85302 -0.00307616483363
70.94955 -0.00307616483363
71.04608 -0.00307616483363
71.14261 -0.00307616483363
71.23914 -0.00307616483363
71.33567 -0.00307616483363
71.4322 -0.00307616483363
71.52873 -0.00307616483363
71.62526 -0.00307616483363
71.72179 -0.00307616483363
71.81832 -0.00307616483363
71.91485 -0.00307616483363
72.01138 -0.00307616483363
72.10791 -0.00307616483363
72.20444 -0.00307616483363
72.30097 -0.00307616483363
72.3975 -0.00307616483363
72.49403 -0.00307616483363
72.59056 -0.00307616483363
72.68709 -0.00307616483363
72.78362 -0.00307616483363
72.88015 -0.00307616483363
72.97668 -0.00307616483363
73.07321 -0.00307616483363
73.16974 -0.00307616483363
73.26627 -0.00307616483363
73.3628 -0.00307616483363
73.45933 -0.00307616483363
73.55586 -0.00307616483363
73.65239 -0.00307616483363
73.74892 -0.00307616483363
73.84545 -0.00307616483363
73.94198 -0.00307616483363
74.03851 -0.00307616483363
74.13504 -0.00307616483363
74.23157 -0.00307616483363
74.3281 -0.00307616483363
74.42463 -0.00307616483363
74.52116 -0.00307616483363
74.61769 -0.00307616483363
74.71422 -0.00307616483363
74.81075 -0.00307616483363
74.90728 -0.00307616483363
75.00381 -0.00307616483363
75.10034 -0.00307616483363
75.19687 -0.00307616483363
75.2934 -0.00307616483363
75.38993 -0.00307616483363
75.48646 -0.00307616483363
75.58299 -0.00307616483363
75.67952 -0.00307616483363
75.77605 -0.00307616483363
75.87258 -0.00307616483363
75.96911 -0.00307616483363
76.06564 -0.00307616483363
76.16217 -0.00307616483363
76.2587 -0.00307616483363
76.35523 -0.00307616483363
76.45176 -0.00307616483363
76.54829 -0.00307616483363
76.64482 -0.00307616483363
76.74135 -0.00307616483363
76.83788 -0.00307616483363
76.93441 -0.00307616483363
77.03094 -0.00307616483363
77.12747 -0.00307616483363
77.224 -0.00307616483363
77.32053 -0.00307616483363
77.41706 -0.00307616483363
77.51359 -0.00307616483363
77.61012 -0.00307616483363
77.70665 -0.00307616483363
77.80318 -0.00307616483363
77.89971 -0.00307616483363
77.99624 -0.00307616483363
78.09277 -0.00307616483363
78.1893 -0.00307616483363
78.28583 -0.00307616483363
78.38236 -0.00307616483363
78.47889 -0.00307616483363
78.57542 -0.00307616483363
78.67195 -0.00307616483363
78.76848 -0.00307616483363
78.86501 -0.00307616483363
78.96154 -0.00307616483363
79.05807 -0.00307616483363
79.1546 -0.00307616483363
79.25113 -0.00307616483363
79.34766 -0.00307616483363
79.44419 -0.00307616483363
79.54072 -0.00307616483363
79.63725 -0.00307616483363
79.73378 -0.00307616483363
79.83031 -0.00307616483363
79.92684 -0.00307616483363
80.02337 -0.00307616483363
80.1199 -0.00307616483363
80.21643 -0.00307616483363
80.31296 -0.00307616483363
80.40949 -0.00307616483363
80.50602 -0.00307616483363
80.60255 -0.00307616483363
80.69908 -0.00307616483363
80.79561 -0.00307616483363
80.89214 -0.00307616483363
80.98867 -0.00307616483363
81.0852 -0.00307616483363
81.18173 -0.00307616483363
81.27826 -0.00307616483363
81.37479 -0.00307616483363
81.47132 -0.00307616483363
81.56785 -0.00307616483363
81.66438 -0.00307616483363
81.76091 -0.00307616483363
81.85744 -0.00307616483363
81.95397 -0.00307616483363
82.0505 -0.00307616483363
82.14703 -0.00307616483363
82.24356 -0.00307616483363
82.34009 -0.00307616483363
82.43662 -0.00307616483363
82.53315 -0.00307616483363
82.62968 -0.00307616483363
82.72621 -0.00307616483363
82.82274 -0.00307616483363
82.91927 -0.00307616483363
83.0158 -0.00307616483363
83.11233 -0.00307616483363
83.20886 -0.00307616483363
83.30539 -0.00307616483363
83.40192 -0.00307616483363
83.49845 -0.00307616483363
83.59498 -0.00307616483363
83.69151 -0.00307616483363
83.78804 -0.00307616483363
83.88457 -0.00307616483363
83.9811 -0.00307616483363
84.07763 -0.00307616483363
84.17416 -0.00307616483363
84.27069 -0.00307616483363
84.36722 -0.00307616483363
84.46375 -0.00307616483363
84.56028 -0.00307616483363
84.65681 -0.00307616483363
84.75334 -0.00307616483363
84.84987 -0.00307616483363
84.9464 -0.00307616483363
85.04293 -0.00307616483363
85.13946 -0.00307616483363
85.23599 -0.00307616483363
85.33252 -0.00307616483363
85.42905 -0.00307616483363
85.52558 -0.00307616483363
85.62211 -0.00307616483363
85.71864 -0.00307616483363
85.81517 -0.00307616483363
85.9117 -0.00307616483363
86.00823 -0.00307616483363
86.10476 -0.00307616483363
86.20129 -0.00307616483363
86.29782 -0.00307616483363
86.39435 -0.00307616483363
86.49088 -0.00307616483363
86.58741 -0.00307616483363
86.68394 -0.00307616483363
86.78047 -0.00307616483363
86.877 -0.00307616483363
86.97353 -0.00307616483363
87.07006 -0.00307616483363
87.16659 -0.00307616483363
87.26312 -0.00307616483363
87.35965 -0.00307616483363
87.45618 -0.00307616483363
87.55271 -0.00307616483363
87.64924 -0.00307616483363
87.74577 -0.00307616483363
87.8423 -0.00307616483363
87.93883 -0.00307616483363
88.03536 -0.00307616483363
88.13189 -0.00307616483363
88.22842 -0.00307616483363
88.32495 -0.00307616483363
88.42148 -0.00307616483363
88.51801 -0.00307616483363
88.61454 -0.00307616483363
88.71107 -0.00307616483363
88.8076 -0.00307616483363
88.90413 -0.00307616483363
89.00066 -0.00307616483363
89.09719 -0.00307616483363
89.19372 -0.00307616483363
89.29025 -0.00307616483363
89.38678 -0.00307616483363
89.48331 -0.00307616483363
89.57984 -0.00307616483363
89.67637 -0.00307616483363
89.7729 -0.00307616483363
89.86943 -0.00307616483363
89.96596 -0.00307616483363
90.06249 -0.00307616483363
90.15902 -0.00307616483363
90.25555 -0.00307616483363
90.35208 -0.00307616483363
90.44861 -0.00307616483363
90.54514 -0.00307616483363
90.64167 -0.00307616483363
90.7382 -0.00307616483363
90.83473 -0.00307616483363
90.93126 -0.00307616483363
91.02779 -0.00307616483363
91.12432 -0.00307616483363
91.22085 -0.00307616483363
91.31738 -0.00307616483363
91.41391 -0.00307616483363
91.51044 -0.00307616483363
91.60697 -0.00307616483363
91.7035 -0.00307616483363
91.80003 -0.00307616483363
91.89656 -0.00307616483363
91.99309 -0.00307616483363
92.08962 -0.00307616483363
92.18615 -0.00307616483363
92.28268 -0.00307616483363
92.37921 -0.00307616483363
92.47574 -0.00307616483363
92.57227 -0.00307616483363
92.6688 -0.00307616483363
92.76533 -0.00307616483363
92.86186 -0.00307616483363
92.95839 -0.00307616483363
93.05492 -0.00307616483363
93.15145 -0.00307616483363
93.24798 -0.00307616483363
93.34451 -0.00307616483363
93.44104 -0.00307616483363
93.53757 -0.00307616483363
93.6341 -0.00307616483363
93.73063 -0.00307616483363
93.82716 -0.00307616483363
93.92369 -0.00307616483363
94.02022 -0.00307616483363
94.11675 -0.00307616483363
94.21328 -0.00307616483363
94.30981 -0.00307616483363
94.40634 -0.00307616483363
94.50287 -0.00307616483363
94.5994 -0.00307616483363
94.69593 -0.00307616483363
94.79246 -0.00307616483363
94.88899 -0.00307616483363
94.98552 -0.00307616483363
95.08205 -0.00307616483363
95.17858 -0.00307616483363
95.27511 -0.00307616483363
95.37164 -0.00307616483363
95.46817 -0.00307616483363
95.5647 -0.00307616483363
95.66123 -0.00307616483363
95.75776 -0.00307616483363
95.85429 -0.00307616483363
95.95082 -0.00307616483363
96.04735 -0.00307616483363
96.14388 -0.00307616483363
96.24041 -0.00307616483363
96.33694 -0.00307616483363
96.43347 -0.00307616483363
96.53 -0.00307616483363
96.62653 -0.00307616483363
96.72306 -0.00307616483363
96.81959 -0.00307616483363
96.91612 -0.00307616483363
97.01265 -0.00307616483363
97.10918 -0.00307616483363
97.20571 -0.00307616483363
97.30224 -0.00307616483363
97.39877 -0.00307616483363
97.4953 -0.00307616483363
97.59183 -0.00307616483363
97.68836 -0.00307616483363
97.78489 -0.00307616483363
97.88142 -0.00307616483363
97.97795 -0.00307616483363
98.07448 -0.00307616483363
98.17101 -0.00307616483363
98.26754 -0.00307616483363
98.36407 -0.00307616483363
98.4606 -0.00307616483363
98.55713 -0.00307616483363
98.65366 -0.00307616483363
98.75019 -0.00307616483363
