0 0.00229364
0.0995343 0.00805141
0.199069 0.0117169
0.298603 0.0121394
0.398137 0.0103236
0.497671 0.0088073
0.597206 0.0102068
0.69674 0.0158949
0.796274 0.0255818
0.895808 0.0378337
0.995343 0.050804
1.09488 0.0622589
1.19441 0.0685758
1.29395 0.0634413
1.39348 0.0377663
1.49301 -0.0178084
1.59255 -0.107649
1.69208 -0.224704
1.79162 -0.345872
1.89115 -0.43224
1.99069 -0.43598
2.09022 -0.313394
2.18975 -0.0414129
2.28929 0.366663
2.38882 0.850702
2.48836 1.3027
2.58789 1.57837
2.68742 1.52301
2.78696 1.01093
2.88649 -0.00694226
2.98603 -1.45817
3.08556 -3.12258
3.1851 -4.6422
3.28463 -5.5788
3.38416 -5.51717
3.4837 -4.19339
3.58323 -1.61076
3.68277 1.90016
3.7823 5.71168
3.88184 9.02678
3.98137 11.0778
4.0809 11.3386
4.18044 9.68056
4.27997 6.41681
4.37951 2.21399
4.47904 -2.09987
4.57858 -5.76664
4.67811 -8.28884
4.77764 -9.51752
4.87718 -9.61677
4.97671 -8.93208
5.07625 -7.82497
5.17578 -6.54296
5.27532 -5.17108
5.37485 -3.67087
5.47438 -1.97312
5.57392 -0.0707209
5.67345 1.93552
5.77299 3.8565
5.87252 5.48352
5.97206 6.66594
6.07159 7.35637
6.17112 7.60205
6.27066 7.49122
6.37019 7.08728
6.46973 6.38902
6.56926 5.34009
6.6688 3.88313
6.76833 2.02938
6.86786 -0.0951506
6.9674 -2.25488
7.06693 -4.16363
7.16647 -5.57317
7.266 -6.35215
7.36553 -6.52072
7.46507 -6.22691
7.5646 -5.6775
7.66414 -5.05556
7.76367 -4.46018
7.86321 -3.89076
7.96274 -3.27618
8.06227 -2.52958
8.16181 -1.60061
8.26134 -0.503021
8.36088 0.690063
8.46041 1.87452
8.55995 2.94982
8.65948 3.8434
8.75901 4.51745
8.85855 4.96138
8.95808 5.17934
9.05762 5.18192
9.15715 4.98493
9.25669 4.61198
9.35622 4.09445
9.45575 3.4652
9.55529 2.74799
9.65482 1.94929
9.75436 1.0597
9.85389 0.067501
9.95343 -1.02069
10.053 -2.16232
10.1525 -3.27499
10.252 -4.25071
10.3516 -4.98422
10.4511 -5.40365
10.5506 -5.49057
10.6502 -5.28077
10.7497 -4.8466
10.8492 -4.26947
10.9488 -3.61521
11.0483 -2.92188
11.1478 -2.20275
11.2474 -1.45924
11.3469 -0.694915
11.4464 0.0772799
11.546 0.837081
11.6455 1.56464
11.745 2.24734
11.8446 2.88033
11.9441 3.4601
12.0436 3.9752
12.1432 4.40063
12.2427 4.70047
12.3422 4.83825
12.4418 4.7902
12.5413 4.55419
12.6409 4.14969
12.7404 3.60863
12.8399 2.96274
12.9395 2.23428
13.039 1.43548
13.1385 0.576591
13.2381 -0.322581
13.3376 -1.2251
13.4371 -2.07879
13.5367 -2.82785
13.6362 -3.42883
13.7357 -3.86303
13.8353 -4.13882
13.9348 -4.28258
14.0343 -4.3228
14.1339 -4.27555
14.2334 -4.13848
14.3329 -3.8963
14.4325 -3.53423
14.532 -3.05234
14.6315 -2.47305
14.7311 -1.83791
14.8306 -1.19549
14.9301 -0.586317
15.0297 -0.0322818
15.1292 0.465189
15.2287 0.918144
15.3283 1.34086
15.4278 1.74033
15.5273 2.11279
15.6269 2.447
15.7264 2.73111
15.8259 2.95864
15.9255 3.13014
16.025 3.24998
16.1245 3.32085
16.2241 3.33973
16.3236 3.29787
16.4232 3.18483
16.5227 2.99433
16.6222 2.72824
16.7218 2.39655
16.8213 2.01345
16.9208 1.59179
17.0204 1.13921
17.1199 0.658146
17.2194 0.149441
17.319 -0.382511
17.4185 -0.926211
17.518 -1.46308
17.6176 -1.97107
17.7171 -2.42981
17.8166 -2.82471
17.9162 -3.14805
18.0157 -3.39709
18.1152 -3.57086
18.2148 -3.66783
18.3143 -3.68574
18.4138 -3.62345
18.5134 -3.48314
18.6129 -3.27096
18.7124 -2.99541
18.812 -2.66412
18.9115 -2.28115
19.011 -1.84659
19.1106 -1.35937
19.2101 -0.821893
19.3096 -0.24416
19.4092 0.35501
19.5087 0.950689
19.6082 1.51735
19.7078 2.03458
19.8073 2.49038
19.9069 2.88047
20.0064 3.20454
20.1059 3.46156
20.2055 3.64692
20.305 3.75279
20.4045 3.77142
20.5041 3.69925
20.6036 3.53954
20.7031 3.30194
20.8027 2.99951
20.9022 2.6448
21.0017 2.24725
21.1013 1.81326
21.2008 1.34862
21.3003 0.861538
21.3999 0.364346
21.4994 -0.127403
21.5989 -0.598088
21.6985 -1.03578
21.798 -1.4346
21.8975 -1.79446
21.9971 -2.11836
22.0966 -2.40873
22.1961 -2.66473
22.2957 -2.88173
22.3952 -3.05299
22.4947 -3.17235
22.5943 -3.23639
22.6938 -3.245
22.7933 -3.20025
22.8929 -3.10449
22.9924 -2.95893
23.0919 -2.76333
23.1915 -2.51687
23.291 -2.21942
23.3905 -1.87249
23.4901 -1.47942
23.5896 -1.04516
23.6892 -0.576302
23.7887 -0.0816315
23.8882 0.426715
23.9878 0.932554
24.0873 1.41626
24.1868 1.85713
24.2864 2.23705
24.3859 2.54402
24.4854 2.77417
24.585 2.93119
24.6845 3.02362
24.784 3.06115
24.8836 3.05169
24.9831 3.00022
25.0826 2.90959
25.1822 2.78214
25.2817 2.62079
25.3812 2.42886
25.4808 2.20861
25.5803 1.95978
25.6798 1.6794
25.7794 1.36356
25.8789 1.01061
25.9784 0.624323
26.078 0.215216
26.1775 -0.200843
26.277 -0.606409
26.3766 -0.986896
26.4761 -1.33363
26.5756 -1.64414
26.6752 -1.91968
26.7747 -2.16143
26.8742 -2.36742
26.9738 -2.53169
27.0733 -2.64615
27.1729 -2.70396
27.2724 -2.70269
27.3719 -2.64567
27.4715 -2.54093
27.571 -2.39846
27.6705 -2.22723
27.7701 -2.03344
27.8696 -1.82051
27.9691 -1.59056
28.0687 -1.34605
28.1682 -1.09069
28.2677 -0.829034
28.3673 -0.565134
28.4668 -0.301237
28.5663 -0.037377
28.6659 0.227778
28.7654 0.495199
28.8649 0.76374
28.9645 1.02919
29.064 1.28455
29.1635 1.52127
29.2631 1.73091
29.3626 1.90659
29.4621 2.04372
29.5617 2.14022
29.6612 2.1963
29.7607 2.21403
29.8603 2.19689
29.9598 2.14908
30.0593 2.07462
30.1589 1.97651
30.2584 1.85603
30.3579 1.71289
30.4575 1.54607
30.557 1.35516
30.6566 1.14167
30.7561 0.909534
30.8556 0.664602
30.9552 0.413348
31.0547 0.161408
31.1542 -0.0872483
31.2538 -0.330137
31.3533 -0.565246
31.4528 -0.789864
31.5524 -1.00005
31.6519 -1.19113
31.7514 -1.35907
31.851 -1.50186
31.9505 -1.62008
32.05 -1.71615
32.1496 -1.79235
32.2491 -1.84877
32.3486 -1.88204
32.4482 -1.88583
32.5477 -1.85301
32.6472 -1.77876
32.7468 -1.66317
32.8463 -1.51234
32.9458 -1.33728
33.0454 -1.1512
33.1449 -0.966049
33.2444 -0.78965
33.344 -0.624372
33.4435 -0.4676
33.543 -0.313627
33.6426 -0.156163
33.7421 0.00938967
33.8416 0.184504
33.9412 0.367128
34.0407 0.552212
34.1402 0.732809
34.2398 0.9014
34.3393 1.05111
34.4389 1.17664
34.5384 1.27474
34.6379 1.34424
34.7375 1.38578
34.837 1.40131
34.9365 1.39349
35.0361 1.36536
35.1356 1.32002
35.2351 1.26046
35.3347 1.18934
35.4342 1.10875
35.5337 1.01987
35.6333 0.922853
35.7328 0.817005
35.8323 0.701329
35.9319 0.575309
36.0314 0.43964
36.1309 0.296582
36.2305 0.149764
36.33 0.00350826
36.4295 -0.138056
36.5291 -0.271697
36.6286 -0.395349
36.7281 -0.507899
36.8277 -0.608707
36.9272 -0.697138
37.0267 -0.772376
37.1263 -0.833549
37.2258 -0.880027
37.3253 -0.911655
37.4249 -0.928754
37.5244 -0.931906
37.6239 -0.92167
37.7235 -0.898447
37.823 -0.862602
37.9226 -0.814756
38.0221 -0.756061
38.1216 -0.688229
38.2212 -0.61326
38.3207 -0.532972
38.4202 -0.448611
38.5198 -0.360781
38.6193 -0.269771
38.7188 -0.176134
38.8184 -0.0812143
38.9179 0.0126787
39.0174 0.102569
39.117 0.185461
39.2165 0.259041
39.316 0.322109
39.4156 0.374561
39.5151 0.416996
39.6146 0.450157
39.7142 0.474516
39.8137 0.490151
39.9132 0.496932
40.0128 0.494841
40.1123 0.48423
40.2118 0.465895
40.3114 0.440948
40.4109 0.410613
40.5104 0.376062
40.61 0.338355
40.7095 0.298463
40.809 0.257307
40.9086 0.215726
41.0081 0.174404
41.1076 0.133798
41.2072 0.0941541
41.3067 0.0556286
41.4062 0.0184702
41.5058 -0.0168461
41.6053 -0.0496205
41.7049 -0.0790768
41.8044 -0.10458
41.9039 -0.125806
42.0035 -0.142756
42.103 -0.155637
42.2025 -0.164667
42.3021 -0.169951
42.4016 -0.171499
42.5011 -0.169371
42.6007 -0.163854
42.7002 -0.155539
42.7997 -0.145236
42.8993 -0.133757
42.9988 -0.121699
43.0983 -0.109329
43.1979 -0.0966631
43.2974 -0.0836601
43.3969 -0.0704219
43.4965 -0.057274
43.596 -0.0446786
43.6955 -0.033043
43.7951 -0.0225497
43.8946 -0.0131184
43.9941 -0.00452625
44.0937 0.00339323
44.1932 0.0106001
44.2927 0.0168467
44.3923 0.0218277
44.4918 0.0253864
44.5913 0.0276428
44.6909 0.028958
44.7904 0.0297503
44.8899 0.0302762
44.9895 0.0305118
45.089 0.0302121
45.1886 0.0291113
45.2881 0.0271413
45.3876 0.0245297
45.4872 0.0217139
45.5867 0.0191221
45.6862 0.0169567
45.7858 0.0151136
45.8853 0.0132882
45.9848 0.0112014
46.0844 0.00880404
46.1839 0.00633128
46.2834 0.00417206
46.383 0.00263549
46.4825 0.00176097
46.582 0.00129263
46.6816 0.000835658
46.7811 9.84059e-05
46.8806 -0.000930762
46.9802 -0.00198245
47.0797 -0.00268222
47.1792 -0.00279368
47.2788 -0.00237638
47.3783 -0.00175907
47.4778 -0.00134419
47.5774 -0.00136532
47.6769 -0.00174942
47.7764 -0.00217022
47.876 -0.00225991
47.9755 -0.0018467
48.075 -0.0010695
48.1746 -0.000297144
48.2741 9.77386e-05
48.3736 -3.0965e-05
48.4732 -0.000512611
48.5727 -0.00096673
48.6723 -0.00104083
48.7718 -0.000630729
48.8713 5.44594e-05
48.9709 0.000623494
49.0704 0.000748619
49.1699 0.000371982
49.2695 -0.000256473
49.369 -0.000733741
49.4685 -0.000754641
49.5681 -0.000302008
49.6676 0.000342955
49.7671 0.000776944
49.8667 0.000727403
49.9662 0.000223794
50.0657 -0.000420069
50.1653 -0.000801855
50.2648 -0.000682399
50.3643 -0.000135725
50.4639 0.000496705
50.5634 0.000819237
50.6629 0.000629544
50.7625 4.55644e-05
50.862 -0.000567816
50.9615 -0.000826756
51.0611 -0.000568666
51.1606 4.57008e-05
51.2601 0.000632371
51.3597 0.000824141
51.4592 0.00050042
51.5587 -0.000136942
51.6583 -0.000689512
51.7578 -0.000811358
51.8573 -0.000425617
51.9569 0.000227019
52.0564 0.000738491
52.1559 0.000788518
52.2555 0.000345159
52.355 -0.000314806
52.4546 -0.000778663
52.5541 -0.000755864
52.6536 -0.00026002
52.7532 0.000399207
52.8527 0.000809497
52.9522 0.00071376
53.0518 0.000171235
53.1513 -0.000479166
53.2508 -0.000830573
53.3504 -0.000662685
53.4499 -7.98791e-05
53.5494 0.000553682
53.649 0.000841594
53.7485 0.000603231
53.848 -1.29367e-05
53.9476 -0.00062182
54.0471 -0.000842382
54.1466 -0.000536088
54.2462 0.000106085
54.3457 0.00068272
54.4452 0.000832884
54.5448 0.000462043
54.6443 -0.000198431
54.7438 -0.00073561
54.8434 -0.000813172
54.9429 -0.000381965
55.0424 0.00028885
55.142 0.00077981
55.2415 0.000783437
55.341 0.000296799
55.4406 -0.000376237
55.5401 -0.000814747
55.6396 -0.000743993
55.7392 -0.000207551
55.8387 0.000459521
55.9383 0.000839953
56.0378 0.000695271
56.1373 0.00011528
56.2369 -0.000537675
56.3364 -0.000855076
56.4359 -0.000637811
56.5355 -2.10818e-05
56.635 0.000609733
56.7345 0.000859882
56.8341 0.000572262
56.9336 -7.3919e-05
57.0331 -0.000674796
57.1327 -0.00085426
57.2322 -0.000499366
57.3317 0.000168585
57.4313 0.000732045
57.5308 0.00083822
57.6303 0.00041996
57.7299 -0.00026178
57.8294 -0.000780748
57.9289 -0.000811895
58.0285 -0.000334958
58.128 0.000352377
58.2275 0.000820274
58.3271 0.00077554
58.4266 0.000245343
58.5261 -0.000439278
58.6257 -0.000850093
58.7252 -0.00072953
58.8247 -0.00015216
58.9243 0.00052142
59.0238 0.000869789
59.1233 0.000674354
59.2229 5.64999e-05
59.3224 -0.000597791
59.422 -0.000879062
59.5215 -0.00061061
59.621 4.05132e-05
59.7206 0.000667443
59.8201 0.000877732
59.9196 0.000539001
60.0192 -0.000137731
60.1187 -0.0007295
60.2182 -0.00086574
60.3178 -0.000460325
60.4173 0.000233997
60.5168 0.000783167
60.6164 0.000843154
60.7159 0.000375469
60.8154 -0.000328158
60.915 -0.000827745
61.0145 -0.000810164
61.114 -0.000285396
61.2136 0.000419079
61.3131 0.000862635
61.4126 0.000767083
61.5122 0.000191137
61.6117 -0.000505652
61.7112 -0.000887345
61.8108 -0.000714342
61.9103 -9.37778e-05
62.0098 0.000586815
62.1094 0.0009015
62.2089 0.00065249
62.3084 -5.55023e-06
62.408 -0.000661559
62.5075 -0.000904844
62.607 -0.000582184
62.7066 0.000105685
62.8061 0.000728941
62.9056 0.000897243
63.0052 0.000504184
63.1047 -0.000205446
63.2043 -0.000788098
63.3038 -0.00087869
63.4033 -0.000419345
63.5029 0.000303647
63.6024 0.000838253
63.7019 0.000849304
63.8015 0.000328611
63.901 -0.000399109
64.0005 -0.000878728
64.1001 -0.00080933
64.1996 -0.000233
64.2991 0.000490676
64.3987 0.000908947
64.4982 0.000759138
64.5977 0.000133595
64.6973 -0.000577224
64.7968 -0.000928452
64.8963 -0.00069922
64.9959 -3.15347e-05
65.0954 0.000657678
65.1949 0.000936901
65.2945 0.000630183
65.394 -7.20011e-05
65.4935 -0.000731022
65.5931 -0.000934077
65.6926 -0.000552746
65.7921 0.000175804
65.8917 0.000796311
65.9912 0.000919889
66.0907 0.000467732
66.1903 -0.00027865
66.2898 -0.000852685
66.3893 -0.000894378
66.4889 -0.000376061
66.5884 0.000379312
66.688 0.000899373
66.7875 0.000857715
66.887 0.000278737
66.9866 -0.000476577
67.0861 -0.000935711
67.1856 -0.000810199
67.2852 -0.000176843
67.3847 0.000569254
67.4842 0.000961144
67.5838 0.000752259
67.6833 7.15242e-05
67.7828 -0.000656192
67.8824 -0.000975235
67.9819 -0.000684447
68.0814 3.60191e-05
68.181 0.000736293
68.2805 0.000977673
68.38 0.000607437
68.4796 -0.000144547
68.5791 -0.000808523
68.6786 -0.000968275
68.7782 -0.000522014
68.8777 0.000252794
68.9772 0.000871924
69.0768 0.000946992
69.1763 0.00042907
69.2758 -0.000359479
69.3754 -0.000925627
69.4749 -0.00091391
69.5744 -0.000329597
69.674 0.000463324
69.7735 0.000968861
69.873 0.000869251
69.9726 0.000224671
70.0721 -0.000563064
70.1716 -0.00100097
70.2712 -0.00081337
70.3707 -0.000115449
70.4703 0.000657465
70.5698 0.0010214
70.6693 0.000746758
70.7689 3.15111e-06
70.8684 -0.000745333
70.9679 -0.00102974
71.0675 -0.000670033
71.167 0.000110949
71.2665 0.000825533
71.3661 0.0010257
71.4656 0.000583938
71.5651 -0.000225538
71.6647 -0.000897
71.7642 -0.00100912
71.8637 -0.000489334
71.9633 0.000339277
72.0628 0.00095875
72.1623 0.000980008
72.2619 0.000387191
72.3614 -0.000450814
72.4609 -0.0010099
72.5605 -0.000938478
72.66 -0.000278582
72.7595 0.000558801
72.8591 0.00104965
72.9586 0.000884808
73.0581 0.000164669
73.1577 -0.000661909
73.2572 -0.00107735
73.3567 -0.000819413
73.4563 -4.66957e-05
73.5558 0.00075884
73.6553 0.00109245
73.7549 0.000742846
73.8544 -7.40293e-05
73.954 -0.000848343
74.0535 -0.00109454
74.153 -0.000655797
74.2526 0.000196141
74.3521 0.000929227
74.4516 0.00108335
74.5512 0.000559088
74.6507 -0.000318235
74.7502 -0.00100038
74.8498 -0.00105875
74.9493 -0.000453663
75.0488 0.00043888
75.1484 0.00106077
75.2479 0.00102077
75.3474 0.000340583
75.447 -0.000556634
75.5465 -0.00110949
75.646 -0.000969576
75.7456 -0.000221013
75.8451 0.00067006
75.9446 0.0011457
76.0442 0.00090549
76.1437 9.62182e-05
76.2432 -0.000777739
76.3428 -0.00116874
76.4423 -0.000828989
76.5418 3.24556e-05
76.6414 0.000878288
76.7409 0.00117803
76.8404 0.000740696
76.94 -0.00016359
77.0395 -0.000970376
77.139 -0.00117318
77.2386 -0.000641379
77.3381 0.000295708
77.4377 0.00105274
77.5372 0.0011539
77.6367 0.000531944
77.7363 -0.00042729
77.8358 -0.00112418
77.9353 -0.0011201
78.0349 -0.000413431
78.1344 0.00055679
78.2339 0.00118362
78.3335 0.00107181
78.433 0.000287005
78.5325 -0.000682648
78.6321 -0.00123006
78.7316 -0.00100925
78.8311 -0.000153944
78.9307 0.000803308
79.0302 0.00126266
79.1297 0.000932797
79.2293 1.56293e-05
79.3288 -0.000917234
79.4283 -0.00128067
79.5279 -0.000842975
79.6274 0.000126464
79.7269 0.00102293
79.8265 0.0012835
79.926 0.000740482
80.0255 -0.000270784
80.1251 -0.00111894
80.2246 -0.00127072
80.3241 -0.00062617
80.4237 0.000415715
80.5232 0.0012039
80.6227 0.00124206
80.7223 0.000501041
80.8218 -0.000559593
80.9213 -0.00127651
81.0209 -0.0011974
81.1204 -0.000366243
81.22 0.000700718
81.3195 0.00133558
81.419 0.0011368
81.5186 0.000223059
81.6181 -0.000837379
81.7176 -0.00138004
81.8172 -0.00106049
81.9167 -7.29e-05
82.0162 0.000967861
82.1158 0.00140892
82.2153 0.000968901
82.3148 -8.27083e-05
82.4144 -0.00109047
82.5139 -0.00142144
82.6134 -0.000862608
82.713 0.000242137
82.8125 0.00120354
82.912 0.00141692
83.0116 0.00074238
83.1111 -0.000403667
83.2106 -0.00130548
83.3102 -0.00139488
83.4097 -0.000609155
83.5092 0.000565505
83.6088 0.00139473
83.7083 0.001355
83.8078 0.000464039
83.9074 -0.000725798
84.0069 -0.00146986
84.1064 -0.00129714
84.206 -0.000308299
84.3055 0.000882653
84.405 0.00152952
84.5046 0.00122135
84.6041 0.000143356
84.7037 -0.00103415
84.8032 -0.00157248
84.9027 -0.00112786
85.0023 2.9223e-05
85.1018 0.00117836
85.2013 0.00159766
85.3009 0.00101711
85.4004 -0.00020774
85.4999 -0.00131336
85.5995 -0.0016041
85.699 -0.000889722
85.7985 0.000390373
85.8981 0.00143728
85.9976 0.00159103
86.0971 0.000746529
86.1967 -0.000575195
86.2962 -0.00154826
86.3957 -0.00155786
86.4953 -0.000588547
86.5948 0.000760185
86.6943 0.00164454
86.7939 0.00150415
86.8934 0.000416985
86.9929 -0.000943244
87.0925 -0.00172443
87.192 -0.00142969
87.2915 -0.000233237
87.3911 0.00112221
87.4906 0.00178633
87.5901 0.00133445
87.6897 3.88788e-05
87.7892 -0.00129489
87.8887 -0.0018288
87.9883 -0.00121863
88.0878 0.000164346
88.1873 0.00145904
88.2869 0.00185049
88.3864 0.00108264
88.486 -0.000374532
88.5855 -0.00161244
88.685 -0.00185023
88.7846 -0.000927093
88.8841 0.000589624
88.9836 0.00175287
89.0832 0.00182702
89.1827 0.000752846
89.2822 -0.000807426
89.3818 -0.00187813
89.4813 -0.00178003
89.5808 -0.000560967
89.6804 0.00102562
89.7799 0.00198609
89.8794 0.00170864
89.979 0.000352747
90.0785 -0.00124178
90.178 -0.00207468
90.2776 -0.00161243
90.3771 -0.000129697
90.4766 0.00145339
90.5762 0.00214192
90.6757 0.0014912
90.7752 -0.000106455
90.8748 -0.00165783
90.9743 -0.00218594
91.0738 -0.00134499
91.1734 0.000353772
91.2729 0.00185245
91.3724 0.002205
91.472 0.00117405
91.5715 -0.000610111
91.671 -0.00203454
91.7706 -0.00219749
91.8701 -0.000978927
91.9697 0.000873131
92.0692 0.00220137
92.1687 0.002162
92.2683 0.000760375
92.3678 -0.0011403
92.4673 -0.00235018
92.5669 -0.00209725
92.6664 -0.000519432
92.7659 0.0014089
92.8655 0.00247826
92.965 0.00200218
93.0645 0.000257395
93.1641 -0.00167605
93.2636 -0.00258287
93.3631 -0.00187596
93.4627 2.4166e-05
93.5622 0.0019387
93.6617 0.00266138
93.7613 0.00171796
93.8608 -0.000323407
93.9603 -0.00219365
94.0599 -0.00271117
94.1594 -0.00152781
94.2589 0.000638203
94.3585 0.00243754
94.458 0.00272972
94.5575 0.00130541
94.6571 -0.00096614
94.7566 -0.00266688
94.8561 -0.00271462
94.9557 -0.00105091
95.0552 0.00130451
95.1547 0.00287807
95.2543 0.00266357
95.3538 0.000764808
95.4534 -0.0016503
95.5529 -0.00306737
95.6524 -0.00257442
95.752 -0.000447894
95.8515 0.00200019
95.951 0.00323093
96.0506 0.00244518
96.1501 0.000101331
96.2496 -0.0023505
96.3492 -0.0033648
96.4487 -0.00227407
96.5482 0.00027333
96.6478 0.00269722
96.7473 0.00346492
96.8468 0.00205953
96.9464 -0.000674093
97.0459 -0.00303593
97.1454 -0.00352715
97.245 -0.00180028
97.3445 0.00109846
97.444 0.00336181
97.5436 0.00354727
97.6431 0.00149541
97.7426 -0.00154334
97.8422 -0.00366953
97.9417 -0.003521
98.0412 -0.00114443
98.1408 0.00200495
98.2403 0.00395323
98.3398 0.00344406
98.4394 0.000747439
98.5389 -0.00247862
98.6384 -0.00420644
98.738 -0.00331218
98.8375 -0.000305296
98.937 0.00295862
99.0366 0.00442193
99.1361 0.00312127
99.2357 -0.000180092
99.3352 -0.00343783
99.4347 -0.00459165
99.5343 -0.00286756
99.6338 0.000705343
99.7333 0.00390733
99.8329 0.00470655
99.9324 0.00254792
100.032 -0.00126497
100.131 -0.00435579
100.231 -0.00475647
100.331 -0.00216037
100.43 0.00185041
100.53 0.00476857
100.629 0.00472986
100.729 0.00170485
100.828 -0.00244828
100.928 -0.00512552
101.027 -0.00461219
101.127 -0.00118407
101.226 0.00303413
101.326 0.00538635
101.425 0.0043657
101.525 0.000601693
101.624 -0.00347921
101.724 -0.00512202
101.824 -0.00292874
