0.0 -0.286366075154
0.09578 0.118690728379
0.19156 0.515078752324
0.28734 0.841707230408
0.38312 1.04822137958
0.4789 1.10750175652
0.57468 1.02097682568
0.67046 0.81617047992
0.76624 0.537674698196
0.86202 0.23389983933
0.9578 -0.0559009471671
1.05358 -0.309587028983
1.14936 -0.522478992413
1.24514 -0.699627820352
1.34092 -0.842912520918
1.4367 -0.939876820308
1.53248 -0.961321151808
1.62826 -0.869635632501
1.72404 -0.631903653319
1.81982 -0.230939132781
1.9156 0.324825178237
2.01138 0.990352227986
2.10716 1.6769134066
2.20294 2.25609593397
2.29872 2.57562345867
2.3945 2.48454934912
2.49028 1.86776045159
2.58606 0.686107786607
2.68184 -0.990200872571
2.77762 -2.96859135369
2.8734 -4.94590603895
2.96918 -6.54198302879
3.06496 -7.35351442053
3.16074 -7.02984895892
3.25652 -5.36887529151
3.3523 -2.41399186703
3.44808 1.48886374174
3.54386 5.7160946119
3.63964 9.485067852
3.73542 12.0373696575
3.8312 12.8311361427
3.92698 11.6831274267
4.02276 8.81643806925
4.11854 4.79800615306
4.21432 0.383811240868
4.3101 -3.68029949806
4.40588 -6.83849934133
4.50166 -8.8289637119
4.59744 -9.684423831
4.69322 -9.64212588622
4.789 -9.00885740896
4.88478 -8.03767216769
4.98056 -6.86090109676
5.07634 -5.4952421753
5.17212 -3.90115208608
5.2679 -2.05732976724
5.36368 -0.0121152148257
5.45946 2.10757334696
5.55524 4.12620117598
5.65102 5.86896223307
5.7468 7.20618471299
5.84258 8.07437235831
5.93836 8.46816912109
6.03414 8.4116497341
6.12992 7.92724572503
6.2257 7.02105099408
6.32148 5.69360175479
6.41726 3.9705067633
6.51304 1.93536107519
6.60882 -0.255472911426
6.7046 -2.38912815759
6.80038 -4.24167593088
6.89616 -5.63601385668
6.99194 -6.4885664773
7.08772 -6.82557075382
7.1835 -6.76276012043
7.27928 -6.45718228179
7.37506 -6.05002236055
7.47084 -5.62153097879
7.56662 -5.17338462425
7.6624 -4.64286172278
7.75818 -3.94134872845
7.85396 -3.00081858805
7.94974 -1.80973581752
8.04552 -0.425176535142
8.1413 1.04178080374
8.23708 2.45942060662
8.33286 3.71285795144
8.42864 4.73120370073
8.52442 5.49601511086
8.6202 6.03072238295
8.71598 6.3775134974
8.81176 6.57164186074
8.90754 6.62255734102
9.00332 6.50764093428
9.0991 6.17959521073
9.19488 5.58419660295
9.29066 4.68213439043
9.38644 3.46779803307
9.48222 1.97953867681
9.578 0.299226756643
9.67378 -1.45783771584
9.76956 -3.15939019146
9.86534 -4.67509877059
9.96112 -5.8946293801
10.0569 -6.74244615305
10.15268 -7.18716773768
10.24846 -7.24345368456
10.34424 -6.96532562836
10.44002 -6.43183998982
10.5358 -5.72839165185
10.63158 -4.92850398538
10.72736 -4.08112808743
10.82314 -3.20700741906
10.91892 -2.30475595552
11.0147 -1.36387675976
11.11048 -0.379454653265
11.20626 0.637098998786
11.30204 1.65495487575
11.39782 2.62889517512
11.4936 3.50972120686
11.58938 4.25535112565
11.68516 4.83813414001
11.78094 5.24624779478
11.87672 5.48015874917
11.9725 5.54721149139
12.06828 5.45746869396
12.16406 5.22228052302
12.25984 4.8549142402
12.35562 4.3712106226
12.4514 3.7884245318
12.54718 3.12201613517
12.64296 2.38216298001
12.73874 1.57280771617
12.83452 0.695276371682
12.9303 -0.243863690063
13.02608 -1.2237733531
13.12186 -2.20376353762
13.21764 -3.12508294054
13.31342 -3.92104008637
13.4092 -4.53253148422
13.50498 -4.92314855707
13.60076 -5.08770929693
13.69654 -5.05063935996
13.79232 -4.85497512317
13.8881 -4.54680630995
13.98388 -4.16176878731
14.07966 -3.71889934346
14.17544 -3.22345541427
14.27122 -2.67603970383
14.367 -2.08263406087
14.46278 -1.46021122928
14.55856 -0.8352826362
14.65434 -0.236558121792
14.75012 0.314145284399
14.8459 0.807954277692
14.94168 1.24900412368
15.03746 1.6488139962
15.13324 2.01814786309
15.22902 2.36058299868
15.3248 2.67079893108
15.42058 2.9379146683
15.51636 3.15154583305
15.61214 3.3070173262
15.70792 3.40690215439
15.8037 3.45823664596
15.89948 3.46713448985
15.99526 3.43382474138
16.09104 3.35077092181
16.18682 3.20481743844
16.2826 2.98226125143
16.37838 2.67444772215
16.47416 2.28151826424
16.56994 1.81310435598
16.66572 1.28629775801
16.7615 0.722272058415
16.85728 0.143031675516
16.95306 -0.430918794774
17.04884 -0.982057497306
17.14462 -1.49698084111
17.2404 -1.96744609919
17.33618 -2.39093736413
17.43196 -2.76992854105
17.52774 -3.10925069605
17.62352 -3.41190249529
17.7193 -3.67477259132
17.81508 -3.88633146138
17.91086 -4.02787626198
18.00664 -4.07843621283
18.10242 -4.0216442135
18.1982 -3.85170872144
18.29398 -3.57578437078
18.38976 -3.21157378785
18.48554 -2.7811918459
18.58132 -2.30408989629
18.6771 -1.79225904884
18.77288 -1.24977563873
18.86866 -0.676601566899
18.96444 -0.0745034579763
19.06022 0.547962086621
19.156 1.17381121677
19.25178 1.77995790418
19.34756 2.34213621489
19.44334 2.83992461608
19.53912 3.25962458464
19.6349 3.59413608638
19.73068 3.84066930626
19.82646 3.99818010475
19.92224 4.06627282397
20.01802 4.04613254285
20.1138 3.9425709284
20.20958 3.76538881434
20.30536 3.52851002313
20.40114 3.2466021914
20.49692 2.9304634369
20.5927 2.58342361538
20.68848 2.20080261901
20.78426 1.77313772361
20.88004 1.29209797283
20.97582 0.756659852211
21.0716 0.176907470458
21.16738 -0.426157848967
21.26316 -1.02467659096
21.35894 -1.59013215379
21.45472 -2.09923146247
21.5505 -2.53740081976
21.64628 -2.89906762812
21.74206 -3.18530853755
21.83784 -3.40036825946
21.93362 -3.54865391912
22.0294 -3.63319518581
22.12518 -3.65566053171
22.22096 -3.61731752395
22.31674 -3.52010191686
22.41252 -3.36719367158
22.5083 -3.16293926252
22.60408 -2.91232171602
22.69986 -2.62030754619
22.79564 -2.29132513243
22.89142 -1.92899776551
22.9872 -1.53619152562
23.08298 -1.11545236541
23.17876 -0.669899218967
23.27454 -0.204502810934
23.37032 0.272589698425
23.4661 0.749283792407
23.56188 1.20995570674
23.65766 1.63736789089
23.75344 2.0157627374
23.84922 2.33416353629
23.945 2.58859711401
24.04078 2.78221820549
24.13656 2.92311983653
24.23234 3.02061386821
24.32812 3.08147349028
24.4239 3.10766758555
24.51968 3.09643340352
24.61546 3.04244979829
24.71124 2.94092672445
24.80702 2.79009211799
24.9028 2.59199059743
24.99858 2.35146154252
25.09436 2.0741192763
25.19014 1.76460975867
25.28592 1.42614714991
25.3817 1.06152094345
25.47748 0.674883120505
25.57326 0.273171210626
25.66904 -0.133760170863
25.76482 -0.534480897879
25.8606 -0.918143487029
25.95638 -1.27635044245
26.05216 -1.60380915886
26.14794 -1.89755634604
26.24372 -2.15534216057
26.3395 -2.37421019534
26.43528 -2.55014153787
26.53106 -2.67895597428
26.62684 -2.75788232899
26.72262 -2.7867853127
26.8184 -2.76822308717
26.91418 -2.70620605898
27.00996 -2.60433014241
27.10574 -2.46439305119
27.20152 -2.28639905418
27.2973 -2.07010809644
27.39308 -1.81739853505
27.48886 -1.53418780343
27.58464 -1.23079899967
27.68042 -0.920412826194
27.7762 -0.616204943818
27.87198 -0.328422333268
27.96776 -0.062650920718
28.06354 0.180116883414
28.15932 0.401929024028
28.2551 0.60584349369
28.35088 0.794525670441
28.44666 0.970049851838
28.54244 1.13465411239
28.63822 1.29156080648
28.734 1.44490484247
28.82978 1.59825899768
28.92556 1.75245874677
29.02134 1.9037445391
29.11712 2.04318061191
29.2129 2.15824712903
29.30868 2.23615229161
29.40446 2.26760726941
29.50024 2.24949533483
29.59602 2.18530287169
29.6918 2.08316016342
29.78758 1.95238897668
29.88336 1.80007122856
29.97914 1.62906305959
30.07492 1.43815795111
30.1707 1.22412282436
30.26648 0.984558679597
30.36226 0.720300580906
30.45804 0.436416617921
30.55382 0.141564663897
30.6496 -0.153838645135
30.74538 -0.439790696061
30.84116 -0.708394339127
30.93694 -0.954585875712
31.03272 -1.17586224765
31.1285 -1.37131588074
31.22428 -1.54043450322
31.32006 -1.68209524768
31.41584 -1.79405961824
31.51162 -1.87312837059
31.6074 -1.91596141783
31.70318 -1.92039176486
31.79896 -1.8868660912
31.89474 -1.81948667328
31.99052 -1.72611383265
32.0863 -1.61720081245
32.18208 -1.50346499445
32.27786 -1.39301190756
32.37364 -1.28889393254
32.46942 -1.18809425073
32.5652 -1.08250545938
32.66098 -0.96174802223
32.75676 -0.816936136321
32.85254 -0.644073959362
32.94832 -0.445859328655
33.0441 -0.231263968847
33.13988 -0.0131021148322
33.23566 0.195466024245
33.33144 0.384227282007
33.42722 0.547934739037
33.523 0.686573525187
33.61878 0.804086745657
33.71456 0.906267979436
33.81034 0.998647796335
33.90612 1.08497561917
34.0019 1.16650658214
34.09768 1.24196890222
34.19346 1.30795291495
34.28924 1.35952700476
34.38502 1.39102902619
34.4808 1.39705845033
34.57658 1.37362908236
34.67236 1.31927591671
34.76814 1.23576937608
34.86392 1.12810317257
34.9597 1.00363005577
35.05548 0.870544502262
35.15126 0.736193102959
35.24704 0.605779622339
35.34282 0.481865529036
35.4386 0.36472290777
35.53438 0.25324428629
35.63016 0.145926827938
35.72594 0.0415117109311
35.82172 -0.0608750744825
35.9175 -0.161920981776
36.01328 -0.262318279257
36.10906 -0.362642851004
36.20484 -0.462852495705
36.30062 -0.561630977891
36.3964 -0.655980169472
36.49218 -0.741409568307
36.58796 -0.812805398273
36.68374 -0.865715749242
36.77952 -0.89754800693
36.8753 -0.908174518689
36.97108 -0.899693561807
37.06686 -0.875475561891
37.16264 -0.838949070383
37.25842 -0.792684507602
37.3542 -0.738164248534
37.44998 -0.676270562965
37.54576 -0.608156933385
37.64154 -0.53597518033
37.73732 -0.463005100066
37.8331 -0.393036720281
37.92888 -0.329237803975
38.02466 -0.273014166297
38.12044 -0.223405151021
38.21622 -0.17733508917
38.312 -0.130668827522
38.40778 -0.0796690831039
38.50356 -0.0222844559366
38.59934 0.0412193995111
38.69512 0.108482771557
38.7909 0.175966955602
38.88668 0.240132045818
38.98246 0.298384013261
39.07824 0.349449746985
39.17402 0.393122744273
39.2698 0.429601500633
39.36558 0.458794634303
39.46136 0.479937024705
39.55714 0.491682243372
39.65292 0.492604303736
39.7487 0.481865217335
39.84448 0.459754657367
39.94026 0.42788884855
40.03604 0.389012918906
40.13182 0.346504143261
40.2276 0.303758470327
40.32338 0.263638829955
40.41916 0.22809608182
40.51494 0.197991575159
40.61072 0.173097263357
40.7065 0.152239358519
40.80228 0.133567003169
40.89806 0.114935489105
40.99384 0.0943708764689
41.08962 0.0705335588431
41.1854 0.0430536052169
41.28118 0.0126102691264
41.37696 -0.0193064101467
41.47274 -0.0508971883865
41.56852 -0.0806450612458
41.6643 -0.107764245218
41.76008 -0.132315222367
41.85586 -0.154929038732
41.95164 -0.176257553119
42.04742 -0.196398399309
42.1432 -0.214567485128
42.23898 -0.22918981007
42.33476 -0.238393536914
42.43054 -0.240707118286
42.52632 -0.235661547424
42.6221 -0.224036213008
42.71788 -0.207641160026
42.81366 -0.188729308129
42.90944 -0.169287174553
43.00522 -0.150493090177
43.101 -0.132544189078
43.19678 -0.114883582599
43.29256 -0.0966884040621
43.38834 -0.0773844592417
43.48412 -0.0569703592589
43.5799 -0.0360449764055
43.67568 -0.0155767268704
43.77146 0.00343857253603
43.86724 0.0202586341783
43.96302 0.0345002856641
44.0588 0.0460599696306
44.15458 0.0549333672229
44.25036 0.0610571051509
44.34614 0.0642665885976
44.44192 0.0643899047451
44.5377 0.061420894569
44.63348 0.0556739172914
44.72926 0.0478350795699
44.82504 0.038878190157
44.92082 0.02987781881
45.0166 0.0217944576193
45.11238 0.0153103299918
45.20816 0.0107625619276
45.30394 0.0081734031877
45.39972 0.0073393366274
45.4955 0.00792824151625
45.59128 0.00954739713165
45.68706 0.0117731427466
45.78284 0.0141585881074
45.87862 0.0162462339848
45.9744 0.0176048348216
46.07018 0.0178910266602
46.16596 0.0169175740537
46.26174 0.0147013239577
46.35752 0.0114687261236
46.4533 0.00761183071954
46.54908 0.00360547747395
46.64486 -9.07490527252e-05
46.74064 -0.0031187994941
46.83642 -0.00527571242796
46.9322 -0.00652542981389
47.02798 -0.006972752359
47.12376 -0.00681284612814
47.21954 -0.00627359308121
47.31532 -0.00556625097847
47.4111 -0.00485403248839
47.50688 -0.00424089073871
47.60266 -0.00377655860301
47.69844 -0.00347051240843
47.79422 -0.00330754138779
47.89 -0.00326019786694
47.98578 -0.00326019786694
48.08156 -0.00326019786694
48.17734 -0.00326019786694
48.27312 -0.00326019786694
48.3689 -0.00326019786694
48.46468 -0.00326019786694
48.56046 -0.00326019786694
48.65624 -0.00326019786694
48.75202 -0.00326019786694
48.8478 -0.00326019786694
48.94358 -0.00326019786694
49.03936 -0.00326019786694
49.13514 -0.00326019786694
49.23092 -0.00326019786694
49.3267 -0.00326019786694
49.42248 -0.00326019786694
49.51826 -0.00326019786694
49.61404 -0.00326019786694
49.70982 -0.00326019786694
49.8056 -0.00326019786694
49.90138 -0.00326019786694
49.99716 -0.00326019786694
50.09294 -0.00326019786694
50.18872 -0.00326019786694
50.2845 -0.00326019786694
50.38028 -0.00326019786694
50.47606 -0.00326019786694
50.57184 -0.00326019786694
50.66762 -0.00326019786694
50.7634 -0.00326019786694
50.85918 -0.00326019786694
50.95496 -0.00326019786694
51.05074 -0.00326019786694
51.14652 -0.00326019786694
51.2423 -0.00326019786694
51.33808 -0.00326019786694
51.43386 -0.00326019786694
51.52964 -0.00326019786694
51.62542 -0.00326019786694
51.7212 -0.00326019786694
51.81698 -0.00326019786694
51.91276 -0.00326019786694
52.00854 -0.00326019786694
52.10432 -0.00326019786694
52.2001 -0.00326019786694
52.29588 -0.00326019786694
52.39166 -0.00326019786694
52.48744 -0.00326019786694
52.58322 -0.00326019786694
52.679 -0.00326019786694
52.77478 -0.00326019786694
52.87056 -0.00326019786694
52.96634 -0.00326019786694
53.06212 -0.00326019786694
53.1579 -0.00326019786694
53.25368 -0.00326019786694
53.34946 -0.00326019786694
53.44524 -0.00326019786694
53.54102 -0.00326019786694
53.6368 -0.00326019786694
53.73258 -0.00326019786694
53.82836 -0.00326019786694
53.92414 -0.00326019786694
54.01992 -0.00326019786694
54.1157 -0.00326019786694
54.21148 -0.00326019786694
54.30726 -0.00326019786694
54.40304 -0.00326019786694
54.49882 -0.00326019786694
54.5946 -0.00326019786694
54.69038 -0.00326019786694
54.78616 -0.00326019786694
54.88194 -0.00326019786694
54.97772 -0.00326019786694
55.0735 -0.00326019786694
55.16928 -0.00326019786694
55.26506 -0.00326019786694
55.36084 -0.00326019786694
55.45662 -0.00326019786694
55.5524 -0.00326019786694
55.64818 -0.00326019786694
55.74396 -0.00326019786694
55.83974 -0.00326019786694
55.93552 -0.00326019786694
56.0313 -0.00326019786694
56.12708 -0.00326019786694
56.22286 -0.00326019786694
56.31864 -0.00326019786694
56.41442 -0.00326019786694
56.5102 -0.00326019786694
56.60598 -0.00326019786694
56.70176 -0.00326019786694
56.79754 -0.00326019786694
56.89332 -0.00326019786694
56.9891 -0.00326019786694
57.08488 -0.00326019786694
57.18066 -0.00326019786694
57.27644 -0.00326019786694
57.37222 -0.00326019786694
57.468 -0.00326019786694
57.56378 -0.00326019786694
57.65956 -0.00326019786694
57.75534 -0.00326019786694
57.85112 -0.00326019786694
57.9469 -0.00326019786694
58.04268 -0.00326019786694
58.13846 -0.00326019786694
58.23424 -0.00326019786694
58.33002 -0.00326019786694
58.4258 -0.00326019786694
58.52158 -0.00326019786694
58.61736 -0.00326019786694
58.71314 -0.00326019786694
58.80892 -0.00326019786694
58.9047 -0.00326019786694
59.00048 -0.00326019786694
59.09626 -0.00326019786694
59.19204 -0.00326019786694
59.28782 -0.00326019786694
59.3836 -0.00326019786694
59.47938 -0.00326019786694
59.57516 -0.00326019786694
59.67094 -0.00326019786694
59.76672 -0.00326019786694
59.8625 -0.00326019786694
59.95828 -0.00326019786694
60.05406 -0.00326019786694
60.14984 -0.00326019786694
60.24562 -0.00326019786694
60.3414 -0.00326019786694
60.43718 -0.00326019786694
60.53296 -0.00326019786694
60.62874 -0.00326019786694
60.72452 -0.00326019786694
60.8203 -0.00326019786694
60.91608 -0.00326019786694
61.01186 -0.00326019786694
61.10764 -0.00326019786694
61.20342 -0.00326019786694
61.2992 -0.00326019786694
61.39498 -0.00326019786694
61.49076 -0.00326019786694
61.58654 -0.00326019786694
61.68232 -0.00326019786694
61.7781 -0.00326019786694
61.87388 -0.00326019786694
61.96966 -0.00326019786694
62.06544 -0.00326019786694
62.16122 -0.00326019786694
62.257 -0.00326019786694
62.35278 -0.00326019786694
62.44856 -0.00326019786694
62.54434 -0.00326019786694
62.64012 -0.00326019786694
62.7359 -0.00326019786694
62.83168 -0.00326019786694
62.92746 -0.00326019786694
63.02324 -0.00326019786694
63.11902 -0.00326019786694
63.2148 -0.00326019786694
63.31058 -0.00326019786694
63.40636 -0.00326019786694
63.50214 -0.00326019786694
63.59792 -0.00326019786694
63.6937 -0.00326019786694
63.78948 -0.00326019786694
63.88526 -0.00326019786694
63.98104 -0.00326019786694
64.07682 -0.00326019786694
64.1726 -0.00326019786694
64.26838 -0.00326019786694
64.36416 -0.00326019786694
64.45994 -0.00326019786694
64.55572 -0.00326019786694
64.6515 -0.00326019786694
64.74728 -0.00326019786694
64.84306 -0.00326019786694
64.93884 -0.00326019786694
65.03462 -0.00326019786694
65.1304 -0.00326019786694
65.22618 -0.00326019786694
65.32196 -0.00326019786694
65.41774 -0.00326019786694
65.51352 -0.00326019786694
65.6093 -0.00326019786694
65.70508 -0.00326019786694
65.80086 -0.00326019786694
65.89664 -0.00326019786694
65.99242 -0.00326019786694
66.0882 -0.00326019786694
66.18398 -0.00326019786694
66.27976 -0.00326019786694
66.37554 -0.00326019786694
66.47132 -0.00326019786694
66.5671 -0.00326019786694
66.66288 -0.00326019786694
66.75866 -0.00326019786694
66.85444 -0.00326019786694
66.95022 -0.00326019786694
67.046 -0.00326019786694
67.14178 -0.00326019786694
67.23756 -0.00326019786694
67.33334 -0.00326019786694
67.42912 -0.00326019786694
67.5249 -0.00326019786694
67.62068 -0.00326019786694
67.71646 -0.00326019786694
67.81224 -0.00326019786694
67.90802 -0.00326019786694
68.0038 -0.00326019786694
68.09958 -0.00326019786694
68.19536 -0.00326019786694
68.29114 -0.00326019786694
68.38692 -0.00326019786694
68.4827 -0.00326019786694
68.57848 -0.00326019786694
68.67426 -0.00326019786694
68.77004 -0.00326019786694
68.86582 -0.00326019786694
68.9616 -0.00326019786694
69.05738 -0.00326019786694
69.15316 -0.00326019786694
69.24894 -0.00326019786694
69.34472 -0.00326019786694
69.4405 -0.00326019786694
69.53628 -0.00326019786694
69.63206 -0.00326019786694
69.72784 -0.00326019786694
69.82362 -0.00326019786694
69.9194 -0.00326019786694
70.01518 -0.00326019786694
70.11096 -0.00326019786694
70.20674 -0.00326019786694
70.30252 -0.00326019786694
70.3983 -0.00326019786694
70.49408 -0.00326019786694
70.58986 -0.00326019786694
70.68564 -0.00326019786694
70.78142 -0.00326019786694
70.8772 -0.00326019786694
70.97298 -0.00326019786694
71.06876 -0.00326019786694
71.16454 -0.00326019786694
71.26032 -0.00326019786694
71.3561 -0.00326019786694
71.45188 -0.00326019786694
71.54766 -0.00326019786694
71.64344 -0.00326019786694
71.73922 -0.00326019786694
71.835 -0.00326019786694
71.93078 -0.00326019786694
72.02656 -0.00326019786694
72.12234 -0.00326019786694
72.21812 -0.00326019786694
72.3139 -0.00326019786694
72.40968 -0.00326019786694
72.50546 -0.00326019786694
72.60124 -0.00326019786694
72.69702 -0.00326019786694
72.7928 -0.00326019786694
72.88858 -0.00326019786694
72.98436 -0.00326019786694
73.08014 -0.00326019786694
73.17592 -0.00326019786694
73.2717 -0.00326019786694
73.36748 -0.00326019786694
73.46326 -0.00326019786694
73.55904 -0.00326019786694
73.65482 -0.00326019786694
73.7506 -0.00326019786694
73.84638 -0.00326019786694
73.94216 -0.00326019786694
74.03794 -0.00326019786694
74.13372 -0.00326019786694
74.2295 -0.00326019786694
74.32528 -0.00326019786694
74.42106 -0.00326019786694
74.51684 -0.00326019786694
74.61262 -0.00326019786694
74.7084 -0.00326019786694
74.80418 -0.00326019786694
74.89996 -0.00326019786694
74.99574 -0.00326019786694
75.09152 -0.00326019786694
75.1873 -0.00326019786694
75.28308 -0.00326019786694
75.37886 -0.00326019786694
75.47464 -0.00326019786694
75.57042 -0.00326019786694
75.6662 -0.00326019786694
75.76198 -0.00326019786694
75.85776 -0.00326019786694
75.95354 -0.00326019786694
76.04932 -0.00326019786694
76.1451 -0.00326019786694
76.24088 -0.00326019786694
76.33666 -0.00326019786694
76.43244 -0.00326019786694
76.52822 -0.00326019786694
76.624 -0.00326019786694
76.71978 -0.00326019786694
76.81556 -0.00326019786694
76.91134 -0.00326019786694
77.00712 -0.00326019786694
77.1029 -0.00326019786694
77.19868 -0.00326019786694
77.29446 -0.00326019786694
77.39024 -0.00326019786694
77.48602 -0.00326019786694
77.5818 -0.00326019786694
77.67758 -0.00326019786694
77.77336 -0.00326019786694
77.86914 -0.00326019786694
77.96492 -0.00326019786694
78.0607 -0.00326019786694
78.15648 -0.00326019786694
78.25226 -0.00326019786694
78.34804 -0.00326019786694
78.44382 -0.00326019786694
78.5396 -0.00326019786694
78.63538 -0.00326019786694
78.73116 -0.00326019786694
78.82694 -0.00326019786694
78.92272 -0.00326019786694
79.0185 -0.00326019786694
79.11428 -0.00326019786694
79.21006 -0.00326019786694
79.30584 -0.00326019786694
79.40162 -0.00326019786694
79.4974 -0.00326019786694
79.59318 -0.00326019786694
79.68896 -0.00326019786694
79.78474 -0.00326019786694
79.88052 -0.00326019786694
79.9763 -0.00326019786694
80.07208 -0.00326019786694
80.16786 -0.00326019786694
80.26364 -0.00326019786694
80.35942 -0.00326019786694
80.4552 -0.00326019786694
80.55098 -0.00326019786694
80.64676 -0.00326019786694
80.74254 -0.00326019786694
80.83832 -0.00326019786694
80.9341 -0.00326019786694
81.02988 -0.00326019786694
81.12566 -0.00326019786694
81.22144 -0.00326019786694
81.31722 -0.00326019786694
81.413 -0.00326019786694
81.50878 -0.00326019786694
81.60456 -0.00326019786694
81.70034 -0.00326019786694
81.79612 -0.00326019786694
81.8919 -0.00326019786694
81.98768 -0.00326019786694
82.08346 -0.00326019786694
82.17924 -0.00326019786694
82.27502 -0.00326019786694
82.3708 -0.00326019786694
82.46658 -0.00326019786694
82.56236 -0.00326019786694
82.65814 -0.00326019786694
82.75392 -0.00326019786694
82.8497 -0.00326019786694
82.94548 -0.00326019786694
83.04126 -0.00326019786694
83.13704 -0.00326019786694
83.23282 -0.00326019786694
83.3286 -0.00326019786694
83.42438 -0.00326019786694
83.52016 -0.00326019786694
83.61594 -0.00326019786694
83.71172 -0.00326019786694
83.8075 -0.00326019786694
83.90328 -0.00326019786694
83.99906 -0.00326019786694
84.09484 -0.00326019786694
84.19062 -0.00326019786694
84.2864 -0.00326019786694
84.38218 -0.00326019786694
84.47796 -0.00326019786694
84.57374 -0.00326019786694
84.66952 -0.00326019786694
84.7653 -0.00326019786694
84.86108 -0.00326019786694
84.95686 -0.00326019786694
85.05264 -0.00326019786694
85.14842 -0.00326019786694
85.2442 -0.00326019786694
85.33998 -0.00326019786694
85.43576 -0.00326019786694
85.53154 -0.00326019786694
85.62732 -0.00326019786694
85.7231 -0.00326019786694
85.81888 -0.00326019786694
85.91466 -0.00326019786694
86.01044 -0.00326019786694
86.10622 -0.00326019786694
86.202 -0.00326019786694
86.29778 -0.00326019786694
86.39356 -0.00326019786694
86.48934 -0.00326019786694
86.58512 -0.00326019786694
86.6809 -0.00326019786694
86.77668 -0.00326019786694
86.87246 -0.00326019786694
86.96824 -0.00326019786694
87.06402 -0.00326019786694
87.1598 -0.00326019786694
87.25558 -0.00326019786694
87.35136 -0.00326019786694
87.44714 -0.00326019786694
87.54292 -0.00326019786694
87.6387 -0.00326019786694
87.73448 -0.00326019786694
87.83026 -0.00326019786694
87.92604 -0.00326019786694
88.02182 -0.00326019786694
88.1176 -0.00326019786694
88.21338 -0.00326019786694
88.30916 -0.00326019786694
88.40494 -0.00326019786694
88.50072 -0.00326019786694
88.5965 -0.00326019786694
88.69228 -0.00326019786694
88.78806 -0.00326019786694
88.88384 -0.00326019786694
88.97962 -0.00326019786694
89.0754 -0.00326019786694
89.17118 -0.00326019786694
89.26696 -0.00326019786694
89.36274 -0.00326019786694
89.45852 -0.00326019786694
89.5543 -0.00326019786694
89.65008 -0.00326019786694
89.74586 -0.00326019786694
89.84164 -0.00326019786694
89.93742 -0.00326019786694
90.0332 -0.00326019786694
90.12898 -0.00326019786694
90.22476 -0.00326019786694
90.32054 -0.00326019786694
90.41632 -0.00326019786694
90.5121 -0.00326019786694
90.60788 -0.00326019786694
90.70366 -0.00326019786694
90.79944 -0.00326019786694
90.89522 -0.00326019786694
90.991 -0.00326019786694
91.08678 -0.00326019786694
91.18256 -0.00326019786694
91.27834 -0.00326019786694
91.37412 -0.00326019786694
91.4699 -0.00326019786694
91.56568 -0.00326019786694
91.66146 -0.00326019786694
91.75724 -0.00326019786694
91.85302 -0.00326019786694
91.9488 -0.00326019786694
92.04458 -0.00326019786694
92.14036 -0.00326019786694
92.23614 -0.00326019786694
92.33192 -0.00326019786694
92.4277 -0.00326019786694
92.52348 -0.00326019786694
92.61926 -0.00326019786694
92.71504 -0.00326019786694
92.81082 -0.00326019786694
92.9066 -0.00326019786694
93.00238 -0.00326019786694
93.09816 -0.00326019786694
93.19394 -0.00326019786694
93.28972 -0.00326019786694
93.3855 -0.00326019786694
93.48128 -0.00326019786694
93.57706 -0.00326019786694
93.67284 -0.00326019786694
93.76862 -0.00326019786694
93.8644 -0.00326019786694
93.96018 -0.00326019786694
94.05596 -0.00326019786694
94.15174 -0.00326019786694
94.24752 -0.00326019786694
94.3433 -0.00326019786694
94.43908 -0.00326019786694
94.53486 -0.00326019786694
94.63064 -0.00326019786694
94.72642 -0.00326019786694
94.8222 -0.00326019786694
94.91798 -0.00326019786694
95.01376 -0.00326019786694
95.10954 -0.00326019786694
95.20532 -0.00326019786694
95.3011 -0.00326019786694
95.39688 -0.00326019786694
95.49266 -0.00326019786694
95.58844 -0.00326019786694
95.68422 -0.00326019786694
95.78 -0.00326019786694
95.87578 -0.00326019786694
95.97156 -0.00326019786694
96.06734 -0.00326019786694
96.16312 -0.00326019786694
96.2589 -0.00326019786694
96.35468 -0.00326019786694
96.45046 -0.00326019786694
96.54624 -0.00326019786694
96.64202 -0.00326019786694
96.7378 -0.00326019786694
96.83358 -0.00326019786694
96.92936 -0.00326019786694
97.02514 -0.00326019786694
97.12092 -0.00326019786694
97.2167 -0.00326019786694
97.31248 -0.00326019786694
97.40826 -0.00326019786694
97.50404 -0.00326019786694
97.59982 -0.00326019786694
97.6956 -0.00326019786694
97.79138 -0.00326019786694
97.88716 -0.00326019786694
97.98294 -0.00326019786694
