0.0 0.000971483901268
0.1 0.0031874107678
0.2 0.00929141984637
0.3 0.0202899775578
0.4 0.0350434830975
0.5 0.0497526460771
0.6 0.058718046672
0.7 0.0561316742785
0.8 0.038169078496
0.9 0.00472976367335
1.0 -0.0395131220767
1.1 -0.0851180477032
1.2 -0.119659608524
1.3 -0.131910207938
1.4 -0.117693298348
1.5 -0.0844939518807
1.6 -0.0506618940066
1.7 -0.0366928978702
1.8 -0.0508313881954
1.9 -0.0765342723037
2.0 -0.0710942243343
2.1 0.0195461826596
2.2 0.233422286958
2.3 0.564176960001
2.4 0.945388707487
2.5 1.25625170325
2.6 1.34813771504
2.7 1.08376309221
2.8 0.378248549179
2.9 -0.765875216578
3.0 -2.23399326863
3.1 -3.78946410036
3.2 -5.08708841111
3.3 -5.72171127194
3.4 -5.31814987166
3.5 -3.65168338135
3.6 -0.765718830932
3.7 2.96229909101
3.8 6.8513223919
3.9 10.0591543398
4.0 11.8073129571
4.1 11.6164514366
4.2 9.46369711093
4.3 5.79534784323
4.4 1.38409969355
4.5 -2.91485249924
4.6 -6.41190225609
4.7 -8.7405260504
4.8 -9.87535629241
4.9 -10.0274631155
5.0 -9.48457597488
5.1 -8.47653798004
5.2 -7.11865163455
5.3 -5.43748944018
5.4 -3.44298387619
5.5 -1.19653063893
5.6 1.16100649359
5.7 3.42890877489
5.8 5.39648208028
5.9 6.89600077405
6.0 7.83676594931
6.1 8.21113734684
6.2 8.07559052584
6.3 7.51736043201
6.4 6.62010668631
6.5 5.44147933027
6.6 4.01155522502
6.7 2.35333016588
6.8 0.516036949367
6.9 -1.39659827079
7.0 -3.22214281519
7.1 -4.76870761001
7.2 -5.86992829399
7.3 -6.44200959604
7.4 -6.51421986166
7.5 -6.21471065632
7.6 -5.71506192538
7.7 -5.15820263536
7.8 -4.60352058547
7.9 -4.01472698148
8.0 -3.29472167384
8.1 -2.34876469108
8.2 -1.14463116244
8.3 0.258076317001
8.4 1.72068262613
8.5 3.07122262917
8.6 4.16049054718
8.7 4.90405328281
8.8 5.29547117083
8.9 5.39043198595
9.0 5.27350362339
9.1 5.02385804147
9.2 4.69297808884
9.3 4.29912650602
9.4 3.83500895119
9.5 3.28061479267
9.6 2.61411680039
9.7 1.81835455667
9.8 0.88523208983
9.9 -0.17809068764
10.0 -1.34013715435
10.1 -2.53718590433
10.2 -3.67377195409
10.3 -4.63712555931
10.4 -5.32419110888
10.5 -5.67171736453
10.6 -5.67585492585
10.7 -5.39110237647
10.8 -4.90809872134
10.9 -4.32029927058
11.0 -3.69478706922
11.1 -3.05934178681
11.2 -2.40854035126
11.3 -1.72190785281
11.4 -0.9826176767
11.5 -0.187878952832
11.6 0.6507539077
11.7 1.51249546191
11.8 2.37144451632
11.9 3.1964944271
12.0 3.94893900336
12.1 4.58264096967
12.2 5.05034878629
12.3 5.3152844008
12.4 5.36271182596
12.5 5.20491530585
12.6 4.87582847327
12.7 4.41687184315
12.8 3.8603673039
12.9 3.21857508387
13.0 2.48404002236
13.1 1.64166437989
13.2 0.687218637386
13.3 -0.356471329516
13.4 -1.43393303314
13.5 -2.46584811146
13.6 -3.36941231297
13.7 -4.08170732397
13.8 -4.57568656768
13.9 -4.8616531233
14.0 -4.9741442265
14.1 -4.9513698459
14.2 -4.81784662762
14.3 -4.57860708809
14.4 -4.22658991425
14.5 -3.75743696864
14.6 -3.18220430548
14.7 -2.53046221398
14.8 -1.84247078827
14.9 -1.1556395961
15.0 -0.493413651489
15.1 0.13739054121
15.2 0.74024074571
15.3 1.31822514999
15.4 1.86571455105
15.5 2.36689783484
15.6 2.80130117506
15.7 3.15246437982
15.8 3.41463774583
15.9 3.59399457635
16.0 3.70409302826
16.1 3.75824439653
16.2 3.76267736668
16.3 3.71364435592
16.4 3.59955044822
16.5 3.40686719035
16.6 3.12700699792
16.7 2.76107197658
16.8 2.32051022731
16.9 1.82370298652
17.0 1.29043118049
17.1 0.737052956325
17.2 0.174576676315
17.3 -0.38999818352
17.4 -0.950585392206
17.5 -1.49946235455
17.6 -2.02679012692
17.7 -2.52198215111
17.8 -2.97526894515
17.9 -3.37774671979
18.0 -3.71956768765
18.1 -3.98770988659
18.2 -4.16558319802
18.3 -4.23586584658
18.4 -4.18590266948
18.5 -4.01310161173
18.6 -3.72734670627
18.7 -3.34885218319
18.8 -2.90227819245
18.9 -2.40987391264
19.0 -1.88680245135
19.1 -1.34051192429
19.2 -0.773884714385
19.3 -0.190121118349
19.4 0.403254933479
19.5 0.99312591673
19.6 1.56256550838
19.7 2.09448668902
19.8 2.57516319186
19.9 2.99585280697
20.0 3.35184157689
20.1 3.63966195906
20.2 3.85429451628
20.3 3.98823975311
20.4 4.03330623516
20.5 3.98430528917
20.6 3.84252848563
20.7 3.61678529877
20.8 3.32108814658
20.9 2.97007426689
21.0 2.57469975043
21.1 2.14065059594
21.2 1.67027320343
21.3 1.16665405185
21.4 0.637183162674
21.5 0.0943613409013
21.6 -0.446546586691
21.7 -0.971392104394
21.8 -1.47006270868
21.9 -1.93672319415
22.0 -2.36747700521
22.1 -2.75715453275
22.2 -3.09733232125
22.3 -3.3767561387
22.4 -3.58382893041
22.5 -3.70973845245
22.6 -3.75070680453
22.7 -3.70858120044
22.8 -3.58991204152
22.9 -3.40419697002
23.0 -3.1619588292
23.1 -2.87303566962
23.2 -2.5452485482
23.3 -2.1836152626
23.4 -1.79035745509
23.5 -1.36588393362
23.6 -0.910651413032
23.7 -0.42744198593
23.8 0.0766310646405
23.9 0.589057218316
24.0 1.09224715416
24.1 1.5653663601
24.2 1.98746981326
24.3 2.34134255297
24.4 2.61706830239
24.5 2.81413411383
24.6 2.94108303042
24.7 3.01247022689
24.8 3.04395807608
24.9 3.04729022886
25.0 3.02707008567
25.1 2.98052920412
25.2 2.90012980239
25.3 2.77760194331
25.4 2.60752855235
25.5 2.38907545841
25.6 2.12557590361
25.7 1.8227565375
25.8 1.4868694721
25.9 1.12371916095
26.0 0.738829849632
26.1 0.338280886582
26.2 -0.0705692902381
26.3 -0.479051303026
26.4 -0.877915584892
26.5 -1.25839963905
26.6 -1.61299933333
26.7 -1.93549874112
26.8 -2.22028844144
26.9 -2.46150242439
27.0 -2.65272649642
27.1 -2.78779465116
27.2 -2.86256340144
27.3 -2.87686701443
27.4 -2.83553895618
27.5 -2.74770051276
27.6 -2.62435765857
27.7 -2.47524938323
27.8 -2.30631077288
27.9 -2.1187871077
28.0 -1.91016838663
28.1 -1.676255439
28.2 -1.4133305387
28.3 -1.11970877387
28.4 -0.796560689447
28.5 -0.448315175548
28.6 -0.0828907957586
28.7 0.288387919312
28.8 0.651620457125
28.9 0.992177621039
29.0 1.29727427653
29.1 1.55841881036
29.2 1.77278226822
29.3 1.94298564268
29.4 2.07551693557
29.5 2.17848238643
29.6 2.25940169371
29.7 2.32341448705
29.8 2.37196632405
29.9 2.40206425923
30.0 2.40643904527
30.1 2.3748910299
30.2 2.29731547959
30.3 2.1673687624
30.4 1.98509905687
30.5 1.75766558852
30.6 1.49753376178
30.7 1.21891719059
30.8 0.934089177078
30.9 0.651122418722
31.0 0.373711987128
31.1 0.102611730657
31.2 -0.162427403443
31.3 -0.421193536958
31.4 -0.672365017356
31.5 -0.913446696838
31.6 -1.14094339139
31.7 -1.3506867802
31.8 -1.53847597946
31.9 -1.70107809945
32.0 -1.83721222619
32.1 -1.94781465501
32.2 -2.03506214191
32.3 -2.10033947223
32.4 -2.14214031222
32.5 -2.15518693103
32.6 -2.13154216264
32.7 -2.06341658399
32.8 -1.94640119875
32.9 -1.78159455927
33.0 -1.57569722842
33.1 -1.33922088983
33.2 -1.08384674696
33.3 -0.820187184596
33.4 -0.556732258173
33.5 -0.299983733652
33.6 -0.0551873417191
33.7 0.173047655754
33.8 0.380654183532
33.9 0.564508784743
34.0 0.722994848801
34.1 0.856351443573
34.2 0.966597648336
34.3 1.05705383504
34.4 1.13165054951
34.5 1.19426199358
34.6 1.24822938376
34.7 1.29609892596
34.8 1.33946604563
34.9 1.37877198935
35.0 1.41298390865
35.1 1.43926882655
35.2 1.45292925322
35.3 1.44787179974
35.4 1.41768077782
35.5 1.35705748906
35.6 1.26315174521
35.7 1.13631588431
35.8 0.980064983965
35.9 0.800375196345
36.0 0.60468088234
36.1 0.400921577421
36.2 0.196799559985
36.3 -0.000784513331059
36.4 -0.186197946788
36.5 -0.355423854559
36.6 -0.506156663272
36.7 -0.637531338642
36.8 -0.749548297657
36.9 -0.842459234389
37.0 -0.916434023338
37.1 -0.971662134102
37.2 -1.00875256594
37.3 -1.02908658035
37.4 -1.03480013526
37.5 -1.02831530895
37.6 -1.01163553982
37.7 -0.985772338268
37.8 -0.95059433571
37.9 -0.905153639028
38.0 -0.848310028548
38.1 -0.779371453909
38.2 -0.698522712803
38.3 -0.606950610375
38.4 -0.506699338548
38.5 -0.400355937866
38.6 -0.290680907107
38.7 -0.180291396542
38.8 -0.0714831953037
38.9 0.0337690643224
39.0 0.13367003249
39.1 0.226432542849
39.2 0.310214718371
39.3 0.383245672296
39.4 0.444104082842
39.5 0.492009075206
39.6 0.526959881668
39.7 0.549638681138
39.8 0.561121590841
39.9 0.562543576304
40.0 0.554874060548
40.1 0.538881922126
40.2 0.515257025125
40.3 0.484779531314
40.4 0.448425581701
40.5 0.407356489194
40.6 0.362813049602
40.7 0.315982175025
40.8 0.267901812465
40.9 0.219434849416
41.0 0.171301666293
41.1 0.124137510492
41.2 0.0785416379908
41.3 0.0351015430119
41.4 -0.00560677094126
41.5 -0.0430327424617
41.6 -0.0766711307579
41.7 -0.106085654616
41.8 -0.13093795195
41.9 -0.151021137575
42.0 -0.166290769802
42.1 -0.176880836563
42.2 -0.183093435264
42.3 -0.185359091666
42.4 -0.184176273475
42.5 -0.180047393749
42.6 -0.173429820788
42.7 -0.164713710469
42.8 -0.154227548816
42.9 -0.142262435719
43.0 -0.129101316265
43.1 -0.115040587075
43.2 -0.100397072702
43.3 -0.0855002585285
43.4 -0.0706750365453
43.5 -0.0562223954081
43.6 -0.0424043330117
43.7 -0.029436015933
43.8 -0.0174847687996
43.9 -0.00667345548973
44.0 0.00291431817798
44.1 0.0112287616795
44.2 0.0182489195636
44.3 0.0239787265293
44.4 0.0284448904118
44.5 0.0316970732766
44.6 0.0338096073978
44.7 0.0348825230952
44.8 0.0350392340664
44.9 0.0344195313751
45.0 0.0331689792871
45.1 0.0314278080905
45.2 0.0293226219566
45.3 0.0269626375329
45.4 0.0244399610951
45.5 0.0218320403191
45.6 0.0192044566031
45.7 0.0166131165115
45.8 0.0141057088543
45.9 0.0117225254726
46.0 0.00949662208215
46.1 0.00745331885055
46.2 0.00560939402477
46.3 0.00397271397423
46.4 0.00254302816173
46.5 0.00131409890926
46.6 0.000276550203241
46.7 -0.000579663116063
46.8 -0.00126410690407
46.9 -0.00178627737959
47.0 -0.00215699814744
47.1 -0.00238979765135
47.2 -0.00250140519639
47.3 -0.00251107711376
47.4 -0.00243909235245
47.5 -0.00230509481812
47.6 -0.00212688519561
47.7 -0.00191990480478
47.8 -0.00169726666143
47.9 -0.00146999315614
48.0 -0.00124717683507
48.1 -0.00103598832169
48.2 -0.00084164164058
48.3 -0.00066747355125
48.4 -0.00051520236848
48.5 -0.000385300597023
48.6 -0.000277349610508
48.7 -0.000190279742195
48.8 -0.000122491102626
48.9 -7.19235730987e-05
49.0 -3.61534201696e-05
49.1 -1.25489931073e-05
49.2 1.53676285846e-06
49.3 8.58577635108e-06
49.4 1.07859251124e-05
49.5 9.96612404137e-06
49.6 7.58425586771e-06
49.7 4.74698438001e-06
49.8 2.24255013264e-06
49.9 5.75385285992e-07
50.0 0.0
50.1 0.0
50.2 0.0
50.3 0.0
50.4 0.0
50.5 0.0
50.6 0.0
50.7 0.0
50.8 0.0
50.9 0.0
51.0 0.0
51.1 0.0
51.2 0.0
51.3 0.0
51.4 0.0
51.5 0.0
51.6 0.0
51.7 0.0
51.8 0.0
51.9 0.0
52.0 0.0
52.1 0.0
52.2 0.0
52.3 0.0
52.4 0.0
52.5 0.0
52.6 0.0
52.7 0.0
52.8 0.0
52.9 0.0
53.0 0.0
53.1 0.0
53.2 0.0
53.3 0.0
53.4 0.0
53.5 0.0
53.6 0.0
53.7 0.0
53.8 0.0
53.9 0.0
54.0 0.0
54.1 0.0
54.2 0.0
54.3 0.0
54.4 0.0
54.5 0.0
54.6 0.0
54.7 0.0
54.8 0.0
54.9 0.0
55.0 0.0
55.1 0.0
55.2 0.0
55.3 0.0
55.4 0.0
55.5 0.0
55.6 0.0
55.7 0.0
55.8 0.0
55.9 0.0
56.0 0.0
56.1 0.0
56.2 0.0
56.3 0.0
56.4 0.0
56.5 0.0
56.6 0.0
56.7 0.0
56.8 0.0
56.9 0.0
57.0 0.0
57.1 0.0
57.2 0.0
57.3 0.0
57.4 0.0
57.5 0.0
57.6 0.0
57.7 0.0
57.8 0.0
57.9 0.0
58.0 0.0
58.1 0.0
58.2 0.0
58.3 0.0
58.4 0.0
58.5 0.0
58.6 0.0
58.7 0.0
58.8 0.0
58.9 0.0
59.0 0.0
59.1 0.0
59.2 0.0
59.3 0.0
59.4 0.0
59.5 0.0
59.6 0.0
59.7 0.0
59.8 0.0
59.9 0.0
60.0 0.0
60.1 0.0
60.2 0.0
60.3 0.0
60.4 0.0
60.5 0.0
60.6 0.0
60.7 0.0
60.8 0.0
60.9 0.0
61.0 0.0
61.1 0.0
61.2 0.0
61.3 0.0
61.4 0.0
61.5 0.0
61.6 0.0
61.7 0.0
61.8 0.0
61.9 0.0
62.0 0.0
62.1 0.0
62.2 0.0
62.3 0.0
62.4 0.0
62.5 0.0
62.6 0.0
62.7 0.0
62.8 0.0
62.9 0.0
63.0 0.0
63.1 0.0
63.2 0.0
63.3 0.0
63.4 0.0
63.5 0.0
63.6 0.0
63.7 0.0
63.8 0.0
63.9 0.0
64.0 0.0
64.1 0.0
64.2 0.0
64.3 0.0
64.4 0.0
64.5 0.0
64.6 0.0
64.7 0.0
64.8 0.0
64.9 0.0
65.0 0.0
65.1 0.0
65.2 0.0
65.3 0.0
65.4 0.0
65.5 0.0
65.6 0.0
65.7 0.0
65.8 0.0
65.9 0.0
66.0 0.0
66.1 0.0
66.2 0.0
66.3 0.0
66.4 0.0
66.5 0.0
66.6 0.0
66.7 0.0
66.8 0.0
66.9 0.0
67.0 0.0
67.1 0.0
67.2 0.0
67.3 0.0
67.4 0.0
67.5 0.0
67.6 0.0
67.7 0.0
67.8 0.0
67.9 0.0
68.0 0.0
68.1 0.0
68.2 0.0
68.3 0.0
68.4 0.0
68.5 0.0
68.6 0.0
68.7 0.0
68.8 0.0
68.9 0.0
69.0 0.0
69.1 0.0
69.2 0.0
69.3 0.0
69.4 0.0
69.5 0.0
69.6 0.0
69.7 0.0
69.8 0.0
69.9 0.0
70.0 0.0
70.1 0.0
70.2 0.0
70.3 0.0
70.4 0.0
70.5 0.0
70.6 0.0
70.7 0.0
70.8 0.0
70.9 0.0
71.0 0.0
71.1 0.0
71.2 0.0
71.3 0.0
71.4 0.0
71.5 0.0
71.6 0.0
71.7 0.0
71.8 0.0
71.9 0.0
72.0 0.0
72.1 0.0
72.2 0.0
72.3 0.0
72.4 0.0
72.5 0.0
72.6 0.0
72.7 0.0
72.8 0.0
72.9 0.0
73.0 0.0
73.1 0.0
73.2 0.0
73.3 0.0
73.4 0.0
73.5 0.0
73.6 0.0
73.7 0.0
73.8 0.0
73.9 0.0
74.0 0.0
74.1 0.0
74.2 0.0
74.3 0.0
74.4 0.0
74.5 0.0
74.6 0.0
74.7 0.0
74.8 0.0
74.9 0.0
75.0 0.0
75.1 0.0
75.2 0.0
75.3 0.0
75.4 0.0
75.5 0.0
75.6 0.0
75.7 0.0
75.8 0.0
75.9 0.0
76.0 0.0
76.1 0.0
76.2 0.0
76.3 0.0
76.4 0.0
76.5 0.0
76.6 0.0
76.7 0.0
76.8 0.0
76.9 0.0
77.0 0.0
77.1 0.0
77.2 0.0
77.3 0.0
77.4 0.0
77.5 0.0
77.6 0.0
77.7 0.0
77.8 0.0
77.9 0.0
78.0 0.0
78.1 0.0
78.2 0.0
78.3 0.0
78.4 0.0
78.5 0.0
78.6 0.0
78.7 0.0
78.8 0.0
78.9 0.0
79.0 0.0
79.1 0.0
79.2 0.0
79.3 0.0
79.4 0.0
79.5 0.0
79.6 0.0
79.7 0.0
79.8 0.0
79.9 0.0
80.0 0.0
80.1 0.0
80.2 0.0
80.3 0.0
80.4 0.0
80.5 0.0
80.6 0.0
80.7 0.0
80.8 0.0
80.9 0.0
81.0 0.0
81.1 0.0
81.2 0.0
81.3 0.0
81.4 0.0
81.5 0.0
81.6 0.0
81.7 0.0
81.8 0.0
81.9 0.0
82.0 0.0
82.1 0.0
82.2 0.0
82.3 0.0
82.4 0.0
82.5 0.0
82.6 0.0
82.7 0.0
82.8 0.0
82.9 0.0
83.0 0.0
83.1 0.0
83.2 0.0
83.3 0.0
83.4 0.0
83.5 0.0
83.6 0.0
83.7 0.0
83.8 0.0
83.9 0.0
84.0 0.0
84.1 0.0
84.2 0.0
84.3 0.0
84.4 0.0
84.5 0.0
84.6 0.0
84.7 0.0
84.8 0.0
84.9 0.0
85.0 0.0
85.1 0.0
85.2 0.0
85.3 0.0
85.4 0.0
85.5 0.0
85.6 0.0
85.7 0.0
85.8 0.0
85.9 0.0
86.0 0.0
86.1 0.0
86.2 0.0
86.3 0.0
86.4 0.0
86.5 0.0
86.6 0.0
86.7 0.0
86.8 0.0
86.9 0.0
87.0 0.0
87.1 0.0
87.2 0.0
87.3 0.0
87.4 0.0
87.5 0.0
87.6 0.0
87.7 0.0
87.8 0.0
87.9 0.0
88.0 0.0
88.1 0.0
88.2 0.0
88.3 0.0
88.4 0.0
88.5 0.0
88.6 0.0
88.7 0.0
88.8 0.0
88.9 0.0
89.0 0.0
89.1 0.0
89.2 0.0
89.3 0.0
89.4 0.0
89.5 0.0
89.6 0.0
89.7 0.0
89.8 0.0
89.9 0.0
90.0 0.0
90.1 0.0
90.2 0.0
90.3 0.0
90.4 0.0
90.5 0.0
90.6 0.0
90.7 0.0
90.8 0.0
90.9 0.0
91.0 0.0
91.1 0.0
91.2 0.0
91.3 0.0
91.4 0.0
91.5 0.0
91.6 0.0
91.7 0.0
91.8 0.0
91.9 0.0
92.0 0.0
92.1 0.0
92.2 0.0
92.3 0.0
92.4 0.0
92.5 0.0
92.6 0.0
92.7 0.0
92.8 0.0
92.9 0.0
93.0 0.0
93.1 0.0
93.2 0.0
93.3 0.0
93.4 0.0
93.5 0.0
93.6 0.0
93.7 0.0
93.8 0.0
93.9 0.0
94.0 0.0
94.1 0.0
94.2 0.0
94.3 0.0
94.4 0.0
94.5 0.0
94.6 0.0
94.7 0.0
94.8 0.0
94.9 0.0
95.0 0.0
95.1 0.0
95.2 0.0
95.3 0.0
95.4 0.0
95.5 0.0
95.6 0.0
95.7 0.0
95.8 0.0
95.9 0.0
96.0 0.0
96.1 0.0
96.2 0.0
96.3 0.0
96.4 0.0
96.5 0.0
96.6 0.0
96.7 0.0
96.8 0.0
96.9 0.0
97.0 0.0
97.1 0.0
97.2 0.0
97.3 0.0
97.4 0.0
97.5 0.0
97.6 0.0
97.7 0.0
97.8 0.0
97.9 0.0
98.0 0.0
98.1 0.0
98.2 0.0
98.3 0.0
98.4 0.0
98.5 0.0
98.6 0.0
98.7 0.0
98.8 0.0
98.9 0.0
99.0 0.0
99.1 0.0
99.2 0.0
99.3 0.0
99.4 0.0
99.5 0.0
99.6 0.0
99.7 0.0
99.8 0.0
99.9 0.0
100.0 0.0
100.1 0.0
100.2 0.0
100.3 0.0
100.4 0.0
100.5 0.0
100.6 0.0
100.7 0.0
100.8 0.0
100.9 0.0
101.0 0.0
101.1 0.0
101.2 0.0
101.3 0.0
101.4 0.0
101.5 0.0
101.6 0.0
101.7 0.0
101.8 0.0
101.9 0.0
102.0 0.0
102.1 0.0
102.2 0.0
102.3 0.0
