0 -0.00284733
0.0995343 -0.0396123
0.199069 -0.0736166
0.298603 -0.0886656
0.398137 -0.0726532
0.497671 -0.0212382
0.597206 0.0613506
0.69674 0.163505
0.796274 0.267876
0.895808 0.352621
0.995343 0.392835
1.09488 0.363734
1.19441 0.246651
1.29395 0.0371239
1.39348 -0.247813
1.49301 -0.566909
1.59255 -0.859123
1.69208 -1.05493
1.79162 -1.0912
1.89115 -0.925042
1.99069 -0.543329
2.09022 0.0325267
2.18975 0.744339
2.28929 1.49535
2.38882 2.14992
2.48836 2.5404
2.58789 2.48912
2.68742 1.85058
2.78696 0.569757
2.88649 -1.25973
2.98603 -3.36295
3.08556 -5.30136
3.1851 -6.55331
3.28463 -6.64663
3.38416 -5.30888
3.4837 -2.58527
3.58323 1.12286
3.68277 5.1242
3.7823 8.59833
3.88184 10.8064
3.98137 11.2859
4.0809 9.96613
4.18044 7.16843
4.27997 3.49336
4.37951 -0.361888
4.47904 -3.79172
4.57858 -6.414
4.67811 -8.10885
4.77764 -8.9653
4.87718 -9.1708
4.97671 -8.89593
5.07625 -8.22164
5.17578 -7.13289
5.27532 -5.57145
5.37485 -3.5155
5.47438 -1.04522
5.57392 1.6373
5.67345 4.24253
5.77299 6.46642
5.87252 8.07003
5.97206 8.93323
6.07159 9.06358
6.17112 8.56258
6.27066 7.56962
6.37019 6.21184
6.46973 4.58143
6.56926 2.74647
6.6688 0.782949
6.76833 -1.19478
6.86786 -3.02694
6.9674 -4.53382
7.06693 -5.56549
7.16647 -6.05368
7.266 -6.04061
7.36553 -5.66834
7.46507 -5.13014
7.5646 -4.60202
7.66414 -4.18232
7.76367 -3.86374
7.86321 -3.54824
7.96274 -3.09696
8.06227 -2.39312
8.16181 -1.39174
8.26134 -0.13796
8.36088 1.24992
8.46041 2.62137
8.55995 3.83911
8.65948 4.81097
8.75901 5.49866
8.85855 5.90586
8.95808 6.05605
9.05762 5.97247
9.15715 5.6682
9.25669 5.14749
9.35622 4.41351
9.45575 3.47658
9.55529 2.35896
9.65482 1.09626
9.75436 -0.26228
9.85389 -1.65261
9.95343 -2.99496
10.053 -4.19635
10.1525 -5.16019
10.252 -5.80303
10.3516 -6.07429
10.4511 -5.9711
10.5506 -5.54109
10.6502 -4.87043
10.7497 -4.06074
10.8492 -3.20392
10.9488 -2.36432
11.0483 -1.57408
11.1478 -0.840822
11.2474 -0.161143
11.3469 0.468296
11.4464 1.04722
11.546 1.57546
11.6455 2.05877
11.745 2.51035
11.8446 2.94511
11.9441 3.36854
12.0436 3.767
12.1432 4.10583
12.2427 4.33821
12.3422 4.42134
12.4418 4.33208
12.5413 4.07397
12.6409 3.67198
12.7404 3.15814
12.8399 2.55624
12.9395 1.87433
13.039 1.10942
13.1385 0.261683
13.2381 -0.650121
13.3376 -1.58126
13.4371 -2.46671
13.5367 -3.23783
13.6362 -3.842
13.7357 -4.25568
13.8353 -4.48475
13.9348 -4.55326
14.0343 -4.4874
14.1339 -4.30355
14.2334 -4.00656
14.3329 -3.59771
14.4325 -3.08658
14.532 -2.49872
14.6315 -1.87384
14.7311 -1.25508
14.8306 -0.675049
14.9301 -0.146314
15.0297 0.3384
15.1292 0.79672
15.2287 1.24318
15.3283 1.67919
15.4278 2.09143
15.5273 2.45874
15.6269 2.76287
15.7264 2.99645
15.8259 3.16379
15.9255 3.27454
16.025 3.33458
16.1245 3.33987
16.2241 3.2774
16.3236 3.13257
16.4232 2.89896
16.5227 2.58461
16.6222 2.21117
16.7218 1.80636
16.8213 1.39362
16.9208 0.984594
17.0204 0.577982
17.1199 0.164906
17.2194 -0.262707
17.319 -0.70535
17.4185 -1.15405
17.518 -1.59355
17.6176 -2.00793
17.7171 -2.38501
17.8166 -2.7172
17.9162 -2.99911
18.0157 -3.22428
18.1152 -3.38383
18.2148 -3.46837
18.3143 -3.47205
18.4138 -3.396
18.5134 -3.24854
18.6129 -3.04154
18.7124 -2.78452
18.812 -2.48009
18.9115 -2.12328
19.011 -1.70582
19.1106 -1.22312
19.2101 -0.680555
19.3096 -0.0955311
19.4092 0.50551
19.5087 1.09377
19.6082 1.64498
19.7078 2.14331
19.8073 2.58087
19.9069 2.95398
20.0064 3.25881
20.1059 3.48925
20.2055 3.63791
20.305 3.69957
20.4045 3.67443
20.5041 3.56913
20.6036 3.39468
20.7031 3.16229
20.8027 2.87959
20.9022 2.54909
21.0017 2.16999
21.1013 1.74207
21.2008 1.26988
21.3003 0.764832
21.3999 0.244485
21.4994 -0.270767
21.5989 -0.761884
21.6985 -1.21461
21.798 -1.62098
21.8975 -1.97891
21.9971 -2.29029
22.0966 -2.55879
22.1961 -2.78774
22.2957 -2.97863
22.3952 -3.13014
22.4947 -3.23797
22.5943 -3.29545
22.6938 -3.29509
22.7933 -3.23075
22.8929 -3.09968
22.9924 -2.9035
23.0919 -2.64765
23.1915 -2.33934
23.291 -1.98512
23.3905 -1.5894
23.4901 -1.15491
23.5896 -0.68518
23.6892 -0.187831
23.7887 0.323054
23.8882 0.827027
23.9878 1.30026
24.0873 1.72047
24.1868 2.07181
24.2864 2.34782
24.3859 2.55132
24.4854 2.69151
24.585 2.7798
24.6845 2.82612
24.784 2.83695
24.8836 2.81541
24.9831 2.76255
25.0826 2.67879
25.1822 2.56462
25.2817 2.42033
25.3812 2.24543
25.4808 2.0383
25.5803 1.79672
25.6798 1.5192
25.7794 1.2064
25.8789 0.862246
25.9784 0.49396
26.078 0.111264
26.1775 -0.275044
26.277 -0.654531
26.3766 -1.01817
26.4761 -1.3588
26.5756 -1.67092
26.6752 -1.95003
26.7747 -2.19179
26.8742 -2.39108
26.9738 -2.5416
27.0733 -2.63628
27.1729 -2.66865
27.2724 -2.63508
27.3719 -2.53705
27.4715 -2.38265
27.571 -2.18614
27.6705 -1.96562
27.7701 -1.73901
27.8696 -1.51997
27.9691 -1.31511
28.0687 -1.12345
28.1682 -0.938397
28.2677 -0.751173
28.3673 -0.554218
28.4668 -0.343412
28.5663 -0.118521
28.6659 0.117748
28.7654 0.361156
28.8649 0.606957
28.9645 0.850214
29.064 1.08569
29.1635 1.30796
29.2631 1.51201
29.3626 1.69437
29.4621 1.85381
29.5617 1.99123
29.6612 2.10812
29.7607 2.20448
29.8603 2.27701
29.9598 2.31871
30.0593 2.32047
30.1589 2.27391
30.2584 2.17435
30.3579 2.02255
30.4575 1.82442
30.557 1.58909
30.6566 1.32623
30.7561 1.04408
30.8556 0.748814
30.9552 0.445287
31.0547 0.138244
31.1542 -0.166803
31.2538 -0.463634
31.3533 -0.746106
31.4528 -1.00897
31.5524 -1.24811
31.6519 -1.45998
31.7514 -1.64082
31.851 -1.78632
31.9505 -1.89228
32.05 -1.95613
32.1496 -1.97847
32.2491 -1.9636
32.3486 -1.91858
32.4482 -1.85094
32.5477 -1.76644
32.6472 -1.66771
32.7468 -1.5549
32.8463 -1.42752
32.9458 -1.28666
33.0454 -1.1359
33.1449 -0.980312
33.2444 -0.823976
33.344 -0.667438
33.4435 -0.506736
33.543 -0.334905
33.6426 -0.145524
33.7421 0.0633023
33.8416 0.286522
33.9412 0.512569
34.0407 0.726585
34.1402 0.915008
34.2398 1.06947
34.3393 1.18837
34.4389 1.27571
34.5384 1.33806
34.6379 1.38131
34.7375 1.4087
34.837 1.42074
34.9365 1.41656
35.0361 1.39558
35.1356 1.35847
35.2351 1.30698
35.3347 1.24293
35.4342 1.16728
35.5337 1.07987
35.6333 0.979884
35.7328 0.866784
35.8323 0.74091
35.9319 0.603447
36.0314 0.455854
36.1309 0.299301
36.2305 0.134691
36.33 -0.0365756
36.4295 -0.211469
36.5291 -0.384588
36.6286 -0.548437
36.7281 -0.694848
36.8277 -0.817003
36.9272 -0.911144
37.0267 -0.977162
37.1263 -1.01784
37.2258 -1.03718
37.3253 -1.03875
37.4249 -1.02472
37.5244 -0.996114
37.6239 -0.9537
37.7235 -0.898971
37.823 -0.834508
37.9226 -0.763491
38.0221 -0.68871
38.1216 -0.611684
38.2212 -0.532441
38.3207 -0.450079
38.4202 -0.363788
38.5198 -0.273737
38.6193 -0.181376
38.7188 -0.089056
38.8184 0.000734215
38.9179 0.0860406
39.0174 0.165667
39.117 0.238929
39.2165 0.305195
39.316 0.363594
39.4156 0.413072
39.5151 0.452745
39.6146 0.482256
39.7142 0.501858
39.8137 0.512161
39.9132 0.513704
40.0128 0.506674
40.1123 0.490997
40.2118 0.466764
40.3114 0.434741
40.4109 0.39659
40.5104 0.354628
40.61 0.311197
40.7095 0.267988
40.809 0.225691
40.9086 0.184162
41.0081 0.142987
41.1076 0.102096
41.2072 0.0620691
41.3067 0.0239715
41.4062 -0.0111297
41.5058 -0.0426444
41.6053 -0.0706157
41.7049 -0.0954679
41.8044 -0.117529
41.9039 -0.136657
42.0035 -0.152231
42.103 -0.163514
42.2025 -0.170152
42.3021 -0.172478
42.4016 -0.171403
42.5011 -0.167958
42.6007 -0.16277
42.7002 -0.155819
42.7997 -0.146634
42.8993 -0.134821
42.9988 -0.120569
43.0983 -0.104818
43.1979 -0.0889532
43.2974 -0.0741913
43.3969 -0.0610463
43.4965 -0.0491943
43.596 -0.0378317
43.6955 -0.0263046
43.7951 -0.0146175
43.8946 -0.00350508
43.9941 0.00598015
44.0937 0.0131025
44.1932 0.0178992
44.2927 0.0211659
44.3923 0.023975
44.4918 0.0270254
44.5913 0.0302321
44.6909 0.0328153
44.7904 0.033836
44.8899 0.0328437
44.9895 0.0302262
45.089 0.0270387
45.1886 0.0244127
45.2881 0.0229112
45.3876 0.0222333
45.4872 0.0214539
45.5867 0.0196499
45.6862 0.0165213
45.7858 0.0126166
45.8853 0.00901977
45.9848 0.0066935
46.0844 0.00588923
46.1839 0.0059966
46.2834 0.00592905
46.383 0.00480717
46.4825 0.00251286
46.582 -0.000233163
46.6816 -0.00232107
46.7811 -0.0029488
46.8806 -0.00213021
46.9802 -0.000695458
47.0797 0.00021875
47.1792 -0.000128554
47.2788 -0.0016266
47.3783 -0.00338914
47.4778 -0.00431626
47.5774 -0.00379103
47.6769 -0.00207478
47.7764 -0.000152763
47.876 0.000874327
47.9755 0.00047317
48.075 -0.000992596
48.1746 -0.00249297
48.2741 -0.00297905
48.3736 -0.00204275
48.4732 -0.000175692
48.5727 0.00153557
48.6723 0.00208805
48.7718 0.00119039
48.8713 -0.000552894
48.9709 -0.00201739
49.0704 -0.0022604
49.1699 -0.00110988
49.2695 0.000728179
49.369 0.00211175
49.4685 0.00217817
49.5681 0.000885561
49.6676 -0.000958921
49.7671 -0.00220242
49.8667 -0.00206693
49.9662 -0.000636405
50.0657 0.00119486
50.1653 0.00228093
50.2648 0.001941
50.3643 0.000386008
50.4639 -0.00141243
50.5634 -0.00232917
50.6629 -0.00178951
50.7625 -0.000129494
50.862 0.00161341
50.9615 0.00234868
51.0611 0.00161515
51.1606 -0.000129775
51.2601 -0.00179534
51.3597 -0.0023393
51.4592 -0.00142013
51.5587 0.000388541
51.6583 0.00195592
51.7578 0.00230108
51.8573 0.00120683
51.9569 -0.000643573
52.0564 -0.0020931
52.1559 -0.00223443
52.2555 -0.000977876
52.355 0.000891699
52.4546 0.00220513
52.5541 0.00214012
52.6536 0.000736059
52.7532 -0.00112983
52.8527 -0.00229056
52.9522 -0.00201924
53.0518 -0.000484328
53.1513 0.00135502
53.2508 0.00234827
53.3504 0.00187322
53.4499 0.000225749
53.5494 -0.00156446
53.649 -0.00237748
53.7485 -0.00170376
53.848 3.65308e-05
53.9476 0.00175555
54.0471 0.00237777
54.1466 0.00151289
54.2462 -0.000299319
54.3457 -0.00192591
54.4452 -0.00234904
54.5448 -0.00130286
54.6443 0.000559419
54.7438 0.00207342
54.8434 0.00229157
54.9429 0.00107618
55.0424 -0.000813664
55.142 -0.0021962
55.2415 -0.00220596
55.341 -0.00083554
55.4406 0.00105895
55.5401 0.00229271
55.6396 0.00209317
55.7392 0.000583809
55.8387 -0.00129229
55.9383 -0.00236168
56.0378 -0.00195447
56.1373 -0.000323994
56.2369 0.00151082
56.3364 0.00240219
56.4359 0.00179145
56.5355 5.92009e-05
56.635 -0.00171186
56.7345 -0.00241366
56.8341 -0.00160598
56.9336 0.0002074
57.0331 0.00189293
57.1327 0.00239584
57.2322 0.00140021
57.3317 -0.00047261
57.4313 -0.00205176
57.5308 -0.00234884
57.6303 -0.00117655
57.7299 0.000733236
57.8294 0.00218637
57.9289 0.0022731
58.0285 0.000937591
58.128 -0.000986136
58.2275 -0.00229505
58.3271 -0.00216941
58.4266 -0.000686145
58.5261 0.00122824
58.6257 0.00237638
58.7252 0.0020389
58.8247 0.000425164
58.9243 -0.00145661
59.0238 -0.00242926
59.1233 -0.00188299
59.2229 -0.000157729
59.3224 0.00166845
59.422 0.00245293
59.5215 0.00170345
59.621 -0.000112996
59.7206 -0.00186115
59.8201 -0.00244696
59.9196 -0.00150229
60.0192 0.000383792
60.1187 0.0020323
60.2182 0.00241128
60.3178 0.00128181
60.4173 -0.000651429
60.5168 -0.00217976
60.6164 -0.00234616
60.7159 -0.00104453
60.8154 0.000912697
60.915 0.00230163
61.0145 0.0022522
61.114 0.00079319
61.2136 -0.00116445
61.3131 -0.00239632
61.4126 -0.00213037
61.5122 -0.000530701
61.6117 0.00140362
61.7112 0.00246254
61.8108 0.00198194
61.9103 0.000260121
62.0098 -0.0016273
62.1094 -0.00249933
62.2089 -0.00180852
62.3084 1.53798e-05
62.408 0.00183273
62.5075 0.00250606
62.607 0.00161201
62.7066 -0.000292557
62.8061 -0.00201733
62.9056 -0.00248246
63.0052 -0.0013946
63.1047 0.000568126
63.2043 0.00217878
63.3038 0.0024286
63.4033 0.00115872
63.5029 -0.000838801
63.6024 -0.002315
63.7019 -0.00234489
63.8015 -0.00090704
63.901 0.00110133
64.0005 0.00242418
64.1001 0.00223212
64.1996 0.000642437
64.2991 -0.00135254
64.3987 -0.00250482
64.4982 -0.00209141
64.5977 -0.00036795
64.6973 0.00158936
64.7968 0.00255575
64.8963 0.0019242
64.9959 8.67571e-05
65.0954 -0.00180887
65.1949 -0.00257611
65.2945 -0.00173227
65.394 0.000197863
65.4935 0.00200831
65.5931 0.00256542
65.6926 0.00151767
65.7921 -0.000482563
65.8917 -0.00218516
65.9912 -0.00252353
66.0907 -0.00128275
66.1903 0.000763972
66.2898 0.00233711
66.3893 0.00245066
66.4889 0.00103013
66.5884 -0.00103873
66.688 -0.00246215
66.7875 -0.0023474
66.887 -0.000762618
66.9866 0.00130351
67.0861 0.00255853
67.1856 0.00221466
67.2852 0.000483248
67.3847 -0.00155509
67.4842 -0.00262484
67.5838 -0.00205375
67.6833 -0.000195208
67.7828 0.00179036
67.8824 0.00266
67.9819 0.00186627
68.0814 -9.81817e-05
68.181 -0.00200637
68.2805 -0.00266326
68.38 -0.00165418
68.4796 0.000393506
68.5791 0.00220036
68.6786 0.00263426
68.7782 0.00141971
68.8777 -0.000687295
68.9772 -0.0023698
69.0768 -0.00257298
69.1763 -0.0011654
69.2758 0.000976058
69.3754 0.00251242
69.4749 0.00247979
69.5744 0.00089402
69.674 -0.00125633
69.7735 -0.00262622
69.873 -0.00235541
69.9726 -0.000608583
70.0721 0.00152469
70.1716 0.00270952
70.2712 0.00220095
70.3707 0.000312293
70.4703 -0.00177783
70.5698 -0.00276097
70.6693 -0.00201787
70.7689 -8.51183e-06
70.8684 0.00201259
70.9679 0.00277956
71.0675 0.00180796
71.167 -0.000299268
71.2665 -0.00222594
71.3661 -0.00276465
71.4656 -0.00157336
71.5651 0.000607468
71.6647 0.00241511
71.7642 0.00271598
71.8637 0.00131652
71.9633 -0.000912459
72.0628 -0.00257752
72.1623 -0.00263368
72.2619 -0.00104015
72.3614 0.0012106
72.4609 0.00271091
72.5605 0.00251824
72.66 0.000747238
72.7595 -0.00149829
72.8591 -0.00281329
72.9586 -0.00237055
73.0581 -0.000441005
73.1577 0.00177198
73.2572 0.002883
73.3567 0.00219189
73.4563 0.000124859
73.5558 -0.00202824
73.6553 -0.00291875
73.7549 -0.00198389
73.8544 0.000197627
73.954 0.0022638
74.0535 0.00291958
74.153 0.00174856
74.2526 -0.000522757
74.3521 -0.00247556
74.4516 -0.00288496
74.5512 -0.00148823
74.6507 0.000846748
74.7502 0.00266065
74.8498 0.00281471
74.9493 0.00120556
75.0488 -0.00116577
75.1484 -0.00281647
75.2479 -0.00270909
75.3474 -0.0009035
75.447 0.001476
75.5465 0.00294069
75.646 0.00256873
75.7456 0.000585278
75.8451 -0.00177364
75.9446 -0.00303131
76.0442 -0.00239468
76.1437 -0.000254346
76.2432 0.00205497
76.3428 0.00308669
76.4423 0.0021884
76.5418 -8.56383e-05
76.6414 -0.00231641
76.7409 -0.00310553
76.8404 -0.00195172
76.94 0.000430854
77.0395 0.00255453
77.139 0.00308695
77.2386 0.00168685
77.3381 -0.000777351
77.4377 -0.00276609
77.5372 -0.00303045
77.6367 -0.00139636
77.7363 0.0011211
77.8358 0.00294811
77.9353 0.00293597
78.0349 0.00108315
78.1344 -0.00145801
78.2339 -0.00309789
78.3335 -0.00280386
78.433 -0.00075043
78.5325 0.00178402
78.6321 0.003213
78.7316 0.0026349
78.8311 0.000401702
78.9307 -0.00209509
79.0302 -0.00329141
79.1297 -0.00243029
79.2293 -4.06992e-05
79.3288 0.00238726
79.4283 0.00333141
79.5279 0.00219169
79.6274 -0.000328625
79.7269 -0.00265673
79.8265 -0.00333171
79.926 -0.00192111
80.0255 0.000702146
80.1251 0.00289986
80.2246 0.00329142
80.3241 0.00162102
80.4237 -0.0010756
80.5232 -0.0031132
80.6227 -0.0032101
80.7223 -0.00129422
80.8218 0.00144465
80.9213 0.0032936
81.0209 0.00308773
81.1204 0.000943895
81.22 -0.00180489
81.3195 -0.00343818
81.419 -0.00292476
81.5186 -0.000573556
81.6181 0.00215191
81.7176 0.00354438
81.8172 0.00272209
81.9167 0.00018701
82.0162 -0.00248138
82.1158 -0.00361002
82.2153 -0.00248109
82.3148 0.000211666
82.4144 0.00278902
82.5139 0.00363332
82.6134 0.00220356
82.713 -0.000618167
82.8125 -0.00307071
82.912 -0.00361289
83.0116 -0.00189176
83.1111 0.001028
83.2106 0.0033225
83.3102 0.00354781
83.4097 0.00154837
83.5092 -0.00143651
83.6088 -0.00354067
83.7083 -0.0034376
83.8078 -0.0011765
83.9074 0.00183896
84.0069 0.00372177
84.1064 0.00328228
84.206 0.000779607
84.3055 -0.00223053
84.405 -0.00386266
84.5046 -0.00308234
84.6041 -0.000361549
84.7037 0.00260641
84.8032 0.00396053
84.9027 0.00283875
85.0023 -7.35025e-05
85.1018 -0.00296182
85.2013 -0.00401298
85.3009 -0.002553
85.4004 0.000521078
85.4999 0.00329205
85.5995 0.004018
85.699 0.00222704
85.7985 -0.000976447
85.8981 -0.00359255
85.9976 -0.00397405
86.0971 -0.00186334
86.1967 0.00143466
86.2962 0.00385892
86.3957 0.00388005
86.4953 0.00146479
86.5948 -0.0018906
86.6943 -0.00408702
86.7939 -0.00373539
86.8934 -0.00103477
86.9929 0.002339
87.0925 0.00427296
87.192 0.00353999
87.2915 0.00057708
87.3911 -0.00277452
87.4906 -0.00441316
87.5901 -0.00329429
87.6897 -9.59058e-05
87.7892 0.00319179
87.8887 0.00450441
87.9883 0.00299926
88.0878 -0.000404175
88.1873 -0.00358545
88.2869 -0.0045439
88.3864 -0.00265638
88.486 0.00091825
88.5855 0.0039502
88.685 0.00452922
88.7846 0.00226768
88.8841 -0.0014411
88.9836 -0.00428085
89.0832 -0.00445844
89.1827 -0.00183571
89.2822 0.00196725
89.3818 0.00457236
89.4813 0.00433012
89.5808 0.00136353
89.6804 -0.00249099
89.7799 -0.00481992
89.8794 -0.00414332
89.979 -0.000854705
90.0785 0.00300645
90.178 0.00501897
90.2776 0.00389763
90.3771 0.000313261
90.4766 -0.00350761
90.5762 -0.00516521
90.6757 -0.00359317
90.7752 0.000256309
90.8748 0.00398836
90.9743 0.00525473
91.0738 0.00323064
91.1734 -0.000849089
91.2729 -0.00444259
91.3724 -0.00528394
91.472 -0.00281126
91.5715 0.00145977
91.671 0.00486415
91.7706 0.0052497
91.8701 0.00233682
91.9697 -0.00208268
92.0692 -0.00524697
92.1687 -0.00514926
92.2683 -0.00180965
92.3678 0.00271184
92.4673 0.00558506
92.5669 0.00498035
92.6664 0.00123261
92.7659 -0.00334095
92.8655 -0.0058726
92.965 -0.00474118
93.0645 -0.000609097
93.1641 0.00396352
93.2636 0.00610391
93.3631 0.00443043
93.4627 -5.70359e-05
93.5622 -0.00457281
93.6617 -0.00627354
93.7613 -0.00404725
93.8608 0.000761452
93.9603 0.00516196
94.0599 0.00637625
94.1594 0.00359128
94.2589 -0.0014994
94.3585 -0.00572396
94.458 -0.00640708
94.5575 -0.00306264
94.6571 0.00226573
94.7566 0.00625174
94.8561 0.00636131
94.9557 0.00246183
95.0552 -0.00305497
95.1547 -0.00673818
95.2543 -0.00623449
95.3538 -0.00178979
95.4534 0.00386137
95.5529 0.00717614
95.6524 0.00602239
95.752 0.00104773
95.8515 -0.00467897
95.951 -0.0075585
96.0506 -0.00572098
96.1501 -0.000237124
96.2496 0.00550169
96.3492 0.00787815
96.4487 0.00532633
96.5482 -0.000640473
96.6478 -0.00632342
96.7473 -0.00812805
96.8468 -0.00483453
96.9464 0.00158358
97.0459 0.00713817
97.1454 0.00830113
97.245 0.00424149
97.3445 -0.00259107
97.444 -0.00794026
97.5436 -0.00839035
97.6431 -0.00354266
97.7426 0.00366253
97.8422 0.00872458
97.9417 0.00838861
98.0412 0.00273262
98.1408 -0.00479892
98.2403 -0.00948706
98.3398 -0.00828865
98.4394 -0.00180437
98.5389 0.00600354
98.6384 0.0102253
98.738 0.00808297
98.8375 0.000748186
98.937 -0.00728381
99.0366 -0.0109402
99.1361 -0.00776358
99.2357 0.000450541
99.3352 0.0086545
99.4347 0.0116378
99.5343 0.00732167
99.6338 -0.00181538
99.7333 -0.0101442
99.8329 -0.0123353
99.9324 -0.00674699
100.032 0.00338763
100.131 0.0118097
100.231 0.0130718
100.331 0.00602623
100.43 -0.00524713
100.53 -0.0137704
100.629 -0.0139377
100.729 -0.00513857
100.828 0.00756879
100.928 0.0163054
101.027 0.0151575
101.127 0.00403911
101.226 -0.0108064
101.326 -0.02018
101.425 -0.0173755
101.525 -0.00257955
101.624 0.016426
101.724 0.027874
101.824 0.022135
