0.0 -0.00154862981629
0.1 -0.0195561212588
0.2 -0.0528778113655
0.3 -0.0967175745198
0.4 -0.134351433889
0.5 -0.139455429313
0.6 -0.0857117150866
0.7 0.0394417064896
0.8 0.223566874488
0.9 0.427205033152
1.0 0.593750115301
1.1 0.667660208354
1.2 0.612742732839
1.3 0.422277594052
1.4 0.117783635218
1.5 -0.259950089696
1.6 -0.660001447264
1.7 -1.02479994531
1.8 -1.28852811469
1.9 -1.37759025992
2.0 -1.22185919287
2.1 -0.779555800828
2.2 -0.068309353875
2.3 0.81277917571
2.4 1.68461059421
2.5 2.31871539315
2.6 2.49081104413
2.7 2.04255751342
2.8 0.934953501821
2.9 -0.719211555782
3.0 -2.65077788815
3.1 -4.46121351223
3.2 -5.68424531768
3.3 -5.8823306364
3.4 -4.76769865654
3.5 -2.31995491235
3.6 1.14351153668
3.7 4.98790436716
3.8 8.39110194118
3.9 10.5588302371
4.0 10.9574531602
4.1 9.47814623201
4.2 6.4653871824
4.3 2.59503292523
4.4 -1.35007746666
4.5 -4.71631254063
4.6 -7.13545004135
4.7 -8.55032987784
4.8 -9.12146186988
4.9 -9.07706552106
5.0 -8.584398313
5.1 -7.69618187896
5.2 -6.37985107607
5.3 -4.59590714711
5.4 -2.37484999804
5.5 0.146480195684
5.6 2.74061776056
5.7 5.14229488324
5.8 7.11082494341
5.9 8.47752814132
6.0 9.16568665014
6.1 9.1831201475
6.2 8.59598413947
6.3 7.49641817322
6.4 5.97720413699
6.5 4.12350378157
6.6 2.02428560926
6.7 -0.204497975954
6.8 -2.40181019512
6.9 -4.36636087497
7.0 -5.89228953783
7.1 -6.82624910116
7.2 -7.12104681639
7.3 -6.85758927596
7.4 -6.21934400888
7.5 -5.42630283318
7.6 -4.65620176691
7.7 -3.98777505377
7.8 -3.39006369885
7.9 -2.75927691286
8.0 -1.98267423807
8.1 -0.998606574401
8.2 0.17273350405
8.3 1.43671297866
8.4 2.6605470965
8.5 3.71845924259
8.6 4.52600899508
8.7 5.0528455979
8.8 5.31469685742
8.9 5.35363831947
9.0 5.21766906942
9.1 4.94709049615
9.2 4.569325512
9.3 4.09917797026
9.4 3.54028993754
9.5 2.8857040564
9.6 2.11901998889
9.7 1.21984578939
9.8 0.176061625641
9.9 -0.999042993298
10.0 -2.25189853247
10.1 -3.48546052011
10.2 -4.57389710667
10.3 -5.39329617775
10.4 -5.8575836118
10.5 -5.94433284069
10.6 -5.69840459998
10.7 -5.21135234849
10.8 -4.58608484076
10.9 -3.9030000056
11.0 -3.20197721887
11.1 -2.48551625534
11.2 -1.73737962932
11.3 -0.944480348299
11.4 -0.110576540664
11.5 0.742913442711
11.6 1.58568277996
11.7 2.38909993561
11.8 3.13167061959
11.9 3.79726452186
12.0 4.36907543428
12.1 4.82465362564
12.2 5.13606968201
12.3 5.27568193769
12.4 5.2244743117
12.5 4.97844451368
12.6 4.54965122098
12.7 3.96149341178
12.8 3.24098110243
12.9 2.41247769643
13.0 1.49663968366
13.1 0.515255297944
13.2 -0.50111140136
13.3 -1.50813760909
13.4 -2.45012751624
13.5 -3.27054554816
13.6 -3.92639019771
13.7 -4.39897962999
13.8 -4.69487840162
13.9 -4.83593977561
14.0 -4.84384440596
14.1 -4.72807362774
14.2 -4.48446003209
14.3 -4.10511702765
14.4 -3.59347164724
14.5 -2.97476166187
14.6 -2.2949081246
14.7 -1.60760998721
14.8 -0.956537687583
14.9 -0.362336591163
15.0 0.178795538205
15.1 0.684918585419
15.2 1.17285782591
15.3 1.64605848345
15.4 2.09178578612
15.5 2.48800984903
15.6 2.81509584776
15.7 3.06541187099
15.8 3.24582635079
15.9 3.37231867395
16.0 3.46009226579
16.1 3.51459752258
16.2 3.52801311345
16.3 3.48270909191
16.4 3.35964730967
16.5 3.14730333509
16.6 2.8466268785
16.7 2.46979069118
16.8 2.03385915359
16.9 1.55323896657
17.0 1.03532538743
17.1 0.481766432517
17.2 -0.10563965143
17.3 -0.718187687109
17.4 -1.33688345066
17.5 -1.93453026498
17.6 -2.48203394171
17.7 -2.95528790293
17.8 -3.33904976641
17.9 -3.62651331638
18.0 -3.81612203299
18.1 -3.90859461101
18.2 -3.90628719265
18.3 -3.81471451943
18.4 -3.64410387696
18.5 -3.40871044403
18.6 -3.1233312786
18.7 -2.79869910797
18.8 -2.43854821072
18.9 -2.04032158677
19.0 -1.59931966111
19.1 -1.11405859906
19.2 -0.590008401198
19.3 -0.0399783357959
19.4 0.51862347266
19.5 1.06786146581
19.6 1.59253053038
19.7 2.08129887084
19.8 2.52578185883
19.9 2.91863871115
20.0 3.25207186072
20.1 3.5176616246
20.2 3.70762691186
20.3 3.81679056888
20.4 3.84409966321
20.5 3.79271158854
20.6 3.66838606145
20.7 3.4769108955
20.8 3.22199648815
20.9 2.90499582721
21.0 2.52683748654
21.1 2.09118115096
21.2 1.60688138092
21.3 1.08806676327
21.4 0.55149718476
21.5 0.0125505825034
21.6 -0.517890190825
21.7 -1.03387490442
21.8 -1.53199083079
21.9 -2.00766810698
22.0 -2.4523948465
22.1 -2.85334386273
22.2 -3.19539318597
22.3 -3.46424754023
22.4 -3.64910518666
22.5 -3.74403475413
22.6 -3.74822187732
22.7 -3.66573679105
22.8 -3.50520897708
22.9 -3.27917760017
23.0 -3.0025800867
23.1 -2.69019865391
23.2 -2.35366920789
23.3 -1.99925236812
23.4 -1.6274739313
23.5 -1.23495804764
23.6 -0.817770590987
23.7 -0.374944948421
23.8 0.089119864406
23.9 0.564131776216
24.0 1.03523926876
24.1 1.48561557473
24.2 1.89938680853
24.3 2.26400467578
24.4 2.57142871719
24.5 2.81794918145
24.6 3.00302569523
24.7 3.12790501996
24.8 3.19476546309
24.9 3.20665829649
25.0 3.16784225743
25.1 3.08371109126
25.2 2.95975007634
25.3 2.79974498465
25.4 2.60427293551
25.5 2.37069038189
25.6 2.09513707189
25.7 1.77585891852
25.8 1.41619992054
25.9 1.02559242877
26.0 0.617863910237
26.1 0.207597108938
26.2 -0.193715973608
26.3 -0.579949351007
26.4 -0.950136295012
26.5 -1.30607056454
26.6 -1.64889548877
26.7 -1.97610264405
26.8 -2.28002976347
26.9 -2.54833684161
27.0 -2.76630924842
27.1 -2.92030482482
27.2 -3.00128529355
27.3 -3.00725902687
27.4 -2.9437497679
27.5 -2.82210218945
27.6 -2.65629050255
27.7 -2.45947958856
27.8 -2.24156162777
27.9 -2.00827685572
28.0 -1.76172577476
28.1 -1.5015938314
28.2 -1.226470472
28.3 -0.935052676523
28.4 -0.627334403669
28.5 -0.305798192053
28.6 0.0237490109157
28.7 0.352294961924
28.8 0.669046352791
28.9 0.963821390802
29.0 1.22941716137
29.1 1.46285662348
29.2 1.66501781876
29.3 1.83905803414
29.4 1.98862877094
29.5 2.11673644919
29.6 2.22539846295
29.7 2.31556515945
29.8 2.38667673696
29.9 2.43577137125
30.0 2.45679073225
30.1 2.44085636615
30.2 2.37843372291
30.3 2.26257174886
30.4 2.09160824357
30.5 1.87044779729
30.6 1.60962080753
30.7 1.32253492353
30.8 1.02211129477
30.9 0.71813394362
31.0 0.416174462938
31.1 0.118222494926
31.2 -0.17548464662
31.3 -0.464285816396
31.4 -0.745452447645
31.5 -1.01370559416
31.6 -1.26205195882
31.7 -1.4835274725
31.8 -1.67299390668
31.9 -1.82808360919
32.0 -1.94884374104
32.1 -2.03639560023
32.2 -2.09153633377
32.3 -2.11423681344
32.4 -2.10436086333
32.5 -2.06304630268
32.6 -1.99366662308
32.7 -1.90152635124
32.8 -1.79229131677
32.9 -1.67002377124
33.0 -1.53596722304
33.1 -1.38872681461
33.2 -1.22560048281
33.3 -1.04418028104
33.4 -0.84338085604
33.5 -0.623653782549
33.6 -0.386791935997
33.7 -0.135913869059
33.8 0.12415219882
33.9 0.386433389725
34.0 0.641942210577
34.1 0.880722335768
34.2 1.09356815519
34.3 1.27371177217
34.4 1.41776908615
34.5 1.52566250859
34.6 1.59975460402
34.7 1.64369007608
34.8 1.66136315179
34.9 1.65618558728
35.0 1.63067027852
35.1 1.58634331792
35.2 1.52402617174
35.3 1.44443010044
35.4 1.34878614228
35.5 1.23909853597
35.6 1.11776500787
35.7 0.986735374061
35.8 0.846789014643
35.9 0.697548616941
36.0 0.538404139067
36.1 0.369870838458
36.2 0.194527638082
36.3 0.016893073046
36.4 -0.157718503575
36.5 -0.324639717604
36.6 -0.480693324484
36.7 -0.623987882828
36.8 -0.752964298934
36.9 -0.865492908606
37.0 -0.958734835245
37.1 -1.02990378524
37.2 -1.07743096359
37.3 -1.10178251541
37.4 -1.10543390437
37.5 -1.09203731566
37.6 -1.06524795106
37.7 -1.02776188063
37.8 -0.980894106958
37.9 -0.924709541627
38.0 -0.858517118913
38.1 -0.781502954132
38.2 -0.693332954004
38.3 -0.594603092402
38.4 -0.487037602901
38.5 -0.373378695382
38.6 -0.257008091545
38.7 -0.14145091104
38.8 -0.0299529115021
38.9 0.0747508184354
39.0 0.170495297533
39.1 0.255688286939
39.2 0.329351226202
39.3 0.391184639832
39.4 0.441550719707
39.5 0.481278920852
39.6 0.511317774783
39.7 0.532383007568
39.8 0.544781729017
39.9 0.548495419634
40.0 0.543451063427
40.1 0.529810712366
40.2 0.508127757014
40.3 0.479324820408
40.4 0.444556304655
40.5 0.405056185116
40.6 0.362033286483
40.7 0.316614157187
40.8 0.26980420411
40.9 0.222454618491
41.0 0.175254057224
41.1 0.128769838634
41.2 0.0835337358504
41.3 0.0401292845151
41.4 -0.000772972777806
41.5 -0.0384568735254
41.6 -0.0722565574368
41.7 -0.101655546519
41.8 -0.12634429852
41.9 -0.146223633568
42.0 -0.161371778423
42.1 -0.172001587055
42.2 -0.178423064408
42.3 -0.181011028964
42.4 -0.180172997517
42.5 -0.176318848785
42.6 -0.169841102925
42.7 -0.161113155187
42.8 -0.150502806686
42.9 -0.138388688853
43.0 -0.12516599649
43.1 -0.111235918038
43.2 -0.0969835963547
43.3 -0.0827549258632
43.4 -0.0688407154182
43.5 -0.0554710791629
43.6 -0.0428182134879
43.7 -0.0310042058469
43.8 -0.0201111706755
43.9 -0.0101918497114
44.0 -0.00127914800013
44.1 0.00660651082304
44.2 0.0134522401293
44.3 0.019249667977
44.4 0.0239936760234
44.5 0.0276838717443
44.6 0.0303302036259
44.7 0.0319625916409
44.8 0.0326414675415
44.9 0.0324639671438
45.0 0.0315613042961
45.1 0.0300865980438
45.2 0.0281968685054
45.3 0.0260353104663
45.4 0.0237191255765
45.5 0.0213351802637
45.6 0.0189426492263
45.7 0.0165800674247
45.8 0.0142739378221
45.9 0.0120464995821
46.0 0.00992089519994
46.1 0.00792278943041
46.2 0.00607863814673
46.3 0.00441201959662
46.4 0.00294006239769
46.5 0.00167156773011
46.6 0.000607187215828
46.7 -0.000259153910906
46.8 -0.00093873570285
46.9 -0.00144701514515
47.0 -0.00180286603058
47.1 -0.00202751599402
47.2 -0.00214294041619
47.3 -0.00217007813804
47.4 -0.00212753474896
47.5 -0.00203119612962
47.6 -0.00189463306929
47.7 -0.00172978414285
47.8 -0.00154741295089
47.9 -0.00135715062195
48.0 -0.00116726294386
48.1 -0.000984405526303
48.2 -0.000813544498677
48.3 -0.000658064798531
48.4 -0.000519992748449
48.5 -0.00040025219239
48.6 -0.00029890579453
48.7 -0.00021535794881
48.8 -0.000148507246189
48.9 -9.68512571982e-05
49.0 -5.85678898119e-05
49.1 -3.16086618942e-05
49.2 -1.38250016376e-05
49.3 -3.11683017082e-06
49.4 2.43219302197e-06
49.5 4.4677554604e-06
49.6 4.3380644091e-06
49.7 3.11179887629e-06
49.8 1.61214563056e-06
49.9 4.43088110009e-07
50.0 0.0
50.1 0.0
50.2 0.0
50.3 0.0
50.4 0.0
50.5 0.0
50.6 0.0
50.7 0.0
50.8 0.0
50.9 0.0
51.0 0.0
51.1 0.0
51.2 0.0
51.3 0.0
51.4 0.0
51.5 0.0
51.6 0.0
51.7 0.0
51.8 0.0
51.9 0.0
52.0 0.0
52.1 0.0
52.2 0.0
52.3 0.0
52.4 0.0
52.5 0.0
52.6 0.0
52.7 0.0
52.8 0.0
52.9 0.0
53.0 0.0
53.1 0.0
53.2 0.0
53.3 0.0
53.4 0.0
53.5 0.0
53.6 0.0
53.7 0.0
53.8 0.0
53.9 0.0
54.0 0.0
54.1 0.0
54.2 0.0
54.3 0.0
54.4 0.0
54.5 0.0
54.6 0.0
54.7 0.0
54.8 0.0
54.9 0.0
55.0 0.0
55.1 0.0
55.2 0.0
55.3 0.0
55.4 0.0
55.5 0.0
55.6 0.0
55.7 0.0
55.8 0.0
55.9 0.0
56.0 0.0
56.1 0.0
56.2 0.0
56.3 0.0
56.4 0.0
56.5 0.0
56.6 0.0
56.7 0.0
56.8 0.0
56.9 0.0
57.0 0.0
57.1 0.0
57.2 0.0
57.3 0.0
57.4 0.0
57.5 0.0
57.6 0.0
57.7 0.0
57.8 0.0
57.9 0.0
58.0 0.0
58.1 0.0
58.2 0.0
58.3 0.0
58.4 0.0
58.5 0.0
58.6 0.0
58.7 0.0
58.8 0.0
58.9 0.0
59.0 0.0
59.1 0.0
59.2 0.0
59.3 0.0
59.4 0.0
59.5 0.0
59.6 0.0
59.7 0.0
59.8 0.0
59.9 0.0
60.0 0.0
60.1 0.0
60.2 0.0
60.3 0.0
60.4 0.0
60.5 0.0
60.6 0.0
60.7 0.0
60.8 0.0
60.9 0.0
61.0 0.0
61.1 0.0
61.2 0.0
61.3 0.0
61.4 0.0
61.5 0.0
61.6 0.0
61.7 0.0
61.8 0.0
61.9 0.0
62.0 0.0
62.1 0.0
62.2 0.0
62.3 0.0
62.4 0.0
62.5 0.0
62.6 0.0
62.7 0.0
62.8 0.0
62.9 0.0
63.0 0.0
63.1 0.0
63.2 0.0
63.3 0.0
63.4 0.0
63.5 0.0
63.6 0.0
63.7 0.0
63.8 0.0
63.9 0.0
64.0 0.0
64.1 0.0
64.2 0.0
64.3 0.0
64.4 0.0
64.5 0.0
64.6 0.0
64.7 0.0
64.8 0.0
64.9 0.0
65.0 0.0
65.1 0.0
65.2 0.0
65.3 0.0
65.4 0.0
65.5 0.0
65.6 0.0
65.7 0.0
65.8 0.0
65.9 0.0
66.0 0.0
66.1 0.0
66.2 0.0
66.3 0.0
66.4 0.0
66.5 0.0
66.6 0.0
66.7 0.0
66.8 0.0
66.9 0.0
67.0 0.0
67.1 0.0
67.2 0.0
67.3 0.0
67.4 0.0
67.5 0.0
67.6 0.0
67.7 0.0
67.8 0.0
67.9 0.0
68.0 0.0
68.1 0.0
68.2 0.0
68.3 0.0
68.4 0.0
68.5 0.0
68.6 0.0
68.7 0.0
68.8 0.0
68.9 0.0
69.0 0.0
69.1 0.0
69.2 0.0
69.3 0.0
69.4 0.0
69.5 0.0
69.6 0.0
69.7 0.0
69.8 0.0
69.9 0.0
70.0 0.0
70.1 0.0
70.2 0.0
70.3 0.0
70.4 0.0
70.5 0.0
70.6 0.0
70.7 0.0
70.8 0.0
70.9 0.0
71.0 0.0
71.1 0.0
71.2 0.0
71.3 0.0
71.4 0.0
71.5 0.0
71.6 0.0
71.7 0.0
71.8 0.0
71.9 0.0
72.0 0.0
72.1 0.0
72.2 0.0
72.3 0.0
72.4 0.0
72.5 0.0
72.6 0.0
72.7 0.0
72.8 0.0
72.9 0.0
73.0 0.0
73.1 0.0
73.2 0.0
73.3 0.0
73.4 0.0
73.5 0.0
73.6 0.0
73.7 0.0
73.8 0.0
73.9 0.0
74.0 0.0
74.1 0.0
74.2 0.0
74.3 0.0
74.4 0.0
74.5 0.0
74.6 0.0
74.7 0.0
74.8 0.0
74.9 0.0
75.0 0.0
75.1 0.0
75.2 0.0
75.3 0.0
75.4 0.0
75.5 0.0
75.6 0.0
75.7 0.0
75.8 0.0
75.9 0.0
76.0 0.0
76.1 0.0
76.2 0.0
76.3 0.0
76.4 0.0
76.5 0.0
76.6 0.0
76.7 0.0
76.8 0.0
76.9 0.0
77.0 0.0
77.1 0.0
77.2 0.0
77.3 0.0
77.4 0.0
77.5 0.0
77.6 0.0
77.7 0.0
77.8 0.0
77.9 0.0
78.0 0.0
78.1 0.0
78.2 0.0
78.3 0.0
78.4 0.0
78.5 0.0
78.6 0.0
78.7 0.0
78.8 0.0
78.9 0.0
79.0 0.0
79.1 0.0
79.2 0.0
79.3 0.0
79.4 0.0
79.5 0.0
79.6 0.0
79.7 0.0
79.8 0.0
79.9 0.0
80.0 0.0
80.1 0.0
80.2 0.0
80.3 0.0
80.4 0.0
80.5 0.0
80.6 0.0
80.7 0.0
80.8 0.0
80.9 0.0
81.0 0.0
81.1 0.0
81.2 0.0
81.3 0.0
81.4 0.0
81.5 0.0
81.6 0.0
81.7 0.0
81.8 0.0
81.9 0.0
82.0 0.0
82.1 0.0
82.2 0.0
82.3 0.0
82.4 0.0
82.5 0.0
82.6 0.0
82.7 0.0
82.8 0.0
82.9 0.0
83.0 0.0
83.1 0.0
83.2 0.0
83.3 0.0
83.4 0.0
83.5 0.0
83.6 0.0
83.7 0.0
83.8 0.0
83.9 0.0
84.0 0.0
84.1 0.0
84.2 0.0
84.3 0.0
84.4 0.0
84.5 0.0
84.6 0.0
84.7 0.0
84.8 0.0
84.9 0.0
85.0 0.0
85.1 0.0
85.2 0.0
85.3 0.0
85.4 0.0
85.5 0.0
85.6 0.0
85.7 0.0
85.8 0.0
85.9 0.0
86.0 0.0
86.1 0.0
86.2 0.0
86.3 0.0
86.4 0.0
86.5 0.0
86.6 0.0
86.7 0.0
86.8 0.0
86.9 0.0
87.0 0.0
87.1 0.0
87.2 0.0
87.3 0.0
87.4 0.0
87.5 0.0
87.6 0.0
87.7 0.0
87.8 0.0
87.9 0.0
88.0 0.0
88.1 0.0
88.2 0.0
88.3 0.0
88.4 0.0
88.5 0.0
88.6 0.0
88.7 0.0
88.8 0.0
88.9 0.0
89.0 0.0
89.1 0.0
89.2 0.0
89.3 0.0
89.4 0.0
89.5 0.0
89.6 0.0
89.7 0.0
89.8 0.0
89.9 0.0
90.0 0.0
90.1 0.0
90.2 0.0
90.3 0.0
90.4 0.0
90.5 0.0
90.6 0.0
90.7 0.0
90.8 0.0
90.9 0.0
91.0 0.0
91.1 0.0
91.2 0.0
91.3 0.0
91.4 0.0
91.5 0.0
91.6 0.0
91.7 0.0
91.8 0.0
91.9 0.0
92.0 0.0
92.1 0.0
92.2 0.0
92.3 0.0
92.4 0.0
92.5 0.0
92.6 0.0
92.7 0.0
92.8 0.0
92.9 0.0
93.0 0.0
93.1 0.0
93.2 0.0
93.3 0.0
93.4 0.0
93.5 0.0
93.6 0.0
93.7 0.0
93.8 0.0
93.9 0.0
94.0 0.0
94.1 0.0
94.2 0.0
94.3 0.0
94.4 0.0
94.5 0.0
94.6 0.0
94.7 0.0
94.8 0.0
94.9 0.0
95.0 0.0
95.1 0.0
95.2 0.0
95.3 0.0
95.4 0.0
95.5 0.0
95.6 0.0
95.7 0.0
95.8 0.0
95.9 0.0
96.0 0.0
96.1 0.0
96.2 0.0
96.3 0.0
96.4 0.0
96.5 0.0
96.6 0.0
96.7 0.0
96.8 0.0
96.9 0.0
97.0 0.0
97.1 0.0
97.2 0.0
97.3 0.0
97.4 0.0
97.5 0.0
97.6 0.0
97.7 0.0
97.8 0.0
97.9 0.0
98.0 0.0
98.1 0.0
98.2 0.0
98.3 0.0
98.4 0.0
98.5 0.0
98.6 0.0
98.7 0.0
98.8 0.0
98.9 0.0
99.0 0.0
99.1 0.0
99.2 0.0
99.3 0.0
99.4 0.0
99.5 0.0
99.6 0.0
99.7 0.0
99.8 0.0
99.9 0.0
100.0 0.0
100.1 0.0
100.2 0.0
100.3 0.0
100.4 0.0
100.5 0.0
100.6 0.0
100.7 0.0
100.8 0.0
100.9 0.0
101.0 0.0
101.1 0.0
101.2 0.0
101.3 0.0
101.4 0.0
101.5 0.0
101.6 0.0
101.7 0.0
101.8 0.0
101.9 0.0
102.0 0.0
102.1 0.0
102.2 0.0
102.3 0.0
