0.0 -0.306908831504
0.0954 0.0690091100835
0.1908 0.440291004217
0.2862 0.742261118117
0.3816 0.92435588775
0.477 0.966757924769
0.5724 0.885152030448
0.6678 0.72234910449
0.7632 0.530603408771
0.8586 0.351587657215
0.954 0.202630849075
1.0494 0.0752022350185
1.1448 -0.0543679607458
1.2402 -0.206710131234
1.3356 -0.381904270452
1.431 -0.551989628433
1.5264 -0.668727849457
1.6218 -0.683196821522
1.7172 -0.56467323558
1.8126 -0.307802417763
1.908 0.0698154452563
2.0034 0.530851165163
2.0988 1.01893246282
2.1942 1.4583252504
2.2896 1.75320113614
2.385 1.78979068826
2.4804 1.4508953254
2.5758 0.648270003282
2.6712 -0.635074485793
2.7666 -2.30873823399
2.862 -4.15716962887
2.9574 -5.84679755278
3.0528 -6.96441127058
3.1482 -7.09274326261
3.2436 -5.92163809942
3.339 -3.3721650114
3.4344 0.314481500965
3.5298 4.57428638132
3.6252 8.62367693987
3.7206 11.6436244561
3.816 12.9881864215
3.9114 12.3534413894
4.0068 9.85574268467
4.1022 5.99571540707
4.1976 1.5187957443
4.293 -2.78444790222
4.3884 -6.27498139199
4.4838 -8.59746453256
4.5792 -9.7110846654
4.6746 -9.82121563916
4.77 -9.24961147255
4.8654 -8.29792442968
4.9608 -7.15456954145
5.0562 -5.87161124894
5.1516 -4.40581201821
5.247 -2.69247629615
5.3424 -0.714300712048
5.4378 1.46138895241
5.5332 3.68533937775
5.6286 5.76111965221
5.724 7.49402376379
5.8194 8.73403548201
5.9148 9.39793349272
6.0102 9.46617210243
6.1056 8.96229639493
6.201 7.93012570026
6.2964 6.42281391498
6.3918 4.50910400824
6.4872 2.29070657509
6.5826 -0.0830544948309
6.678 -2.41758730897
6.7734 -4.49879038001
6.8688 -6.13636632195
6.9642 -7.20906067601
7.0596 -7.69384825939
7.155 -7.66689654935
7.2504 -7.27482412913
7.3458 -6.68561154466
7.4412 -6.03597687138
7.5366 -5.39348282768
7.632 -4.74650644212
7.7274 -4.02502552509
7.8228 -3.14315116756
7.9182 -2.04576119408
8.0136 -0.740425574983
8.109 0.697485276227
8.2044 2.14683936779
8.2998 3.47901498387
8.3952 4.59593517459
8.4906 5.45317881118
8.586 6.06075115854
8.6814 6.46342654489
8.7768 6.71037690564
8.8722 6.82706360776
8.9676 6.80030415971
9.063 6.58152480961
9.1584 6.10591342247
9.2538 5.31920962485
9.3492 4.20154124342
9.4446 2.7800836201
9.54 1.12787908476
9.6354 -0.648267490302
9.7308 -2.42472864137
9.8262 -4.07711355223
9.9216 -5.49286204475
10.017 -6.58098269699
10.1124 -7.28052291694
10.2078 -7.56794555587
10.3032 -7.4613335924
10.3986 -7.01822533891
10.494 -6.32491797385
10.5894 -5.47800297757
10.6848 -4.56260554908
10.7802 -3.63441753622
10.8756 -2.71231294992
10.971 -1.78467677645
11.0664 -0.827017958518
11.1618 0.176376534089
11.2572 1.21576757223
11.3526 2.25118734306
11.448 3.22129427654
11.5434 4.06153761915
11.6388 4.72330676329
11.7342 5.18584659038
11.8296 5.45666981429
11.925 5.56171451052
12.0204 5.53081148936
12.1158 5.38530987484
12.2112 5.13272722701
12.3066 4.76930114874
12.402 4.28747889481
12.4974 3.68362137237
12.5928 2.96219008576
12.6882 2.13554032625
12.7836 1.22131035448
12.879 0.240610277085
12.9744 -0.780840031477
13.0698 -1.80907533796
13.1652 -2.79868011284
13.2606 -3.69366226109
13.356 -4.43441674657
13.4514 -4.96961078415
13.5468 -5.26884483688
13.6422 -5.33085729762
13.7376 -5.18354000499
13.833 -4.87542669265
13.9284 -4.46192520193
14.0238 -3.99161311317
14.1192 -3.49745811906
14.2146 -2.99521180707
14.31 -2.48787661542
14.4054 -1.97277086411
14.5008 -1.4473890669
14.5962 -0.911872394763
14.6916 -0.368351252868
14.787 0.180762300023
14.8824 0.733237299269
14.9778 1.28528808069
15.0732 1.82862086114
15.1686 2.34849084672
15.264 2.82473430748
15.3594 3.23608557958
15.4548 3.5660314071
15.5502 3.80726138861
15.6456 3.96223518356
15.741 4.03933945724
15.8364 4.04650082392
15.9318 3.98560868258
16.0272 3.85080718041
16.1226 3.63174041713
16.218 3.32021876926
16.3134 2.91692497076
16.4088 2.43469676983
16.5042 1.89665246185
16.5996 1.33003609902
16.695 0.758763540263
16.7904 0.19816289764
16.8858 -0.345883898519
16.9812 -0.873522637483
17.0766 -1.38545526362
17.172 -1.87842074073
17.2674 -2.34377909459
17.3628 -2.76944203078
17.4582 -3.14355341024
17.5536 -3.45755927924
17.649 -3.70696279693
17.7444 -3.88965198193
17.8398 -4.00322444953
17.9352 -4.04330199388
18.0306 -4.004125486
18.126 -3.88121033595
18.2214 -3.67446359181
18.3168 -3.38976602913
18.4122 -3.03786317738
18.5076 -2.63099971624
18.603 -2.17912654752
18.6984 -1.68786446897
18.7938 -1.15947970062
18.8892 -0.596423441016
18.9846 -0.00548222493127
19.08 0.599847417682
19.1754 1.20023813917
19.2708 1.77438817453
19.3662 2.30395699757
19.4616 2.77710063684
19.557 3.18890374937
19.6524 3.53869521481
19.7478 3.82588701689
19.8432 4.04668139396
19.9386 4.19338897599
20.034 4.25657388636
20.1294 4.2286817412
20.2248 4.10709281867
20.3202 3.89504067923
20.4156 3.60019928213
20.511 3.23212748585
20.6064 2.80033504974
20.7018 2.31416723528
20.7972 1.78436305074
20.8926 1.22487395509
20.988 0.653158484309
21.0834 0.087988271978
21.1788 -0.454622128662
21.2742 -0.965349390645
21.3696 -1.44302025581
21.465 -1.89231787681
21.5604 -2.3184206047
21.6558 -2.72106089523
21.7512 -3.09108518011
21.8466 -3.41154312297
21.942 -3.66309833344
22.0374 -3.83127962472
22.1328 -3.91200886248
22.2282 -3.9125812578
22.3236 -3.84750953515
22.419 -3.73123857189
22.5144 -3.57134140806
22.6098 -3.36557586652
22.7052 -3.10422749282
22.8006 -2.77650359104
22.896 -2.37775030698
22.9914 -1.91394904637
23.0868 -1.40142843626
23.1822 -0.862187713821
23.2776 -0.317368465196
23.373 0.217851205186
23.4684 0.735641829576
23.5638 1.23297720731
23.6592 1.70699453445
23.7546 2.15102748789
23.85 2.55347646609
23.9454 2.89996819758
24.0408 3.17743620735
24.1362 3.3778242571
24.2316 3.49952688049
24.327 3.54611153972
24.4224 3.52343717412
24.5178 3.43708175928
24.6132 3.2915937794
24.7086 3.09178172376
24.804 2.8448683226
24.8994 2.56171207455
24.9948 2.25581999104
25.0902 1.94023610113
25.1856 1.62377872519
25.281 1.30867702913
25.3764 0.991050387535
25.4718 0.664196586254
25.5672 0.323132583639
25.6626 -0.0318697625485
25.758 -0.394481247671
25.8534 -0.754497950784
25.9488 -1.10165704918
26.0442 -1.42889766553
26.1396 -1.73327470892
26.235 -2.01413440451
26.3304 -2.26977178012
26.4258 -2.4946981902
26.5212 -2.67932998482
26.6166 -2.81253574903
26.712 -2.88581676524
26.8074 -2.89688429982
26.9028 -2.85062515877
26.9982 -2.75681357253
27.0936 -2.62569277425
27.189 -2.46373873088
27.2844 -2.2718617999
27.3798 -2.04701072034
27.4752 -1.78630952749
27.5706 -1.49147792632
27.666 -1.1711124782
27.7614 -0.839535438626
27.8568 -0.512736800442
27.9522 -0.203458758046
28.0476 0.0821147924886
28.143 0.344501749626
28.2384 0.588041069449
28.3338 0.816705069102
28.4292 1.03092354455
28.5246 1.22707133037
28.62 1.39973384387
28.7154 1.54522131559
28.8108 1.66443569457
28.9062 1.76330727981
29.0016 1.8502422996
29.097 1.93208159602
29.1924 2.01054667501
29.2878 2.08094017759
29.3832 2.13366678831
29.4786 2.15770802664
29.574 2.14429800763
29.6694 2.08914699248
29.7648 1.99251902575
29.8602 1.85769230355
29.9556 1.68910592412
30.051 1.49141105943
30.1464 1.26981066062
30.2418 1.03104647991
30.3372 0.783837135456
30.4326 0.537853534158
30.528 0.301286528319
30.6234 0.0781278766201
30.7188 -0.13323130454
30.8142 -0.338945510951
30.9096 -0.546293224514
31.005 -0.759318854152
31.1004 -0.97565456138
31.1958 -1.18622723677
31.2912 -1.37819320131
31.3866 -1.53980818926
31.482 -1.66489297086
31.5774 -1.75467513179
31.6728 -1.81605453612
31.7682 -1.85713026035
31.8636 -1.88223096401
31.959 -1.88898428207
32.0544 -1.86898047869
32.1498 -1.81181471008
32.2452 -1.71061385559
32.3406 -1.56640122503
32.436 -1.38919015595
32.5314 -1.19524634538
32.6268 -1.00174789785
32.7222 -0.821233904923
32.8176 -0.658233784644
32.913 -0.509361423449
33.0084 -0.3665241631
33.1038 -0.221540606453
33.1992 -0.0700014836062
33.2946 0.0872118153411
33.39 0.24508210341
33.4854 0.397344111541
33.5808 0.539477922288
33.6762 0.67033991762
33.7716 0.791795112907
33.867 0.906746308827
33.9624 1.01667626174
34.0578 1.11993245443
34.1532 1.21152001776
34.2486 1.28442123181
34.344 1.33180741596
34.4394 1.34922023796
34.5348 1.33593051003
34.6302 1.29509406461
34.7256 1.23279005115
34.821 1.15635902954
34.9164 1.07258115252
35.0118 0.98618212028
35.1072 0.89900950151
35.2026 0.81005075868
35.298 0.716286951738
35.3934 0.614185400694
35.4888 0.501440134646
35.5842 0.37842630693
35.6796 0.248831225318
35.775 0.119124623907
35.8704 -0.00308511410698
35.9658 -0.111319742784
36.0612 -0.2023266763
36.1566 -0.27719201462
36.252 -0.340993452605
36.3474 -0.401071686788
36.4428 -0.464542522835
36.5382 -0.535957939093
36.6336 -0.615923941215
36.729 -0.701051241212
36.8244 -0.78506391942
36.9198 -0.86048152984
37.0152 -0.920196497127
37.1106 -0.958495415914
37.206 -0.971461498777
37.3014 -0.957018820519
37.3968 -0.914968060511
37.4922 -0.847195965158
37.5876 -0.757945604945
37.683 -0.653811787304
37.7784 -0.543129952086
37.8738 -0.434676988335
37.9692 -0.335970884563
38.0646 -0.251737613022
38.16 -0.18313844854
38.2554 -0.128080228534
38.3508 -0.082482879056
38.4462 -0.0419698729214
38.5416 -0.00328255713032
38.637 0.0351166615732
38.7324 0.0733750655984
38.8278 0.111182955118
38.9232 0.148708622387
39.0186 0.186979689668
39.114 0.227485045309
39.2094 0.271209644957
39.3048 0.317633816709
39.4002 0.364267698523
39.4956 0.407034803616
39.591 0.44140144022
39.6864 0.463782957007
39.7818 0.472623349588
39.8772 0.468700591947
39.9726 0.454570531467
40.068 0.433446564028
40.1634 0.408038157865
40.2588 0.379842795193
40.3542 0.349134016602
40.4496 0.315546920816
40.545 0.278897323526
40.6404 0.239798481907
40.7358 0.199776743725
40.8312 0.160852404945
40.9266 0.124810251963
41.022 0.0925170320875
41.1174 0.0636011776879
41.2128 0.0366297207273
41.3082 0.0096942547823
41.4036 -0.0188439756329
41.499 -0.0497374470336
41.5944 -0.0825673706183
41.6898 -0.115843262907
41.7852 -0.147398998046
41.8806 -0.174920823988
41.976 -0.196444346557
42.0714 -0.210711939779
42.1668 -0.217348472318
42.2622 -0.216860566292
42.3576 -0.210485532766
42.453 -0.199923370123
42.5484 -0.18699568192
42.6438 -0.173294597934
42.7392 -0.159902024069
42.8346 -0.147256046354
42.93 -0.13520533543
43.0254 -0.123230576914
43.1208 -0.110749150699
43.2162 -0.0973864211387
43.3116 -0.0831137369467
43.407 -0.0682155074139
43.5024 -0.0531276105719
43.5978 -0.0382481182667
43.6932 -0.0238288983079
43.7886 -0.0100079814739
43.884 0.00303867990638
43.9794 0.0149198681321
44.0748 0.0249451224475
44.1702 0.0322154257686
44.2656 0.0358856472275
44.361 0.0355057330199
44.4564 0.0312966390573
44.5518 0.0242317682819
44.6472 0.0158700281472
44.7426 0.00798809480996
44.838 0.00214052978502
44.9334 -0.000698749339816
45.0288 -0.000299845035699
45.1242 0.00288600389702
45.2196 0.00796031237098
45.315 0.0138742189676
45.4104 0.0196791875252
45.5058 0.0246655056082
45.6012 0.0283835556447
45.6966 0.0305913244371
45.792 0.0311880465143
45.8874 0.0301773230098
45.9828 0.0276688018128
46.0782 0.0238969275156
46.1736 0.019224084424
46.269 0.0141064677039
46.3644 0.00902458370248
46.4598 0.00440128899654
46.5552 0.000537145878207
46.6506 -0.0024165502392
46.746 -0.004445223515
46.8414 -0.00563345811649
46.9368 -0.00612280725176
47.0322 -0.00607968348493
47.1276 -0.00567657893695
47.223 -0.00508069400465
47.3184 -0.00444231734866
47.4138 -0.00388040839614
47.5092 -0.00346966335162
47.6046 -0.00323623776379
47.7 -0.00316600585585
47.7954 -0.00316600585585
47.8908 -0.00316600585585
47.9862 -0.00316600585585
48.0816 -0.00316600585585
48.177 -0.00316600585585
48.2724 -0.00316600585585
48.3678 -0.00316600585585
48.4632 -0.00316600585585
48.5586 -0.00316600585585
48.654 -0.00316600585585
48.7494 -0.00316600585585
48.8448 -0.00316600585585
48.9402 -0.00316600585585
49.0356 -0.00316600585585
49.131 -0.00316600585585
49.2264 -0.00316600585585
49.3218 -0.00316600585585
49.4172 -0.00316600585585
49.5126 -0.00316600585585
49.608 -0.00316600585585
49.7034 -0.00316600585585
49.7988 -0.00316600585585
49.8942 -0.00316600585585
49.9896 -0.00316600585585
50.085 -0.00316600585585
50.1804 -0.00316600585585
50.2758 -0.00316600585585
50.3712 -0.00316600585585
50.4666 -0.00316600585585
50.562 -0.00316600585585
50.6574 -0.00316600585585
50.7528 -0.00316600585585
50.8482 -0.00316600585585
50.9436 -0.00316600585585
51.039 -0.00316600585585
51.1344 -0.00316600585585
51.2298 -0.00316600585585
51.3252 -0.00316600585585
51.4206 -0.00316600585585
51.516 -0.00316600585585
51.6114 -0.00316600585585
51.7068 -0.00316600585585
51.8022 -0.00316600585585
51.8976 -0.00316600585585
51.993 -0.00316600585585
52.0884 -0.00316600585585
52.1838 -0.00316600585585
52.2792 -0.00316600585585
52.3746 -0.00316600585585
52.47 -0.00316600585585
52.5654 -0.00316600585585
52.6608 -0.00316600585585
52.7562 -0.00316600585585
52.8516 -0.00316600585585
52.947 -0.00316600585585
53.0424 -0.00316600585585
53.1378 -0.00316600585585
53.2332 -0.00316600585585
53.3286 -0.00316600585585
53.424 -0.00316600585585
53.5194 -0.00316600585585
53.6148 -0.00316600585585
53.7102 -0.00316600585585
53.8056 -0.00316600585585
53.901 -0.00316600585585
53.9964 -0.00316600585585
54.0918 -0.00316600585585
54.1872 -0.00316600585585
54.2826 -0.00316600585585
54.378 -0.00316600585585
54.4734 -0.00316600585585
54.5688 -0.00316600585585
54.6642 -0.00316600585585
54.7596 -0.00316600585585
54.855 -0.00316600585585
54.9504 -0.00316600585585
55.0458 -0.00316600585585
55.1412 -0.00316600585585
55.2366 -0.00316600585585
55.332 -0.00316600585585
55.4274 -0.00316600585585
55.5228 -0.00316600585585
55.6182 -0.00316600585585
55.7136 -0.00316600585585
55.809 -0.00316600585585
55.9044 -0.00316600585585
55.9998 -0.00316600585585
56.0952 -0.00316600585585
56.1906 -0.00316600585585
56.286 -0.00316600585585
56.3814 -0.00316600585585
56.4768 -0.00316600585585
56.5722 -0.00316600585585
56.6676 -0.00316600585585
56.763 -0.00316600585585
56.8584 -0.00316600585585
56.9538 -0.00316600585585
57.0492 -0.00316600585585
57.1446 -0.00316600585585
57.24 -0.00316600585585
57.3354 -0.00316600585585
57.4308 -0.00316600585585
57.5262 -0.00316600585585
57.6216 -0.00316600585585
57.717 -0.00316600585585
57.8124 -0.00316600585585
57.9078 -0.00316600585585
58.0032 -0.00316600585585
58.0986 -0.00316600585585
58.194 -0.00316600585585
58.2894 -0.00316600585585
58.3848 -0.00316600585585
58.4802 -0.00316600585585
58.5756 -0.00316600585585
58.671 -0.00316600585585
58.7664 -0.00316600585585
58.8618 -0.00316600585585
58.9572 -0.00316600585585
59.0526 -0.00316600585585
59.148 -0.00316600585585
59.2434 -0.00316600585585
59.3388 -0.00316600585585
59.4342 -0.00316600585585
59.5296 -0.00316600585585
59.625 -0.00316600585585
59.7204 -0.00316600585585
59.8158 -0.00316600585585
59.9112 -0.00316600585585
60.0066 -0.00316600585585
60.102 -0.00316600585585
60.1974 -0.00316600585585
60.2928 -0.00316600585585
60.3882 -0.00316600585585
60.4836 -0.00316600585585
60.579 -0.00316600585585
60.6744 -0.00316600585585
60.7698 -0.00316600585585
60.8652 -0.00316600585585
60.9606 -0.00316600585585
61.056 -0.00316600585585
61.1514 -0.00316600585585
61.2468 -0.00316600585585
61.3422 -0.00316600585585
61.4376 -0.00316600585585
61.533 -0.00316600585585
61.6284 -0.00316600585585
61.7238 -0.00316600585585
61.8192 -0.00316600585585
61.9146 -0.00316600585585
62.01 -0.00316600585585
62.1054 -0.00316600585585
62.2008 -0.00316600585585
62.2962 -0.00316600585585
62.3916 -0.00316600585585
62.487 -0.00316600585585
62.5824 -0.00316600585585
62.6778 -0.00316600585585
62.7732 -0.00316600585585
62.8686 -0.00316600585585
62.964 -0.00316600585585
63.0594 -0.00316600585585
63.1548 -0.00316600585585
63.2502 -0.00316600585585
63.3456 -0.00316600585585
63.441 -0.00316600585585
63.5364 -0.00316600585585
63.6318 -0.00316600585585
63.7272 -0.00316600585585
63.8226 -0.00316600585585
63.918 -0.00316600585585
64.0134 -0.00316600585585
64.1088 -0.00316600585585
64.2042 -0.00316600585585
64.2996 -0.00316600585585
64.395 -0.00316600585585
64.4904 -0.00316600585585
64.5858 -0.00316600585585
64.6812 -0.00316600585585
64.7766 -0.00316600585585
64.872 -0.00316600585585
64.9674 -0.00316600585585
65.0628 -0.00316600585585
65.1582 -0.00316600585585
65.2536 -0.00316600585585
65.349 -0.00316600585585
65.4444 -0.00316600585585
65.5398 -0.00316600585585
65.6352 -0.00316600585585
65.7306 -0.00316600585585
65.826 -0.00316600585585
65.9214 -0.00316600585585
66.0168 -0.00316600585585
66.1122 -0.00316600585585
66.2076 -0.00316600585585
66.303 -0.00316600585585
66.3984 -0.00316600585585
66.4938 -0.00316600585585
66.5892 -0.00316600585585
66.6846 -0.00316600585585
66.78 -0.00316600585585
66.8754 -0.00316600585585
66.9708 -0.00316600585585
67.0662 -0.00316600585585
67.1616 -0.00316600585585
67.257 -0.00316600585585
67.3524 -0.00316600585585
67.4478 -0.00316600585585
67.5432 -0.00316600585585
67.6386 -0.00316600585585
67.734 -0.00316600585585
67.8294 -0.00316600585585
67.9248 -0.00316600585585
68.0202 -0.00316600585585
68.1156 -0.00316600585585
68.211 -0.00316600585585
68.3064 -0.00316600585585
68.4018 -0.00316600585585
68.4972 -0.00316600585585
68.5926 -0.00316600585585
68.688 -0.00316600585585
68.7834 -0.00316600585585
68.8788 -0.00316600585585
68.9742 -0.00316600585585
69.0696 -0.00316600585585
69.165 -0.00316600585585
69.2604 -0.00316600585585
69.3558 -0.00316600585585
69.4512 -0.00316600585585
69.5466 -0.00316600585585
69.642 -0.00316600585585
69.7374 -0.00316600585585
69.8328 -0.00316600585585
69.9282 -0.00316600585585
70.0236 -0.00316600585585
70.119 -0.00316600585585
70.2144 -0.00316600585585
70.3098 -0.00316600585585
70.4052 -0.00316600585585
70.5006 -0.00316600585585
70.596 -0.00316600585585
70.6914 -0.00316600585585
70.7868 -0.00316600585585
70.8822 -0.00316600585585
70.9776 -0.00316600585585
71.073 -0.00316600585585
71.1684 -0.00316600585585
71.2638 -0.00316600585585
71.3592 -0.00316600585585
71.4546 -0.00316600585585
71.55 -0.00316600585585
71.6454 -0.00316600585585
71.7408 -0.00316600585585
71.8362 -0.00316600585585
71.9316 -0.00316600585585
72.027 -0.00316600585585
72.1224 -0.00316600585585
72.2178 -0.00316600585585
72.3132 -0.00316600585585
72.4086 -0.00316600585585
72.504 -0.00316600585585
72.5994 -0.00316600585585
72.6948 -0.00316600585585
72.7902 -0.00316600585585
72.8856 -0.00316600585585
72.981 -0.00316600585585
73.0764 -0.00316600585585
73.1718 -0.00316600585585
73.2672 -0.00316600585585
73.3626 -0.00316600585585
73.458 -0.00316600585585
73.5534 -0.00316600585585
73.6488 -0.00316600585585
73.7442 -0.00316600585585
73.8396 -0.00316600585585
73.935 -0.00316600585585
74.0304 -0.00316600585585
74.1258 -0.00316600585585
74.2212 -0.00316600585585
74.3166 -0.00316600585585
74.412 -0.00316600585585
74.5074 -0.00316600585585
74.6028 -0.00316600585585
74.6982 -0.00316600585585
74.7936 -0.00316600585585
74.889 -0.00316600585585
74.9844 -0.00316600585585
75.0798 -0.00316600585585
75.1752 -0.00316600585585
75.2706 -0.00316600585585
75.366 -0.00316600585585
75.4614 -0.00316600585585
75.5568 -0.00316600585585
75.6522 -0.00316600585585
75.7476 -0.00316600585585
75.843 -0.00316600585585
75.9384 -0.00316600585585
76.0338 -0.00316600585585
76.1292 -0.00316600585585
76.2246 -0.00316600585585
76.32 -0.00316600585585
76.4154 -0.00316600585585
76.5108 -0.00316600585585
76.6062 -0.00316600585585
76.7016 -0.00316600585585
76.797 -0.00316600585585
76.8924 -0.00316600585585
76.9878 -0.00316600585585
77.0832 -0.00316600585585
77.1786 -0.00316600585585
77.274 -0.00316600585585
77.3694 -0.00316600585585
77.4648 -0.00316600585585
77.5602 -0.00316600585585
77.6556 -0.00316600585585
77.751 -0.00316600585585
77.8464 -0.00316600585585
77.9418 -0.00316600585585
78.0372 -0.00316600585585
78.1326 -0.00316600585585
78.228 -0.00316600585585
78.3234 -0.00316600585585
78.4188 -0.00316600585585
78.5142 -0.00316600585585
78.6096 -0.00316600585585
78.705 -0.00316600585585
78.8004 -0.00316600585585
78.8958 -0.00316600585585
78.9912 -0.00316600585585
79.0866 -0.00316600585585
79.182 -0.00316600585585
79.2774 -0.00316600585585
79.3728 -0.00316600585585
79.4682 -0.00316600585585
79.5636 -0.00316600585585
79.659 -0.00316600585585
79.7544 -0.00316600585585
79.8498 -0.00316600585585
79.9452 -0.00316600585585
80.0406 -0.00316600585585
80.136 -0.00316600585585
80.2314 -0.00316600585585
80.3268 -0.00316600585585
80.4222 -0.00316600585585
80.5176 -0.00316600585585
80.613 -0.00316600585585
80.7084 -0.00316600585585
80.8038 -0.00316600585585
80.8992 -0.00316600585585
80.9946 -0.00316600585585
81.09 -0.00316600585585
81.1854 -0.00316600585585
81.2808 -0.00316600585585
81.3762 -0.00316600585585
81.4716 -0.00316600585585
81.567 -0.00316600585585
81.6624 -0.00316600585585
81.7578 -0.00316600585585
81.8532 -0.00316600585585
81.9486 -0.00316600585585
82.044 -0.00316600585585
82.1394 -0.00316600585585
82.2348 -0.00316600585585
82.3302 -0.00316600585585
82.4256 -0.00316600585585
82.521 -0.00316600585585
82.6164 -0.00316600585585
82.7118 -0.00316600585585
82.8072 -0.00316600585585
82.9026 -0.00316600585585
82.998 -0.00316600585585
83.0934 -0.00316600585585
83.1888 -0.00316600585585
83.2842 -0.00316600585585
83.3796 -0.00316600585585
83.475 -0.00316600585585
83.5704 -0.00316600585585
83.6658 -0.00316600585585
83.7612 -0.00316600585585
83.8566 -0.00316600585585
83.952 -0.00316600585585
84.0474 -0.00316600585585
84.1428 -0.00316600585585
84.2382 -0.00316600585585
84.3336 -0.00316600585585
84.429 -0.00316600585585
84.5244 -0.00316600585585
84.6198 -0.00316600585585
84.7152 -0.00316600585585
84.8106 -0.00316600585585
84.906 -0.00316600585585
85.0014 -0.00316600585585
85.0968 -0.00316600585585
85.1922 -0.00316600585585
85.2876 -0.00316600585585
85.383 -0.00316600585585
85.4784 -0.00316600585585
85.5738 -0.00316600585585
85.6692 -0.00316600585585
85.7646 -0.00316600585585
85.86 -0.00316600585585
85.9554 -0.00316600585585
86.0508 -0.00316600585585
86.1462 -0.00316600585585
86.2416 -0.00316600585585
86.337 -0.00316600585585
86.4324 -0.00316600585585
86.5278 -0.00316600585585
86.6232 -0.00316600585585
86.7186 -0.00316600585585
86.814 -0.00316600585585
86.9094 -0.00316600585585
87.0048 -0.00316600585585
87.1002 -0.00316600585585
87.1956 -0.00316600585585
87.291 -0.00316600585585
87.3864 -0.00316600585585
87.4818 -0.00316600585585
87.5772 -0.00316600585585
87.6726 -0.00316600585585
87.768 -0.00316600585585
87.8634 -0.00316600585585
87.9588 -0.00316600585585
88.0542 -0.00316600585585
88.1496 -0.00316600585585
88.245 -0.00316600585585
88.3404 -0.00316600585585
88.4358 -0.00316600585585
88.5312 -0.00316600585585
88.6266 -0.00316600585585
88.722 -0.00316600585585
88.8174 -0.00316600585585
88.9128 -0.00316600585585
89.0082 -0.00316600585585
89.1036 -0.00316600585585
89.199 -0.00316600585585
89.2944 -0.00316600585585
89.3898 -0.00316600585585
89.4852 -0.00316600585585
89.5806 -0.00316600585585
89.676 -0.00316600585585
89.7714 -0.00316600585585
89.8668 -0.00316600585585
89.9622 -0.00316600585585
90.0576 -0.00316600585585
90.153 -0.00316600585585
90.2484 -0.00316600585585
90.3438 -0.00316600585585
90.4392 -0.00316600585585
90.5346 -0.00316600585585
90.63 -0.00316600585585
90.7254 -0.00316600585585
90.8208 -0.00316600585585
90.9162 -0.00316600585585
91.0116 -0.00316600585585
91.107 -0.00316600585585
91.2024 -0.00316600585585
91.2978 -0.00316600585585
91.3932 -0.00316600585585
91.4886 -0.00316600585585
91.584 -0.00316600585585
91.6794 -0.00316600585585
91.7748 -0.00316600585585
91.8702 -0.00316600585585
91.9656 -0.00316600585585
92.061 -0.00316600585585
92.1564 -0.00316600585585
92.2518 -0.00316600585585
92.3472 -0.00316600585585
92.4426 -0.00316600585585
92.538 -0.00316600585585
92.6334 -0.00316600585585
92.7288 -0.00316600585585
92.8242 -0.00316600585585
92.9196 -0.00316600585585
93.015 -0.00316600585585
93.1104 -0.00316600585585
93.2058 -0.00316600585585
93.3012 -0.00316600585585
93.3966 -0.00316600585585
93.492 -0.00316600585585
93.5874 -0.00316600585585
93.6828 -0.00316600585585
93.7782 -0.00316600585585
93.8736 -0.00316600585585
93.969 -0.00316600585585
94.0644 -0.00316600585585
94.1598 -0.00316600585585
94.2552 -0.00316600585585
94.3506 -0.00316600585585
94.446 -0.00316600585585
94.5414 -0.00316600585585
94.6368 -0.00316600585585
94.7322 -0.00316600585585
94.8276 -0.00316600585585
94.923 -0.00316600585585
95.0184 -0.00316600585585
95.1138 -0.00316600585585
95.2092 -0.00316600585585
95.3046 -0.00316600585585
95.4 -0.00316600585585
95.4954 -0.00316600585585
95.5908 -0.00316600585585
95.6862 -0.00316600585585
95.7816 -0.00316600585585
95.877 -0.00316600585585
95.9724 -0.00316600585585
96.0678 -0.00316600585585
96.1632 -0.00316600585585
96.2586 -0.00316600585585
96.354 -0.00316600585585
96.4494 -0.00316600585585
96.5448 -0.00316600585585
96.6402 -0.00316600585585
96.7356 -0.00316600585585
96.831 -0.00316600585585
96.9264 -0.00316600585585
97.0218 -0.00316600585585
97.1172 -0.00316600585585
97.2126 -0.00316600585585
97.308 -0.00316600585585
97.4034 -0.00316600585585
97.4988 -0.00316600585585
97.5942 -0.00316600585585
