0 0.000555049
0.0995343 -0.0145958
0.199069 -0.0215836
0.298603 -0.0129657
0.398137 0.0118361
0.497671 0.0459257
0.597206 0.0782361
0.69674 0.0988347
0.796274 0.103165
0.895808 0.0928081
0.995343 0.0724556
1.09488 0.0451315
1.19441 0.008844
1.29395 -0.0428674
1.39348 -0.116266
1.49301 -0.21085
1.59255 -0.314348
1.69208 -0.402047
1.79162 -0.441165
1.89115 -0.398685
1.99069 -0.250058
2.09022 0.013189
2.18975 0.37734
2.28929 0.801288
2.38882 1.21243
2.48836 1.50638
2.58789 1.55583
2.68742 1.234
2.78696 0.45406
2.88649 -0.78211
2.98603 -2.34152
3.08556 -3.94501
3.1851 -5.1976
3.28463 -5.66989
3.38416 -5.01718
3.4837 -3.10409
3.58323 -0.0919737
3.68277 3.54856
3.7823 7.11799
3.88184 9.84818
3.98137 11.1003
4.0809 10.5406
4.18044 8.23604
4.27997 4.63857
4.37951 0.458973
4.47904 -3.52702
4.57858 -6.67845
4.67811 -8.63093
4.77764 -9.34038
4.87718 -9.02494
4.97671 -8.03749
5.07625 -6.72298
5.17578 -5.31388
5.27532 -3.89595
5.37485 -2.44429
5.47438 -0.90081
5.57392 0.749064
5.67345 2.43668
5.77299 4.02157
5.87252 5.34237
5.97206 6.27717
6.07159 6.78173
6.17112 6.88766
6.27066 6.6648
6.37019 6.1711
6.46973 5.41891
6.56926 4.37733
6.6688 3.01011
6.76833 1.32889
6.86786 -0.567743
6.9674 -2.49323
7.06693 -4.21519
7.16647 -5.52444
7.266 -6.30055
7.36553 -6.5443
7.46507 -6.36273
7.5646 -5.91424
7.66414 -5.33955
7.76367 -4.70955
7.86321 -4.01207
7.96274 -3.18027
8.06227 -2.14611
8.16181 -0.892053
8.26134 0.522864
8.36088 1.97262
8.46041 3.30237
8.55995 4.37605
8.65948 5.11257
8.75901 5.49791
8.85855 5.57302
8.95808 5.40773
9.05762 5.07437
9.15715 4.63077
9.25669 4.11456
9.35622 3.54465
9.45575 2.92398
9.55529 2.24094
9.65482 1.47145
9.75436 0.586296
9.85389 -0.434149
9.95343 -1.58066
10.053 -2.79991
10.1525 -3.99264
10.252 -5.03026
10.3516 -5.78654
10.4511 -6.17301
10.5506 -6.16377
10.6502 -5.79953
10.7497 -5.16932
10.8492 -4.37877
10.9488 -3.5184
11.0483 -2.64483
11.1478 -1.77969
11.2474 -0.922841
11.3469 -0.0700048
11.4464 0.774796
11.546 1.59689
11.6455 2.37661
11.745 3.09654
11.8446 3.74405
11.9441 4.30722
12.0436 4.76757
12.1432 5.09593
12.2427 5.25613
12.3422 5.21635
12.4418 4.96278
12.5413 4.50806
12.6409 3.88911
12.7404 3.15507
12.8399 2.35122
12.9395 1.50748
13.039 0.637299
13.1385 -0.253007
13.2381 -1.1505
13.3376 -2.0259
13.4371 -2.83401
13.5367 -3.5247
13.6362 -4.05859
13.7357 -4.41901
13.8353 -4.61393
13.9348 -4.66705
14.0343 -4.60333
14.1339 -4.43705
14.2334 -4.16868
14.3329 -3.79165
14.4325 -3.30441
14.532 -2.72044
14.6315 -2.06999
14.7311 -1.39274
14.8306 -0.725265
14.9301 -0.0903506
15.0297 0.506243
15.1292 1.07027
15.2287 1.60836
15.3283 2.11842
15.4278 2.58626
15.5273 2.98974
15.6269 3.30752
15.7264 3.52715
15.8259 3.64814
15.9255 3.67901
16.025 3.63088
16.1245 3.51178
16.2241 3.32514
16.3236 3.07255
16.4232 2.75846
16.5227 2.39308
16.6222 1.99121
16.7218 1.5676
16.8213 1.1318
16.9208 0.686013
17.0204 0.227587
17.1199 -0.245049
17.2194 -0.726598
17.319 -1.20284
17.4185 -1.65382
17.518 -2.06068
17.6176 -2.41232
17.7171 -2.708
17.8166 -2.95447
17.9162 -3.15914
18.0157 -3.32325
18.1152 -3.43884
18.2148 -3.49114
18.3143 -3.46499
18.4138 -3.35155
18.5134 -3.1518
18.6129 -2.87516
18.7124 -2.53466
18.812 -2.14174
18.9115 -1.70381
19.011 -1.22574
19.1106 -0.713816
19.2101 -0.179331
19.3096 0.360977
19.4092 0.888104
19.5087 1.38588
19.6082 1.84492
19.7078 2.26303
19.8073 2.6416
19.9069 2.98015
20.0064 3.27206
20.1059 3.50404
20.2055 3.65981
20.305 3.72581
20.4045 3.6961
20.5041 3.57397
20.6036 3.3697
20.7031 3.09626
20.8027 2.76546
20.9022 2.38652
21.0017 1.96739
21.1013 1.5171
21.2008 1.04706
21.3003 0.570087
21.3999 0.0973462
21.4994 -0.364663
21.5989 -0.815033
21.6985 -1.25618
21.798 -1.68928
21.8975 -2.10985
21.9971 -2.50586
22.0966 -2.85984
22.1961 -3.15379
22.2957 -3.37464
22.3952 -3.51736
22.4947 -3.58436
22.5943 -3.5816
22.6938 -3.51397
22.7933 -3.38223
22.8929 -3.1834
22.9924 -2.91391
23.0919 -2.57385
23.1915 -2.16984
23.291 -1.71517
23.3905 -1.22729
23.4901 -0.724325
23.5896 -0.222261
23.6892 0.266015
23.7887 0.730053
23.8882 1.16076
23.9878 1.55016
24.0873 1.89238
24.1868 2.1853
24.2864 2.43129
24.3859 2.63619
24.4854 2.80625
24.585 2.94439
24.6845 3.04757
24.784 3.1068
24.8836 3.11002
24.9831 3.04669
25.0826 2.91213
25.1822 2.70964
25.2817 2.44981
25.3812 2.1473
25.4808 1.81697
25.5803 1.47084
25.6798 1.11689
25.7794 0.759841
25.8789 0.40272
25.9784 0.0484896
26.078 -0.299238
26.1775 -0.636318
26.277 -0.95863
26.3766 -1.26251
26.4761 -1.54477
26.5756 -1.80234
26.6752 -2.03193
26.7747 -2.22981
26.8742 -2.39196
26.9738 -2.51437
27.0733 -2.59335
27.1729 -2.62584
27.2724 -2.60985
27.3719 -2.54511
27.4715 -2.43365
27.571 -2.28025
27.6705 -2.09201
27.7701 -1.8772
27.8696 -1.64345
27.9691 -1.39608
28.0687 -1.13747
28.1682 -0.867794
28.2677 -0.586852
28.3673 -0.296207
28.4668 -0.000393963
28.5663 0.293425
28.6659 0.577249
28.7654 0.844523
28.8649 1.09164
28.9645 1.31782
29.064 1.52335
29.1635 1.70722
29.2631 1.86552
29.3626 1.9917
29.4621 2.07871
29.5617 2.12218
29.6612 2.123
29.7607 2.08789
29.8603 2.02761
29.9598 1.95351
30.0593 1.87372
30.1589 1.79069
30.2584 1.70091
30.3579 1.59661
30.4575 1.46859
30.557 1.30907
30.6566 1.11361
30.7561 0.881936
30.8556 0.617957
30.9552 0.329341
31.0547 0.0268929
31.1542 -0.276367
31.2538 -0.566688
31.3533 -0.831654
31.4528 -1.06245
31.5524 -1.25558
31.6519 -1.4132
31.7514 -1.54181
31.851 -1.64954
31.9505 -1.74298
32.05 -1.82477
32.1496 -1.89277
32.2491 -1.94098
32.3486 -1.96172
32.4482 -1.94811
32.5477 -1.89594
32.6472 -1.80458
32.7468 -1.67677
32.8463 -1.51797
32.9458 -1.33537
33.0454 -1.137
33.1449 -0.930839
33.2444 -0.723834
33.344 -0.520835
33.4435 -0.323809
33.543 -0.131676
33.6426 0.0588881
33.7421 0.251746
33.8416 0.44917
33.9412 0.650075
34.0407 0.849315
34.1402 1.0384
34.2398 1.2074
34.3393 1.34737
34.4389 1.45243
34.5384 1.52078
34.6379 1.55448
34.7375 1.55831
34.837 1.53799
34.9365 1.49875
35.0361 1.44434
35.1356 1.37677
35.2351 1.29662
35.3347 1.20358
35.4342 1.09708
35.5337 0.976799
35.6333 0.84305
35.7328 0.697
35.8323 0.540817
35.9319 0.377662
36.0314 0.21152
36.1309 0.0468392
36.2305 -0.111992
36.33 -0.26124
36.4295 -0.398344
36.5291 -0.522194
36.6286 -0.63304
36.7281 -0.732013
36.8277 -0.820358
36.9272 -0.898613
37.0267 -0.966018
37.1263 -1.0204
37.2258 -1.05865
37.3253 -1.07756
37.4249 -1.07489
37.5244 -1.05012
37.6239 -1.00466
37.7235 -0.941478
37.823 -0.864344
37.9226 -0.776983
38.0221 -0.68252
38.1216 -0.583361
38.2212 -0.481408
38.3207 -0.378383
38.4202 -0.275981
38.5198 -0.175761
38.6193 -0.0788689
38.7188 0.014162
38.8184 0.103312
38.9179 0.188649
39.0174 0.269747
39.117 0.345284
39.2165 0.413063
39.316 0.470526
39.4156 0.51552
39.5151 0.546966
39.6146 0.565097
39.7142 0.571175
39.8137 0.566862
39.9132 0.553605
40.0128 0.53235
40.1123 0.503676
40.2118 0.468213
40.3114 0.427024
40.4109 0.381675
40.5104 0.333947
40.61 0.285364
40.7095 0.236831
40.809 0.18862
40.9086 0.140715
41.0081 0.0933023
41.1076 0.0470999
41.2072 0.00331416
41.3067 -0.0367504
41.4062 -0.0721914
41.5058 -0.102805
41.6053 -0.128994
41.7049 -0.151338
41.8044 -0.170098
41.9039 -0.184966
42.0035 -0.195215
42.103 -0.200183
42.2025 -0.199779
42.3021 -0.194716
42.4016 -0.186305
42.5011 -0.175939
42.6007 -0.164557
42.7002 -0.152397
42.7997 -0.139175
42.8993 -0.124559
42.9988 -0.108619
43.0983 -0.0920003
43.1979 -0.0756863
43.2974 -0.0605341
43.3969 -0.0468679
43.4965 -0.0343993
43.596 -0.0225249
43.6955 -0.0108155
43.7951 0.000612
43.8946 0.0110797
43.9941 0.0197069
44.0937 0.0259227
44.1932 0.0298163
44.2927 0.0321063
44.3923 0.0337421
44.4918 0.0353815
44.5913 0.0370593
44.6909 0.0382472
44.7904 0.0382594
44.8899 0.0367459
44.9895 0.0339659
45.089 0.030671
45.1886 0.0276768
45.2881 0.0253943
45.3876 0.0236177
45.4872 0.0217029
45.5867 0.0190243
45.6862 0.0154224
45.7858 0.0113568
45.8853 0.00766716
45.9848 0.00508567
46.0844 0.00380579
46.1839 0.00337491
46.2834 0.00298001
46.383 0.00194972
46.4825 0.000161927
46.582 -0.00189503
46.6816 -0.00344326
46.7811 -0.00391579
46.8806 -0.00332294
46.9802 -0.00225521
47.0797 -0.00152173
47.1792 -0.00165131
47.2788 -0.00256911
47.3783 -0.00365211
47.4778 -0.00412885
47.5774 -0.00357314
47.6769 -0.00218224
47.7764 -0.000664295
47.876 0.000195286
47.9755 1.80834e-05
48.075 -0.000935434
48.1746 -0.00193172
48.2741 -0.00222455
48.3736 -0.00152258
48.4732 -0.000171867
48.5727 0.00106077
48.6723 0.00146811
48.7718 0.000846175
48.8713 -0.000376497
48.9709 -0.00140515
49.0704 -0.00157434
49.1699 -0.000762979
49.2695 0.000530913
49.369 0.00150264
49.4685 0.00154528
49.5681 0.000630713
49.6676 -0.000671425
49.7671 -0.00154891
49.8667 -0.0014544
49.9662 -0.000447825
50.0657 0.000840718
50.1653 0.00160465
50.2648 0.0013653
50.3643 0.000271474
50.4639 -0.000993186
50.5634 -0.00163757
50.6629 -0.00125798
50.7625 -9.10184e-05
50.862 0.00113389
50.9615 0.00165044
51.0611 0.00113486
51.1606 -9.11748e-05
51.2601 -0.00126122
51.3597 -0.00164322
51.4592 -0.000997478
51.5587 0.000272887
51.6583 0.00137364
51.7578 0.00161595
51.8573 0.000847469
51.9569 -0.000451917
52.0564 -0.00146973
52.1559 -0.00156892
52.2555 -0.000686609
52.355 0.000626091
52.4546 0.00154828
52.5541 0.00150263
52.6536 0.000516806
52.7532 -0.000793291
52.8527 -0.00160829
52.9522 -0.00141782
53.0518 -0.000340079
53.1513 0.000951475
53.2508 0.00164897
53.3504 0.00131544
53.4499 0.000158534
53.5494 -0.00109871
53.649 -0.00166976
53.7485 -0.00119666
53.848 2.56592e-05
53.9476 0.00123317
54.0471 0.00167034
54.1466 0.00106285
54.2462 -0.000210295
54.3457 -0.0013532
54.4452 -0.00165062
54.5448 -0.000915566
54.6443 0.000393154
54.7438 0.0014573
54.8434 0.00161076
54.9429 0.000756521
55.0424 -0.000572031
55.142 -0.00154414
55.2415 -0.00155115
55.341 -0.000587578
55.4406 0.000744763
55.5401 0.00161262
55.6396 0.00147243
55.7392 0.000410721
55.8387 -0.000909248
55.9383 -0.00166184
56.0378 -0.00137545
56.1373 -0.000228036
56.2369 0.00106348
56.3364 0.00169111
56.4359 0.0012613
56.5355 4.16864e-05
56.635 -0.00120555
56.7345 -0.00169999
56.8341 -0.00113126
56.9336 0.000146112
57.0331 0.00133372
57.1327 0.00168828
57.2322 0.000986813
57.3317 -0.000333118
57.4313 -0.00144637
57.5308 -0.001656
57.6303 -0.00082961
57.7299 0.000517089
57.8294 0.00154207
57.9289 0.00160345
58.0285 0.000661467
58.128 -0.000695809
58.2275 -0.00161959
58.3271 -0.00153113
58.4266 -0.000484335
58.5261 0.000867111
58.6257 0.0016779
58.7252 0.00143981
58.8247 0.000300281
58.9243 -0.00102891
59.0238 -0.00171619
59.1233 -0.00133046
59.2229 -0.000111461
59.3224 0.00117921
59.422 0.00173389
59.5215 0.00120428
59.621 -7.98958e-05
59.7206 -0.00131615
59.8201 -0.00173067
59.9196 -0.00106268
60.0192 0.000271523
60.1187 0.00143801
60.2182 0.00170641
60.3178 0.00090724
60.4173 -0.000461135
60.5168 -0.00154324
60.6164 -0.00166129
60.7159 -0.000739728
60.8154 0.000646458
60.915 0.00163047
61.0145 0.00159569
61.114 0.000562058
61.2136 -0.000825251
61.3131 -0.00169854
61.4126 -0.00151025
61.5122 -0.000376276
61.6117 0.000995339
61.7112 0.0017465
61.8108 0.00140584
61.9103 0.000184538
62.0098 -0.00115463
62.1094 -0.00177363
62.2089 -0.00128358
62.3084 1.09173e-05
62.408 0.00130115
62.5075 0.00177944
62.607 0.00114478
62.7066 -0.000207792
62.8061 -0.00143304
62.9056 -0.00176371
63.0052 -0.000990961
63.1047 0.000403753
63.2043 0.00154863
63.3038 0.00172644
63.4033 0.00082383
63.5029 -0.000596461
63.6024 -0.00164641
63.7019 -0.00166791
63.8015 -0.000645265
63.901 0.000783597
64.0005 0.00172505
64.1001 0.00158861
64.1996 0.000457291
64.2991 -0.000962887
64.3987 -0.00178346
64.4982 -0.00148932
64.5977 -0.000262059
64.6973 0.00113213
64.7968 0.00182076
64.8963 0.00137103
64.9959 6.18248e-05
65.0954 -0.00128922
65.1949 -0.00183631
65.2945 -0.00123497
65.394 0.00014108
65.4935 0.00143217
65.5931 0.00182972
65.6926 0.00108259
65.7921 -0.000344272
65.8917 -0.00155916
65.9912 -0.00180085
66.0907 -0.000915529
66.1903 0.000545339
66.2898 0.00166851
66.3893 0.00174982
66.4889 0.000735632
66.5884 -0.000741873
66.688 -0.00175874
66.7875 -0.001677
66.887 -0.000544897
66.9866 0.000931494
67.0861 0.00182859
67.1856 0.00158304
67.2852 0.000345473
67.3847 -0.00111188
67.4842 -0.001877
67.5838 -0.00146881
67.6833 -0.000139629
67.7828 0.00128078
67.8824 0.00190316
67.9819 0.00133545
68.0814 -7.02651e-05
68.181 -0.00143608
68.2805 -0.00190651
68.38 -0.00118431
68.4796 0.000281767
68.5791 0.00157576
68.6786 0.00188674
68.7782 0.00101697
68.8777 -0.00049239
68.9772 -0.00169799
69.0768 -0.0018438
69.1763 -0.000835235
69.2758 0.000699626
69.3754 0.0018011
69.4749 0.00177793
69.5744 0.000641068
69.674 -0.000900978
69.7735 -0.00188364
69.873 -0.00168962
69.9726 -0.000436613
70.0721 0.00109399
70.1716 0.00194437
70.2712 0.00157961
70.3707 0.000224159
70.4703 -0.00127626
70.5698 -0.00198227
70.6693 -0.00144893
70.7689 -6.11269e-06
70.8684 0.0014455
70.9679 0.0019966
71.0675 0.00129885
71.167 -0.000215021
71.2665 -0.00159951
71.3661 -0.00198686
71.4656 -0.00113086
71.5651 0.000436671
71.6647 0.00173627
71.7642 0.00195282
71.8637 0.0009467
71.9633 -0.000656221
72.0628 -0.00185392
72.1623 -0.00189453
72.2619 -0.000748315
72.3614 0.000871048
72.4609 0.00195077
72.5605 0.00181233
72.66 0.000537836
72.7595 -0.00107854
72.8591 -0.00202537
72.9586 -0.00170683
73.0581 -0.000317565
73.1577 0.00127614
73.2572 0.00207651
73.3567 0.0015789
73.4563 8.99508e-05
73.5558 -0.00146135
73.6553 -0.00210319
73.7549 -0.00142971
73.8544 0.000142438
73.954 0.00163179
74.0535 0.00210472
74.153 0.00126067
74.2526 -0.000376936
74.3521 -0.0017852
74.4516 -0.00208066
74.5512 -0.00107344
74.6507 0.000610813
74.7502 0.0019195
74.8498 0.00203086
74.9493 0.000869921
75.0488 -0.000841301
75.1484 -0.00203277
75.2479 -0.00195547
75.3474 -0.000652231
75.447 0.00106563
75.5465 0.0021233
75.646 0.00185492
75.7456 0.000422682
75.8451 -0.00128103
75.9446 -0.00218962
76.0442 -0.00172994
76.1437 -0.00018376
76.2432 0.00148482
76.3428 0.00223051
76.4423 0.00158154
76.5418 -6.18963e-05
76.6414 -0.00167438
76.7409 -0.002245
76.8404 -0.00141104
76.94 0.000311526
77.0395 0.00184721
77.139 0.00223242
77.2386 0.00122001
77.3381 -0.000562272
77.4377 -0.00200095
77.5372 -0.00219239
77.6367 -0.00101029
77.7363 0.00081121
77.8358 0.00213341
77.9353 0.00212481
78.0349 0.000783963
78.1344 -0.00105538
78.2339 -0.0022426
78.3335 -0.00202993
78.433 -0.000543343
78.5325 0.00129182
78.6321 0.00232676
78.7316 0.00190827
78.8311 0.00029095
78.9307 -0.00151759
79.0302 -0.00238435
79.1297 -0.0017607
79.2293 -2.94882e-05
79.3288 0.00172981
79.4283 0.00241414
79.5279 0.00158836
79.6274 -0.000238181
79.7269 -0.0019257
79.8265 -0.00241514
79.926 -0.00139272
80.0255 0.000509065
80.1251 0.0021026
80.2246 0.0023867
80.3241 0.00117553
80.4237 -0.00078007
80.5232 -0.00225799
80.6227 -0.00232844
80.7223 -0.000938832
80.8218 0.00104803
80.9213 0.00238955
81.0209 0.00224035
81.1204 0.000684909
81.22 -0.00130976
81.3195 -0.00249517
81.419 -0.00212272
81.5186 -0.000416303
81.6181 0.00156203
81.7176 0.00257297
81.8172 0.00197618
81.9167 0.000135775
82.0162 -0.00180168
82.1158 -0.00262134
82.2153 -0.00180171
82.3148 0.000153717
82.4144 0.00202559
82.5139 0.00263894
82.6134 0.00160059
82.713 -0.000449043
82.8125 -0.00223074
82.912 -0.00262477
83.0116 -0.00137445
83.1111 0.000746932
83.2106 0.00241424
83.3102 0.00257811
83.4097 0.00112523
83.5092 -0.001044
83.6088 -0.00257338
83.7083 -0.00249861
83.8078 -0.000855179
83.9074 0.00133679
84.0069 0.0027056
84.1064 0.00238624
84.206 0.000566809
84.3055 -0.00162178
84.405 -0.00280862
84.5046 -0.00224135
84.6041 -0.000262917
84.7037 0.00189546
84.8032 0.00288036
84.9027 0.00206463
85.0023 -5.34611e-05
85.1018 -0.00215434
85.2013 -0.00291906
85.3009 -0.00185715
85.4004 0.00037907
85.4999 0.00239498
85.5995 0.00292324
85.699 0.00162032
85.7985 -0.000710461
85.8981 -0.00261404
85.9976 -0.00289175
86.0971 -0.00135593
86.1967 0.00104403
86.2962 0.00280831
86.3957 0.00282379
86.4953 0.00106607
86.5948 -0.00137603
86.6943 -0.00297475
86.7939 -0.00271891
86.8934 -0.000753216
86.9929 0.00170262
87.0925 0.00311051
87.192 0.00257703
87.2915 0.000420114
87.3911 -0.00201991
87.4906 -0.00321297
87.5901 -0.00239846
87.6897 -6.98278e-05
87.7892 0.00232397
87.8887 0.00327979
87.9883 0.0021839
88.0878 -0.000294307
88.1873 -0.00261088
88.2869 -0.00330889
88.3864 -0.00193444
88.486 0.000668707
88.5855 0.00287676
88.685 0.00329851
88.7846 0.00165153
88.8841 -0.00104956
88.9836 -0.00311784
89.0832 -0.00324725
89.1827 -0.00133705
89.2822 0.00143288
89.3818 0.00333042
89.4813 0.00315404
89.5808 0.000993211
89.6804 -0.00181449
89.7799 -0.003511
89.8794 -0.00301819
89.979 -0.000622619
90.0785 0.00219012
90.178 0.00365624
90.2776 0.00283941
90.3771 0.000228213
90.4766 -0.00255536
90.5762 -0.00376302
90.6757 -0.00261778
90.7752 0.000186735
90.8748 0.00290579
90.9743 0.00382847
91.0738 0.00235381
91.1734 -0.000618647
91.2729 -0.00323692
91.3724 -0.00385001
91.472 -0.00204838
91.5715 0.00106366
91.671 0.00354431
91.7706 0.00382531
91.8701 0.00170281
91.9697 -0.00151765
92.0692 -0.00382354
92.1687 -0.00375242
92.2683 -0.00131877
92.3678 0.00197628
92.4673 0.00407027
92.5669 0.00362966
92.6664 0.000898347
92.7659 -0.002435
92.8655 -0.00428028
92.965 -0.00345574
93.0645 -0.000443971
93.1641 0.00288911
93.2636 0.00444945
93.3631 0.00322969
93.4627 -4.15796e-05
93.5622 -0.00333376
93.6617 -0.00457386
93.7613 -0.00295088
93.8608 0.000555208
93.9603 0.00376401
94.0599 0.00464972
94.1594 0.00261902
94.2589 -0.00109354
94.3585 -0.00417487
94.458 -0.00467346
94.5575 -0.00223413
94.6571 0.00165293
94.7566 0.00456129
94.8561 0.00464167
94.9557 0.00179651
95.0552 -0.00222958
95.1547 -0.0049182
95.2543 -0.0045511
95.3538 -0.00130669
95.4534 0.00281948
95.5529 0.00524058
95.6524 0.00439868
95.752 0.000765369
95.8515 -0.00341857
95.951 -0.00552339
96.0506 -0.0041814
96.1501 -0.000173345
96.2496 0.00402275
96.3492 0.00576165
96.4487 0.00389629
96.5482 -0.00046863
96.6478 -0.004628
96.7473 -0.00595039
96.8468 -0.00354028
96.9464 0.00115999
97.0459 0.00523044
97.1454 0.00608462
97.245 0.00311004
97.3445 -0.00190058
97.444 -0.00582652
97.5436 -0.00615927
97.6431 -0.00260173
97.7426 0.00269095
97.8422 0.00641312
97.9417 0.00616913
98.0412 0.00201062
98.1408 -0.00353282
98.2403 -0.00698787
98.3398 -0.00610859
98.4394 -0.00133056
98.5389 0.00442972
98.6384 0.00754942
98.738 0.00597145
98.8375 0.000553092
98.937 -0.00538802
99.0366 -0.00809804
99.1361 -0.00575046
99.2357 0.000333931
99.3352 0.00641861
99.4347 0.00863648
99.5343 0.00543658
99.6338 -0.00134869
99.7333 -0.00753981
99.8329 -0.00917165
99.9324 -0.00501781
100.032 0.00251964
100.131 0.00878279
100.231 0.00971783
100.331 0.00447695
100.43 -0.00389392
100.53 -0.0102028
100.629 -0.0103037
100.729 -0.00378724
100.828 0.00555577
100.928 0.011905
101.027 0.01099
101.127 0.00290218
101.226 -0.00767441
101.326 -0.0141172
101.425 -0.011923
101.525 -0.00172721
101.624 0.0106695
101.724 0.0175003
101.824 0.0137368
