0 -0.00202222
0.0995343 -0.0255685
0.199069 -0.0523532
0.298603 -0.0701645
0.398137 -0.0647259
0.497671 -0.0244954
0.597206 0.0541192
0.69674 0.162833
0.796274 0.28049
0.895808 0.376015
0.995343 0.415195
1.09488 0.369811
1.19441 0.226566
1.29395 -0.00702955
1.39348 -0.301884
1.49301 -0.612034
1.59255 -0.883241
1.69208 -1.06254
1.79162 -1.10589
1.89115 -0.982607
1.99069 -0.677564
2.09022 -0.19407
2.18975 0.440018
2.28929 1.16272
2.38882 1.86894
2.48836 2.4097
2.58789 2.60827
2.68742 2.29757
2.78696 1.37528
2.88649 -0.137278
2.98603 -2.05403
3.08556 -4.02307
3.1851 -5.57928
3.28463 -6.24788
3.38416 -5.67647
3.4837 -3.75765
3.58323 -0.700565
3.68277 2.98006
3.7823 6.56467
3.88184 9.29786
3.98137 10.5789
4.0809 10.117
4.18044 8.0025
4.27997 4.67293
4.37951 0.784515
4.47904 -2.96679
4.57858 -6.01712
4.67811 -8.04662
4.77764 -9.00296
4.87718 -9.04114
4.97671 -8.41353
5.07625 -7.35822
5.17578 -6.02787
5.27532 -4.47932
5.37485 -2.71608
5.47438 -0.753793
5.57392 1.32776
5.67345 3.37223
5.77299 5.17847
5.87252 6.55929
5.97206 7.39752
6.07159 7.67308
6.17112 7.44998
6.27066 6.83295
6.37019 5.91745
6.46973 4.75906
6.56926 3.37646
6.6688 1.78403
6.76833 0.0337675
6.86786 -1.75877
6.9674 -3.42203
7.06693 -4.76977
7.16647 -5.65891
7.266 -6.03733
7.36553 -5.95919
7.46507 -5.56
7.5646 -5.00226
7.66414 -4.41567
7.76367 -3.8571
7.86321 -3.30575
7.96274 -2.69192
8.06227 -1.94319
8.16181 -1.0259
8.26134 0.0356299
8.36088 1.16717
8.46041 2.2722
8.55995 3.26346
8.65948 4.08391
8.75901 4.71033
8.85855 5.14255
8.95808 5.38738
9.05762 5.44713
9.15715 5.31715
9.25669 4.99074
9.35622 4.46577
9.45575 3.74787
9.55529 2.84907
9.65482 1.78525
9.75436 0.577264
9.85389 -0.741937
9.95343 -2.11692
10.053 -3.46291
10.1525 -4.66979
10.252 -5.61969
10.3516 -6.2143
10.4511 -6.40161
10.5506 -6.19113
10.6502 -5.65033
10.7497 -4.88329
10.8492 -4.00026
10.9488 -3.08987
11.0483 -2.20415
11.1478 -1.35946
11.2474 -0.549401
11.3469 0.238534
11.4464 1.0107
11.546 1.76318
11.6455 2.48426
11.745 3.15884
11.8446 3.77045
11.9441 4.29956
12.0436 4.7208
12.1432 5.00298
12.2427 5.11424
12.3422 5.03146
12.4418 4.74931
12.5413 4.28408
12.6409 3.66971
12.7404 2.94776
12.8399 2.15627
12.9395 1.32343
13.039 0.468622
13.1385 -0.390707
13.2381 -1.23156
13.3376 -2.02281
13.4371 -2.72996
13.5367 -3.32497
13.6362 -3.79527
13.7357 -4.14614
13.8353 -4.39411
13.9348 -4.55426
14.0343 -4.62823
14.1339 -4.5999
14.2334 -4.44186
14.3329 -4.12994
14.4325 -3.65858
14.532 -3.04903
14.6315 -2.34602
14.7311 -1.60422
14.8306 -0.87141
14.9301 -0.176299
15.0297 0.473517
15.1292 1.08363
15.2287 1.66021
15.3283 2.19994
15.4278 2.68774
15.5273 3.10276
15.6269 3.42831
15.7264 3.65967
15.8259 3.80498
15.9255 3.87914
16.025 3.89419
16.1245 3.85201
16.2241 3.74342
16.3236 3.55387
16.4232 3.27247
16.5227 2.89906
16.6222 2.44584
16.7218 1.93297
16.8213 1.38136
16.9208 0.80704
17.0204 0.22004
17.1199 -0.371997
17.2194 -0.958472
17.319 -1.52263
17.4185 -2.04296
17.518 -2.49877
17.6176 -2.87681
17.7171 -3.17506
17.8166 -3.40145
17.9162 -3.56802
18.0157 -3.68368
18.1152 -3.74944
18.2148 -3.75831
18.3143 -3.6996
18.4138 -3.56466
18.5134 -3.35104
18.6129 -3.06268
18.7124 -2.70691
18.812 -2.29063
18.9115 -1.81833
19.011 -1.29352
19.1106 -0.7226
19.2101 -0.118506
19.3096 0.498447
19.4092 1.10361
19.5087 1.67366
19.6082 2.19199
19.7078 2.65098
19.8073 3.05012
19.9069 3.391
20.0064 3.67217
20.1059 3.88663
20.2055 4.02317
20.305 4.07066
20.4045 4.02273
20.5041 3.8804
20.6036 3.6513
20.7031 3.34656
20.8027 2.97722
20.9022 2.55236
21.0017 2.07968
21.1013 1.56765
21.2008 1.02739
21.3003 0.472633
21.3999 -0.0824296
21.4994 -0.62619
21.5989 -1.15156
21.6985 -1.65533
21.798 -2.13507
21.8975 -2.5852
21.9971 -2.99447
22.0966 -3.34674
22.1961 -3.62465
22.2957 -3.81487
22.3952 -3.91208
22.4947 -3.91988
22.5943 -3.84829
22.6938 -3.7092
22.7933 -3.51204
22.8929 -3.26168
22.9924 -2.95913
23.0919 -2.60407
23.1915 -2.19769
23.291 -1.74408
23.3905 -1.25009
23.4901 -0.724156
23.5896 -0.17546
23.6892 0.385715
23.7887 0.946618
23.8882 1.49077
23.9878 1.99819
24.0873 2.4477
24.1868 2.82103
24.2864 3.10681
24.3859 3.30297
24.4854 3.41612
24.585 3.45837
24.6845 3.44271
24.784 3.37912
24.8836 3.27267
24.9831 3.12413
25.0826 2.93222
25.1822 2.69623
25.2817 2.41776
25.3812 2.10113
25.4808 1.75263
25.5803 1.37956
25.6798 0.989399
25.7794 0.58954
25.8789 0.187258
25.9784 -0.210404
26.078 -0.597
26.1775 -0.967083
26.277 -1.31631
26.3766 -1.641
26.4761 -1.93732
26.5756 -2.2006
26.6752 -2.42534
26.7747 -2.60616
26.8742 -2.73926
26.9738 -2.82372
27.0733 -2.86175
27.1729 -2.85758
27.2724 -2.81542
27.3719 -2.73741
27.4715 -2.62266
27.571 -2.46793
27.6705 -2.26976
27.7701 -2.02701
27.8696 -1.74272
27.9691 -1.42436
28.0687 -1.08254
28.1682 -0.728586
28.2677 -0.372328
28.3673 -0.0207655
28.4668 0.321949
28.5663 0.653516
28.6659 0.972113
28.7654 1.27528
28.8649 1.5594
28.9645 1.81966
29.064 2.0504
29.1635 2.24556
29.2631 2.39913
29.3626 2.50591
29.4621 2.56235
29.5617 2.56751
29.6612 2.52362
29.7607 2.43595
29.8603 2.3118
29.9598 2.15891
30.0593 1.98386
30.1589 1.79111
30.2584 1.5831
30.3579 1.3611
30.4575 1.12642
30.557 0.881196
30.6566 0.628267
30.7561 0.370382
30.8556 0.109215
30.9552 -0.15502
31.0547 -0.422909
31.1542 -0.694241
31.2538 -0.966151
31.3533 -1.23193
31.4528 -1.48124
31.5524 -1.70178
31.6519 -1.88201
31.7514 -2.01374
31.851 -2.09388
31.9505 -2.12451
32.05 -2.11164
32.1496 -2.06307
32.2491 -1.98637
32.3486 -1.88748
32.4482 -1.7704
32.5477 -1.6377
32.6472 -1.49129
32.7468 -1.33324
32.8463 -1.16597
32.9458 -0.992008
33.0454 -0.813453
33.1449 -0.63143
33.2444 -0.445901
33.344 -0.255978
33.4435 -0.0607016
33.543 0.139928
33.6426 0.344021
33.7421 0.547347
33.8416 0.743603
33.9412 0.925433
34.0407 1.08595
34.1402 1.22029
34.2398 1.32661
34.3393 1.40623
34.4389 1.4627
34.5384 1.50032
34.6379 1.52243
34.7375 1.53029
34.837 1.52289
34.9365 1.49761
35.0361 1.45153
35.1356 1.38258
35.2351 1.29033
35.3347 1.176
35.4342 1.04196
35.5337 0.891126
35.6333 0.726574
35.7328 0.551558
35.8323 0.369855
35.9319 0.186044
36.0314 0.00542967
36.1309 -0.166558
36.2305 -0.3253
36.33 -0.467889
36.4295 -0.593568
36.5291 -0.703474
36.6286 -0.799752
36.7281 -0.884388
36.8277 -0.958226
36.9272 -1.02054
37.0267 -1.0693
37.1263 -1.1019
37.2258 -1.1161
37.3253 -1.11071
37.4249 -1.08578
37.5244 -1.04244
37.6239 -0.98235
37.7235 -0.907267
37.823 -0.818772
37.9226 -0.718366
38.0221 -0.60777
38.1216 -0.489286
38.2212 -0.365983
38.3207 -0.241599
38.4202 -0.120158
38.5198 -0.00541606
38.6193 0.0996672
38.7188 0.193267
38.8184 0.274738
38.9179 0.344384
39.0174 0.403046
39.117 0.45168
39.2165 0.491034
39.316 0.52152
39.4156 0.543254
39.5151 0.556205
39.6146 0.560359
39.7142 0.555827
39.8137 0.542892
39.9132 0.522009
40.0128 0.493802
40.1123 0.459081
40.2118 0.418862
40.3114 0.374357
40.4109 0.326907
40.5104 0.277854
40.61 0.228384
40.7095 0.179428
40.809 0.131641
40.9086 0.0854819
41.0081 0.0413502
41.1076 -0.000298519
41.2072 -0.0389129
41.3067 -0.0738992
41.4062 -0.10473
41.5058 -0.131047
41.6053 -0.152699
41.7049 -0.169705
41.8044 -0.182181
41.9039 -0.190278
42.0035 -0.19418
42.103 -0.194148
42.2025 -0.190581
42.3021 -0.184031
42.4016 -0.175133
42.5011 -0.164497
42.6007 -0.152588
42.7002 -0.139682
42.7997 -0.125914
42.8993 -0.111389
42.9988 -0.0962995
43.0983 -0.0809707
43.1979 -0.0658159
43.2974 -0.0512268
43.3969 -0.0374709
43.4965 -0.024657
43.596 -0.012791
43.6955 -0.00188135
43.7951 0.00797415
43.8946 0.0165793
43.9941 0.0237172
44.0937 0.0292664
44.1932 0.0332817
44.2927 0.0359861
44.3923 0.0376724
44.4918 0.0385743
44.5913 0.0387833
44.6909 0.0382614
44.7904 0.0369412
44.8899 0.0348476
44.9895 0.0321626
45.089 0.0291888
45.1886 0.0262297
45.2881 0.0234611
45.3876 0.0208714
45.4872 0.0183114
45.5867 0.0156228
45.6862 0.0127683
45.7858 0.00988314
45.8853 0.00721549
45.9848 0.00499272
46.0844 0.00329671
46.1839 0.00202518
46.2834 0.000963258
46.383 -7.96639e-05
46.4825 -0.00115326
46.582 -0.00214276
46.6816 -0.00285276
46.7811 -0.00314492
46.8806 -0.00304184
46.9802 -0.00273004
47.0797 -0.0024587
47.1792 -0.00239646
47.2788 -0.00253619
47.3783 -0.0027081
47.4778 -0.00269416
47.5774 -0.00237281
47.6769 -0.00180333
47.7764 -0.00119634
47.876 -0.000788007
47.9755 -0.000696262
48.075 -0.000849238
48.1746 -0.00103148
48.2741 -0.00101983
48.3736 -0.000724392
48.4732 -0.000246159
48.5727 0.000185398
48.6723 0.000356243
48.7718 0.00020328
48.8713 -0.000143822
48.9709 -0.000441481
49.0704 -0.000483076
49.1699 -0.000227621
49.2695 0.000174661
49.369 0.00047658
49.4685 0.000489591
49.5681 0.00020345
49.6676 -0.000205451
49.7671 -0.000483016
49.8667 -0.000455989
49.9662 -0.0001409
50.0657 0.000265295
50.1653 0.000507724
50.2648 0.000433091
50.3643 8.63269e-05
50.4639 -0.000316582
50.5634 -0.000523204
50.6629 -0.000402847
50.7625 -2.9213e-05
50.862 0.000364736
50.9615 0.000532056
51.0611 0.000366636
51.1606 -2.95181e-05
51.2601 -0.000409181
51.3597 -0.000534212
51.4592 -0.000324942
51.5587 8.90755e-05
51.6583 0.000449271
51.7578 0.000529558
51.8573 0.000278258
51.9569 -0.000148665
52.0564 -0.000484401
52.1559 -0.000518056
52.2555 -0.000227134
52.355 0.00020749
52.4546 0.000514027
52.5541 0.000499754
52.6536 0.000172183
52.7532 -0.000264754
52.8527 -0.00053767
52.9522 -0.00047479
53.0518 -0.000114073
53.1513 0.00031968
53.2508 0.000554928
53.3504 0.000443394
53.4499 5.35221e-05
53.5494 -0.000371511
53.649 -0.000565481
53.7485 -0.000405881
53.848 8.71626e-06
53.9476 0.000419526
54.0471 0.000569095
54.1466 0.00036265
54.2462 -7.18576e-05
54.3457 -0.000463049
54.4452 -0.000565624
54.5448 -0.000314179
54.6443 0.000135099
54.7438 0.000501454
54.8434 0.000555012
54.9429 0.000261021
55.0424 -0.000197628
55.142 -0.000534178
55.2415 -0.000537299
55.341 -0.000203791
55.4406 0.000258636
55.5401 0.000560724
55.6396 0.000512613
55.7392 0.000143165
55.8387 -0.000317322
55.9383 -0.000580671
56.0378 -0.000481177
56.1373 -7.98682e-05
56.2369 0.000372912
56.3364 0.000593679
56.4359 0.000443298
56.5355 1.46677e-05
56.635 -0.00042466
56.7345 -0.000599491
56.8341 -0.000399371
56.9336 5.16382e-05
57.0331 0.000471864
57.1327 0.000597942
57.2322 0.000349872
57.3317 -0.000118229
57.4313 -0.000513872
57.5308 -0.000588956
57.6303 -0.00029535
57.7299 0.000184274
57.8294 0.00055009
57.9289 0.00057255
58.0285 0.000236423
58.128 -0.000248938
58.2275 -0.000579991
58.3271 -0.000548835
58.4266 -0.000173773
58.5261 0.000311397
58.6257 0.000603122
58.7252 0.000518014
58.8247 0.000108132
58.9243 -0.000370846
59.0238 -0.000619111
59.1233 -0.000480382
59.2229 -4.02798e-05
59.3224 0.000426507
59.422 0.000627668
59.5215 0.000436319
59.621 -2.8971e-05
59.7206 -0.000477644
59.8201 -0.000628595
59.9196 -0.000386291
60.0192 9.87802e-05
60.1187 0.000523566
60.2182 0.000621784
60.3178 0.000330841
60.4173 -0.000168292
60.5168 -0.000563641
60.6164 -0.000607222
60.7159 -0.000270585
60.8154 0.000236646
60.915 0.000597302
61.0145 0.000584992
61.114 0.000206206
61.2136 -0.000302985
61.3131 -0.000624053
61.4126 -0.000555269
61.5122 -0.000138442
61.6117 0.000366469
61.7112 0.000643479
61.8108 0.000518326
61.9103 6.80844e-05
62.0098 -0.000426282
62.1094 -0.000655249
62.2089 -0.000474522
62.3084 4.03861e-06
62.408 0.000481644
62.5075 0.00065912
62.607 0.000424308
62.7066 -7.70659e-05
62.8061 -0.000531821
62.9056 -0.000654945
63.0052 -0.000368216
63.1047 0.000150116
63.2043 0.000576134
63.3038 0.000642671
63.4033 0.000306855
63.5029 -0.000222297
63.6024 -0.000613964
63.7019 -0.000622343
63.8015 -0.000240905
63.901 0.000292718
64.0005 0.000644767
64.1001 0.000594104
64.1996 0.000171111
64.2991 -0.000360496
64.3987 -0.000668074
64.4982 -0.000558194
64.5977 -9.82719e-05
64.6973 0.000424772
64.7968 0.000683504
64.8963 0.000514948
64.9959 2.32329e-05
65.0954 -0.000484718
65.1949 -0.000690764
65.2945 -0.000464793
65.394 5.31235e-05
65.4935 0.000539548
65.5931 0.000689655
65.6926 0.000408246
65.7921 -0.000129888
65.8917 -0.000588526
65.9912 -0.000680076
66.0907 -0.000345905
66.1903 0.000206135
66.2898 0.000630978
66.3893 0.000662029
66.4889 0.000278446
66.5884 -0.000280934
66.688 -0.0006663
66.7875 -0.000635613
66.887 -0.000206615
66.9866 0.000353358
67.0861 0.000693965
67.1856 0.000601032
67.2852 0.00013122
67.3847 -0.000422498
67.4842 -0.000713528
67.5838 -0.000558587
67.6833 -5.3122e-05
67.7828 0.000487471
67.8824 0.000724638
67.9819 0.000508678
68.0814 -2.67747e-05
68.181 -0.000547431
68.2805 -0.000727037
68.38 -0.0004518
68.4796 0.000107531
68.5791 0.000601582
68.6786 0.00072057
68.7782 0.000388536
68.8777 -0.000188186
68.9772 -0.000649183
69.0768 -0.000705181
69.1763 -0.000319555
69.2758 0.000267765
69.3754 0.000689563
69.4749 0.000680923
69.5744 0.000245602
69.674 -0.000345291
69.7735 -0.000722125
69.873 -0.000647952
69.9726 -0.000167491
70.0721 0.000419801
70.1716 0.000746356
70.2712 0.000606531
70.3707 8.60977e-05
70.4703 -0.000490351
70.5698 -0.000761835
70.6693 -0.000557025
70.7689 -2.35064e-06
70.8684 0.000556028
70.9679 0.000768236
71.0675 0.000499902
71.167 -8.27809e-05
71.2665 -0.000615965
71.3661 -0.000765338
71.4656 -0.000435724
71.5651 0.000168296
71.6647 0.000669349
71.7642 0.000753023
71.8637 0.000365149
71.9633 -0.000253174
72.0628 -0.00071543
72.1623 -0.000731284
72.2619 -0.000288918
72.3614 0.000336384
72.4609 0.000753534
72.5605 0.000700223
72.66 0.000207849
72.7595 -0.000416901
72.8591 -0.000783068
72.9586 -0.000660054
73.0581 -0.000122834
73.1577 0.000493713
73.2572 0.000803529
73.3567 0.000611103
73.4563 3.48219e-05
73.5558 -0.000565833
73.6553 -0.000814515
73.7549 -0.0005538
73.8544 5.5184e-05
73.954 0.000632315
74.0535 0.000815726
74.153 0.000488685
74.2526 -0.000146142
74.3521 -0.000692261
74.4516 -0.000806971
74.5512 -0.000416396
74.6507 0.000236979
74.7502 0.000744835
74.8498 0.000788172
74.9493 0.000337666
75.0488 -0.000326607
75.1484 -0.000789271
75.2479 -0.000759369
75.3474 -0.000253317
75.447 0.000413931
75.5465 0.000824885
75.646 0.000720716
75.7456 0.000164251
75.8451 -0.000497863
75.9446 -0.000851083
76.0442 -0.000672488
76.1437 -7.14423e-05
76.2432 0.000577335
76.3428 0.000867369
76.4423 0.000615073
76.5418 -2.40743e-05
76.6414 -0.000651309
76.7409 -0.000873354
76.8404 -0.000548975
76.94 0.000121212
77.0395 0.000718794
77.139 0.000868759
77.2386 0.00047481
77.3381 -0.000218844
77.4377 -0.000778852
77.5372 -0.000853424
77.6367 -0.000393297
77.7363 0.000315816
77.8358 0.000830613
77.9353 0.00082731
78.0349 0.000305256
78.1344 -0.000410957
78.2339 -0.000873288
78.3335 -0.000790502
78.433 -0.000211597
78.5325 0.000503096
78.6321 0.000906174
78.7316 0.000743209
78.8311 0.000113317
78.9307 -0.00059107
79.0302 -0.000928668
79.1297 -0.000685768
79.2293 -1.14853e-05
79.3288 0.00067374
79.4283 0.000940274
79.5279 0.000618638
79.6274 -9.2766e-05
79.7269 -0.000750005
79.8265 -0.000940609
79.926 -0.000542399
80.0255 0.000198251
80.1251 0.000818812
80.2246 0.000929414
80.3241 0.000457751
80.4237 -0.000303744
80.5232 -0.000879172
80.6227 -0.000906555
80.7223 -0.000365503
80.8218 0.000407991
80.9213 0.000930171
81.0209 0.000872029
81.1204 0.000266572
81.22 -0.000509726
81.3195 -0.000970978
81.419 -0.000825967
81.5186 -0.000161972
81.6181 0.00060768
81.7176 0.00100086
81.8172 0.000768635
81.9167 5.28037e-05
82.0162 -0.000700599
82.1158 -0.0010192
82.2153 -0.000700433
82.3148 5.97511e-05
82.4144 0.000787256
82.5139 0.00102549
82.6134 0.000621895
82.713 -0.000174445
82.8125 -0.000866464
82.912 -0.00101935
83.0116 -0.000533686
83.1111 0.000289976
83.2106 0.000937094
83.3102 0.00100051
83.4097 0.000436598
83.5092 -0.000404998
83.6088 -0.000998085
83.7083 -0.000968883
83.8078 -0.000331541
83.9074 0.000518139
84.0069 0.00104846
84.1064 0.000924484
84.206 0.000219543
84.3055 -0.000628012
84.405 -0.00108733
84.5046 -0.00086749
84.6041 -0.000101733
84.7037 0.000733229
84.8032 0.00111391
84.9027 0.000798221
85.0023 -2.0663e-05
85.1018 -0.000832418
85.2013 -0.00112756
85.3009 -0.000717146
85.4004 0.000146333
85.4999 0.00092424
85.5995 0.00112773
85.699 0.000624876
85.7985 -0.000273894
85.8981 -0.0010074
85.9976 -0.00111402
86.0971 -0.000522165
86.1967 0.000401902
86.2962 0.00108066
86.3957 0.00108619
86.4953 0.000409908
86.5948 -0.000528868
86.6943 -0.00114285
86.7939 -0.00104412
86.8934 -0.000289126
86.9929 0.000653272
87.0925 0.00119292
87.192 0.000987872
87.2915 0.00016097
87.3911 -0.000773577
87.4906 -0.00122989
87.5901 -0.000917652
87.6897 -2.67026e-05
87.7892 0.000888245
87.8887 0.00125291
87.9883 0.000833827
88.0878 -0.000112307
88.1873 -0.000995754
88.2869 -0.00126125
88.3864 -0.000736928
88.486 0.000254596
88.5855 0.00109462
88.685 0.00125433
88.7846 0.000627642
88.8841 -0.000398621
88.9836 -0.00118339
89.0832 -0.0012317
89.1827 -0.000506813
89.2822 0.000542772
89.3818 0.00126069
89.4813 0.00119308
89.5808 0.000375436
89.6804 -0.000685385
89.7799 -0.00132522
89.8794 -0.00113836
89.979 -0.00023465
90.0785 0.00082476
90.178 0.00137579
90.2776 0.00106756
90.3771 8.57334e-05
90.4766 -0.000959179
90.5762 -0.00141129
90.6757 -0.000980926
90.7752 6.99113e-05
90.8748 0.00108692
90.9743 0.00143075
91.0738 0.000878831
91.1734 -0.000230764
91.2729 -0.00120626
91.3724 -0.00143333
91.472 -0.000761844
91.5715 0.000395202
91.671 0.00131554
91.7706 0.00141835
91.8701 0.000630698
91.9697 -0.000561512
92.0692 -0.00141311
92.1687 -0.00138527
92.2683 -0.000486296
92.3678 0.00072791
92.4673 0.00149742
92.5669 0.00133372
92.6664 0.000329698
92.7659 -0.000892553
92.8655 -0.00156697
92.965 -0.0012635
93.0645 -0.000162115
93.1641 0.00105356
93.2636 0.00162038
93.3631 0.00117457
93.4627 -1.51007e-05
93.5622 -0.00120903
93.6617 -0.00165639
93.7613 -0.00106708
93.8608 0.000200474
93.9603 0.00135706
94.0599 0.00167382
94.1594 0.000941336
94.2589 -0.000392422
94.3585 -0.00149577
94.458 -0.00167168
94.5575 -0.000797816
94.6571 0.000589278
94.7566 0.00162334
94.8561 0.00164909
94.9557 0.000637139
95.0552 -0.000789319
95.1547 -0.001738
95.2543 -0.00160532
95.3538 -0.000460053
95.4534 0.000990797
95.5529 0.00183808
95.6524 0.0015398
95.752 0.0002674
95.8515 -0.00119199
95.951 -0.00192203
96.0506 -0.00145208
96.1501 -6.00744e-05
96.2496 0.00139123
96.3492 0.00198845
96.4487 0.00134184
96.5482 -0.000161048
96.6478 -0.00158704
96.7473 -0.00203612
96.8468 -0.00120881
96.9464 0.000395213
97.0459 0.00177816
97.1454 0.00206407
97.245 0.00105273
97.3445 -0.000641947
97.444 -0.00196378
97.5436 -0.00207155
97.6431 -0.000873216
97.7426 0.000901311
97.8422 0.00214373
97.9417 0.00205817
98.0412 0.000669539
98.1408 -0.00117433
98.2403 -0.0023189
98.3398 -0.00202393
98.4394 -0.000440221
98.5389 0.00146373
98.6384 0.0024919
98.738 0.00196935
98.8375 0.000182296
98.937 -0.00177531
99.0366 -0.0026683
99.1361 -0.00189557
99.2357 0.000110172
99.3352 0.00212059
99.4347 0.00285899
99.5343 0.00180452
99.6338 -0.000449214
99.7333 -0.00252236
99.8329 -0.00308501
99.9324 -0.00169908
100.032 0.000860086
100.131 0.00302723
100.231 0.00338851
100.331 0.00158268
100.43 -0.00139915
100.53 -0.00373706
100.629 -0.00386021
100.729 -0.00145696
100.828 0.00220472
100.928 0.00489906
101.027 0.00471854
101.127 0.00130929
101.226 -0.00366781
101.326 -0.00721517
101.425 -0.006587
101.525 -0.00104393
101.624 0.00714426
101.724 0.0131029
101.824 0.0112327
