0.0 -0.00522724780271
0.1 -0.0223805288705
0.2 -0.0482846426086
0.3 -0.0739586864103
0.4 -0.0815707151814
0.5 -0.0500296800333
0.6 0.0341852148518
0.7 0.165566180727
0.8 0.313959547045
0.9 0.429678541248
1.0 0.459453355474
1.1 0.367448944449
1.2 0.151850783958
1.3 -0.151347667103
1.4 -0.479593921223
1.5 -0.764323538826
1.6 -0.950026725008
1.7 -1.00243702152
1.8 -0.904008770565
1.9 -0.644171046752
2.0 -0.216414683943
2.1 0.370191316986
2.2 1.06886209978
2.3 1.77653730667
2.4 2.33479160713
2.5 2.55773758984
2.6 2.28124364614
2.7 1.41732105487
2.8 -0.00474681667067
2.9 -1.82257654202
3.0 -3.7522530682
3.1 -5.42315087995
3.2 -6.43250390142
3.3 -6.4193852657
3.4 -5.15524517321
3.5 -2.63598966537
3.6 0.855424592241
3.7 4.7535103062
3.8 8.30572522515
3.9 10.7493527889
4.0 11.5212804704
4.1 10.4276631772
4.2 7.70581465706
4.3 3.94808716987
4.4 -0.0871004160991
4.5 -3.70394945775
4.6 -6.44839886903
4.7 -8.17361588455
4.8 -8.98229491386
4.9 -9.09185479268
5.0 -8.69705832376
5.1 -7.893381428
5.2 -6.68359650796
5.3 -5.04444832923
5.4 -3.00432061735
5.5 -0.686703394391
5.6 1.69940337501
5.7 3.91057058422
5.8 5.73216424407
5.9 7.02522447152
6.0 7.7422727735
6.1 7.91332870957
6.2 7.61382992018
6.3 6.92921667822
6.4 5.92896401398
6.5 4.65828650532
6.6 3.14941414256
6.7 1.44661716767
6.8 -0.36795323698
6.9 -2.16323338871
7.0 -3.77371567814
7.1 -5.03810879847
7.2 -5.84725322783
7.3 -6.17892376665
7.4 -6.10122849636
7.5 -5.74079328337
7.6 -5.22936261976
7.7 -4.65333418094
7.8 -4.02912930148
7.9 -3.31420611182
8.0 -2.44611335786
8.1 -1.38930211953
8.2 -0.167397111931
8.3 1.13270170591
8.4 2.38443901976
8.5 3.46029633175
8.6 4.2680010645
8.7 4.77027955722
8.8 4.9833102387
8.9 4.95867223449
9.0 4.75928941868
9.1 4.43976923713
9.2 4.03678899345
9.3 3.56897910452
9.4 3.04154009988
9.5 2.45057387801
9.6 1.78531351584
9.7 1.03046273951
9.8 0.172539303572
9.9 -0.78816899284
10.0 -1.82350274252
10.1 -2.86901269869
10.2 -3.82903544494
10.3 -4.59748912482
10.4 -5.08804290276
10.5 -5.26085588864
10.6 -5.13318089721
10.7 -4.7684870395
10.8 -4.24950478339
10.9 -3.64850666301
11.0 -3.00855678125
11.1 -2.34236649559
11.2 -1.64537259927
11.3 -0.912828585612
11.4 -0.150729470714
11.5 0.623659049288
11.6 1.38852678813
11.7 2.12439591468
11.8 2.81551443639
11.9 3.4452975361
12.0 3.99026810379
12.1 4.41830125953
12.2 4.69414023182
12.3 4.79026702248
12.4 4.6974999048
12.5 4.42935891683
12.6 4.01735215906
12.7 3.49906062265
12.8 2.90470043445
12.9 2.24879093299
13.0 1.5311774182
13.1 0.747054536867
13.2 -0.0990100005925
13.3 -0.982423657402
13.4 -1.85737309181
13.5 -2.66656766776
13.6 -3.35765660291
13.7 -3.89821843302
13.8 -4.2816296683
13.9 -4.52087421567
14.0 -4.63399371849
14.1 -4.62961679538
14.2 -4.50096406283
14.3 -4.23178436659
14.4 -3.81068366875
14.5 -3.24540150646
14.6 -2.56865306659
14.7 -1.8320373505
14.8 -1.09118902156
14.9 -0.389882913465
15.0 0.249233963037
15.1 0.82377324047
15.2 1.34262748933
15.3 1.81462774396
15.4 2.24074698754
15.5 2.61288236206
15.6 2.91838342528
15.7 3.14681271907
15.8 3.29502008986
15.9 3.36818397867
16.0 3.3768435292
16.1 3.33186444848
16.2 3.23999893176
16.3 3.10211917582
16.4 2.91474446335
16.5 2.67384683226
16.6 2.37885038298
16.7 2.03473793489
16.8 1.65125626155
16.9 1.23980566262
17.0 0.809823897611
17.1 0.366626921567
17.2 -0.0883023370405
17.3 -0.555021966336
17.4 -1.03225256342
17.5 -1.51528800608
17.6 -1.99522299929
17.7 -2.45912946314
17.8 -2.89056296347
17.9 -3.27024813966
18.0 -3.57740597757
18.1 -3.79224199529
18.2 -3.89940843817
18.3 -3.89129396398
18.4 -3.7696073628
18.5 -3.54436273585
18.6 -3.23071208885
18.7 -2.84520523744
18.8 -2.40319433255
18.9 -1.91816839952
19.0 -1.40249917721
19.1 -0.868329094503
19.2 -0.327593674932
19.3 0.208871449942
19.4 0.732324785339
19.5 1.2362634371
19.6 1.71538088227
19.7 2.16383975353
19.8 2.5738135772
19.9 2.93508128956
20.0 3.23589844186
20.1 3.46483481104
20.2 3.61299791777
20.3 3.67600561624
20.4 3.65508071656
20.5 3.55672047729
20.6 3.39072047952
20.7 3.16700608085
20.8 2.89250504135
20.9 2.5696374368
21.0 2.197449697
21.1 1.77507228484
21.2 1.30577411968
21.3 0.799371575947
21.4 0.271592311626
21.5 -0.259244279902
21.6 -0.776305468789
21.7 -1.2668313152
21.8 -1.72209568997
21.9 -2.13538516816
22.0 -2.49984535856
22.1 -2.80789162124
22.2 -3.05256305586
22.3 -3.22971387085
22.4 -3.33933779964
22.5 -3.38496681711
22.6 -3.37143470845
22.7 -3.30236558878
22.8 -3.17884194453
22.9 -2.99987290097
23.0 -2.76418692283
23.1 -2.47225322926
23.2 -2.12758506198
23.3 -1.73701860125
23.4 -1.31025210838
23.5 -0.859102973332
23.6 -0.396726886606
23.7 0.0632443561089
23.8 0.507764643487
23.9 0.925575322709
24.0 1.30824680471
24.1 1.65067960357
24.2 1.9508384688
24.3 2.20878023938
24.4 2.42529252792
24.5 2.60058569145
24.6 2.73346705532
24.7 2.82130203504
24.8 2.86084215249
24.9 2.84968746847
25.0 2.78782998238
25.1 2.67855895022
25.2 2.52816136027
25.3 2.34434170105
25.4 2.13391978145
25.5 1.90081139271
25.6 1.64527998936
25.7 1.36493124136
25.8 1.05713997926
25.9 0.721923995391
26.0 0.36402419986
26.1 -0.00677308404092
26.2 -0.37733984729
26.3 -0.734353756641
26.4 -1.06762737355
26.5 -1.37214668047
26.6 -1.64777407501
26.7 -1.896567074
26.8 -2.11885668966
26.9 -2.3100357361
27.0 -2.45990855437
27.1 -2.55533763032
27.2 -2.58525810628
27.3 -2.54579195621
27.4 -2.44297176037
27.5 -2.29168009732
27.6 -2.11125544134
27.7 -1.91978494147
27.8 -1.72954654279
27.9 -1.54522173159
28.0 -1.36497908448
28.1 -1.1832572007
28.2 -0.99369552323
28.3 -0.791165137928
28.4 -0.572696982182
28.5 -0.337676929002
28.6 -0.0877221074316
28.7 0.173626470997
28.8 0.441468437344
28.9 0.710356904478
29.0 0.975093950917
29.1 1.23111403675
29.2 1.47424767439
29.3 1.70005733569
29.4 1.9032447665
29.5 2.07760064771
29.6 2.21662434862
29.7 2.31453913018
29.8 2.36724017993
29.9 2.37282119544
30.0 2.33159106921
30.1 2.24556980255
30.2 2.11810623472
30.3 1.95345151085
30.4 1.75616408129
30.5 1.53092276291
30.6 1.28266329722
30.7 1.01691329542
30.8 0.739997349171
30.9 0.458766520137
31.0 0.179791036563
31.1 -0.0915962347835
31.2 -0.351756433879
31.3 -0.598273047118
31.4 -0.828773403377
31.5 -1.03989973987
31.6 -1.22736889954
31.7 -1.38739847876
31.8 -1.5187500976
31.9 -1.62398140046
32.0 -1.70876564158
32.1 -1.77926032515
32.2 -1.83877840171
32.3 -1.8855747847
32.4 -1.91300765855
32.5 -1.91202204915
32.6 -1.87468103589
32.7 -1.79707254983
32.8 -1.68047428894
32.9 -1.53066844649
33.0 -1.35607500293
33.1 -1.16555683736
33.2 -0.966495081281
33.3 -0.763453900743
33.4 -0.557696565271
33.5 -0.347843162199
33.6 -0.131743233653
33.7 0.0909492340355
33.8 0.316649536563
33.9 0.537440877032
34.0 0.742955928708
34.1 0.923818357695
34.2 1.07487645055
34.3 1.19642491799
34.4 1.29272864922
34.5 1.36877218971
34.6 1.42721197674
34.7 1.46729981593
34.8 1.48622075731
34.9 1.48174355588
35.0 1.45433556235
35.1 1.40738568491
35.2 1.34550205338
35.3 1.27208344249
35.4 1.18772703605
35.5 1.09039455065
35.6 0.977133978884
35.7 0.846293966618
35.8 0.699036122804
35.9 0.539487907278
36.0 0.373649369614
36.1 0.207712952794
36.2 0.0465712229841
36.3 -0.106947809766
36.4 -0.251954464294
36.5 -0.388661646085
36.6 -0.517252583378
36.7 -0.636949414961
36.8 -0.745688251342
36.9 -0.840539298715
37.0 -0.9186549984
37.1 -0.978257469339
37.2 -1.01915385865
37.3 -1.04252742095
37.4 -1.05014839112
37.5 -1.04344577052
37.6 -1.02291147879
37.7 -0.988082850615
37.8 -0.938033894329
37.9 -0.872090393596
38.0 -0.790456134574
38.1 -0.694551343889
38.2 -0.587011735293
38.3 -0.47140137367
38.4 -0.351746819893
38.5 -0.232027822554
38.6 -0.115765466429
38.7 -0.0058092040722
38.8 0.0956694331139
38.9 0.187074196062
39.0 0.267312064505
39.1 0.335826161183
39.2 0.39267751069
39.3 0.438529858717
39.4 0.474428530288
39.5 0.501413178075
39.6 0.520151874066
39.7 0.53080602505
39.8 0.533201349387
39.9 0.527183806491
40.0 0.512927994507
40.1 0.491021624101
40.2 0.462325310747
40.3 0.427763752978
40.4 0.388225358413
40.5 0.34462792903
40.6 0.29805364388
40.7 0.249793389009
40.8 0.201214525913
40.9 0.153512317759
41.0 0.107505315521
41.1 0.0636130034352
41.2 0.0220308651282
41.3 -0.017012088043
41.4 -0.0530741989629
41.5 -0.0855000452162
41.6 -0.113581023736
41.7 -0.136771719534
41.8 -0.154842863718
41.9 -0.167907366849
42.0 -0.176333162833
42.1 -0.180607435249
42.2 -0.181221626271
42.3 -0.178616681129
42.4 -0.173188476663
42.5 -0.165325317733
42.6 -0.155441603337
42.7 -0.143982530141
42.8 -0.131395994661
42.9 -0.118088586128
43.0 -0.104391979433
43.1 -0.0905588607123
43.2 -0.0767882064958
43.3 -0.0632610734008
43.4 -0.0501628957118
43.5 -0.0376799594084
43.6 -0.0259771211502
43.7 -0.0151763714974
43.8 -0.00535283925694
43.9 0.00344998021576
44.0 0.0111982816988
44.1 0.0178550275832
44.2 0.0233832037853
44.3 0.0277603571183
44.4 0.0309934768063
44.5 0.0331262351537
44.6 0.0342378779726
44.7 0.0344377111501
44.8 0.033858272799
44.9 0.0326467411595
45.0 0.0309527366984
45.1 0.0289132912374
45.2 0.0266397518421
45.3 0.0242125422377
45.4 0.0216863214495
45.5 0.0191024548204
45.6 0.0165019654962
45.7 0.0139327256022
45.8 0.0114486954357
45.9 0.00910348067955
46.0 0.00694268236919
46.1 0.00499883088277
46.2 0.00329033925258
46.3 0.00182361678059
46.4 0.000596348067283
46.5 -0.000399881575688
46.6 -0.00117841467926
46.7 -0.00175741916466
46.8 -0.00215973719192
46.9 -0.00241165367617
47.0 -0.0025403818536
47.1 -0.00257108835398
47.2 -0.00252478147478
47.3 -0.0024179779905
47.4 -0.00226401610331
47.5 -0.00207494400964
47.6 -0.00186273929594
47.7 -0.00163926293781
47.8 -0.00141527808511
47.9 -0.00119938985378
48.0 -0.000997604512436
48.1 -0.000813626185692
48.2 -0.000649515408206
48.3 -0.000506248611301
48.4 -0.000383977546212
48.5 -0.000282091372246
48.6 -0.000199289570694
48.7 -0.000133769588315
48.8 -8.34774202869e-05
48.9 -4.63094699571e-05
49.0 -2.02089940212e-05
49.1 -3.18668179768e-06
49.2 6.66979451534e-06
49.3 1.11596524374e-05
49.4 1.1913552268e-05
49.5 1.03454128091e-05
49.6 7.62673973144e-06
49.7 4.67962401519e-06
49.8 2.17777517716e-06
49.9 5.51364548799e-07
50.0 0.0
50.1 0.0
50.2 0.0
50.3 0.0
50.4 0.0
50.5 0.0
50.6 0.0
50.7 0.0
50.8 0.0
50.9 0.0
51.0 0.0
51.1 0.0
51.2 0.0
51.3 0.0
51.4 0.0
51.5 0.0
51.6 0.0
51.7 0.0
51.8 0.0
51.9 0.0
52.0 0.0
52.1 0.0
52.2 0.0
52.3 0.0
52.4 0.0
52.5 0.0
52.6 0.0
52.7 0.0
52.8 0.0
52.9 0.0
53.0 0.0
53.1 0.0
53.2 0.0
53.3 0.0
53.4 0.0
53.5 0.0
53.6 0.0
53.7 0.0
53.8 0.0
53.9 0.0
54.0 0.0
54.1 0.0
54.2 0.0
54.3 0.0
54.4 0.0
54.5 0.0
54.6 0.0
54.7 0.0
54.8 0.0
54.9 0.0
55.0 0.0
55.1 0.0
55.2 0.0
55.3 0.0
55.4 0.0
55.5 0.0
55.6 0.0
55.7 0.0
55.8 0.0
55.9 0.0
56.0 0.0
56.1 0.0
56.2 0.0
56.3 0.0
56.4 0.0
56.5 0.0
56.6 0.0
56.7 0.0
56.8 0.0
56.9 0.0
57.0 0.0
57.1 0.0
57.2 0.0
57.3 0.0
57.4 0.0
57.5 0.0
57.6 0.0
57.7 0.0
57.8 0.0
57.9 0.0
58.0 0.0
58.1 0.0
58.2 0.0
58.3 0.0
58.4 0.0
58.5 0.0
58.6 0.0
58.7 0.0
58.8 0.0
58.9 0.0
59.0 0.0
59.1 0.0
59.2 0.0
59.3 0.0
59.4 0.0
59.5 0.0
59.6 0.0
59.7 0.0
59.8 0.0
59.9 0.0
60.0 0.0
60.1 0.0
60.2 0.0
60.3 0.0
60.4 0.0
60.5 0.0
60.6 0.0
60.7 0.0
60.8 0.0
60.9 0.0
61.0 0.0
61.1 0.0
61.2 0.0
61.3 0.0
61.4 0.0
61.5 0.0
61.6 0.0
61.7 0.0
61.8 0.0
61.9 0.0
62.0 0.0
62.1 0.0
62.2 0.0
62.3 0.0
62.4 0.0
62.5 0.0
62.6 0.0
62.7 0.0
62.8 0.0
62.9 0.0
63.0 0.0
63.1 0.0
63.2 0.0
63.3 0.0
63.4 0.0
63.5 0.0
63.6 0.0
63.7 0.0
63.8 0.0
63.9 0.0
64.0 0.0
64.1 0.0
64.2 0.0
64.3 0.0
64.4 0.0
64.5 0.0
64.6 0.0
64.7 0.0
64.8 0.0
64.9 0.0
65.0 0.0
65.1 0.0
65.2 0.0
65.3 0.0
65.4 0.0
65.5 0.0
65.6 0.0
65.7 0.0
65.8 0.0
65.9 0.0
66.0 0.0
66.1 0.0
66.2 0.0
66.3 0.0
66.4 0.0
66.5 0.0
66.6 0.0
66.7 0.0
66.8 0.0
66.9 0.0
67.0 0.0
67.1 0.0
67.2 0.0
67.3 0.0
67.4 0.0
67.5 0.0
67.6 0.0
67.7 0.0
67.8 0.0
67.9 0.0
68.0 0.0
68.1 0.0
68.2 0.0
68.3 0.0
68.4 0.0
68.5 0.0
68.6 0.0
68.7 0.0
68.8 0.0
68.9 0.0
69.0 0.0
69.1 0.0
69.2 0.0
69.3 0.0
69.4 0.0
69.5 0.0
69.6 0.0
69.7 0.0
69.8 0.0
69.9 0.0
70.0 0.0
70.1 0.0
70.2 0.0
70.3 0.0
70.4 0.0
70.5 0.0
70.6 0.0
70.7 0.0
70.8 0.0
70.9 0.0
71.0 0.0
71.1 0.0
71.2 0.0
71.3 0.0
71.4 0.0
71.5 0.0
71.6 0.0
71.7 0.0
71.8 0.0
71.9 0.0
72.0 0.0
72.1 0.0
72.2 0.0
72.3 0.0
72.4 0.0
72.5 0.0
72.6 0.0
72.7 0.0
72.8 0.0
72.9 0.0
73.0 0.0
73.1 0.0
73.2 0.0
73.3 0.0
73.4 0.0
73.5 0.0
73.6 0.0
73.7 0.0
73.8 0.0
73.9 0.0
74.0 0.0
74.1 0.0
74.2 0.0
74.3 0.0
74.4 0.0
74.5 0.0
74.6 0.0
74.7 0.0
74.8 0.0
74.9 0.0
75.0 0.0
75.1 0.0
75.2 0.0
75.3 0.0
75.4 0.0
75.5 0.0
75.6 0.0
75.7 0.0
75.8 0.0
75.9 0.0
76.0 0.0
76.1 0.0
76.2 0.0
76.3 0.0
76.4 0.0
76.5 0.0
76.6 0.0
76.7 0.0
76.8 0.0
76.9 0.0
77.0 0.0
77.1 0.0
77.2 0.0
77.3 0.0
77.4 0.0
77.5 0.0
77.6 0.0
77.7 0.0
77.8 0.0
77.9 0.0
78.0 0.0
78.1 0.0
78.2 0.0
78.3 0.0
78.4 0.0
78.5 0.0
78.6 0.0
78.7 0.0
78.8 0.0
78.9 0.0
79.0 0.0
79.1 0.0
79.2 0.0
79.3 0.0
79.4 0.0
79.5 0.0
79.6 0.0
79.7 0.0
79.8 0.0
79.9 0.0
80.0 0.0
80.1 0.0
80.2 0.0
80.3 0.0
80.4 0.0
80.5 0.0
80.6 0.0
80.7 0.0
80.8 0.0
80.9 0.0
81.0 0.0
81.1 0.0
81.2 0.0
81.3 0.0
81.4 0.0
81.5 0.0
81.6 0.0
81.7 0.0
81.8 0.0
81.9 0.0
82.0 0.0
82.1 0.0
82.2 0.0
82.3 0.0
82.4 0.0
82.5 0.0
82.6 0.0
82.7 0.0
82.8 0.0
82.9 0.0
83.0 0.0
83.1 0.0
83.2 0.0
83.3 0.0
83.4 0.0
83.5 0.0
83.6 0.0
83.7 0.0
83.8 0.0
83.9 0.0
84.0 0.0
84.1 0.0
84.2 0.0
84.3 0.0
84.4 0.0
84.5 0.0
84.6 0.0
84.7 0.0
84.8 0.0
84.9 0.0
85.0 0.0
85.1 0.0
85.2 0.0
85.3 0.0
85.4 0.0
85.5 0.0
85.6 0.0
85.7 0.0
85.8 0.0
85.9 0.0
86.0 0.0
86.1 0.0
86.2 0.0
86.3 0.0
86.4 0.0
86.5 0.0
86.6 0.0
86.7 0.0
86.8 0.0
86.9 0.0
87.0 0.0
87.1 0.0
87.2 0.0
87.3 0.0
87.4 0.0
87.5 0.0
87.6 0.0
87.7 0.0
87.8 0.0
87.9 0.0
88.0 0.0
88.1 0.0
88.2 0.0
88.3 0.0
88.4 0.0
88.5 0.0
88.6 0.0
88.7 0.0
88.8 0.0
88.9 0.0
89.0 0.0
89.1 0.0
89.2 0.0
89.3 0.0
89.4 0.0
89.5 0.0
89.6 0.0
89.7 0.0
89.8 0.0
89.9 0.0
90.0 0.0
90.1 0.0
90.2 0.0
90.3 0.0
90.4 0.0
90.5 0.0
90.6 0.0
90.7 0.0
90.8 0.0
90.9 0.0
91.0 0.0
91.1 0.0
91.2 0.0
91.3 0.0
91.4 0.0
91.5 0.0
91.6 0.0
91.7 0.0
91.8 0.0
91.9 0.0
92.0 0.0
92.1 0.0
92.2 0.0
92.3 0.0
92.4 0.0
92.5 0.0
92.6 0.0
92.7 0.0
92.8 0.0
92.9 0.0
93.0 0.0
93.1 0.0
93.2 0.0
93.3 0.0
93.4 0.0
93.5 0.0
93.6 0.0
93.7 0.0
93.8 0.0
93.9 0.0
94.0 0.0
94.1 0.0
94.2 0.0
94.3 0.0
94.4 0.0
94.5 0.0
94.6 0.0
94.7 0.0
94.8 0.0
94.9 0.0
95.0 0.0
95.1 0.0
95.2 0.0
95.3 0.0
95.4 0.0
95.5 0.0
95.6 0.0
95.7 0.0
95.8 0.0
95.9 0.0
96.0 0.0
96.1 0.0
96.2 0.0
96.3 0.0
96.4 0.0
96.5 0.0
96.6 0.0
96.7 0.0
96.8 0.0
96.9 0.0
97.0 0.0
97.1 0.0
97.2 0.0
97.3 0.0
97.4 0.0
97.5 0.0
97.6 0.0
97.7 0.0
97.8 0.0
97.9 0.0
98.0 0.0
98.1 0.0
98.2 0.0
98.3 0.0
98.4 0.0
98.5 0.0
98.6 0.0
98.7 0.0
98.8 0.0
98.9 0.0
99.0 0.0
99.1 0.0
99.2 0.0
99.3 0.0
99.4 0.0
99.5 0.0
99.6 0.0
99.7 0.0
99.8 0.0
99.9 0.0
100.0 0.0
100.1 0.0
100.2 0.0
100.3 0.0
100.4 0.0
100.5 0.0
100.6 0.0
100.7 0.0
100.8 0.0
100.9 0.0
101.0 0.0
101.1 0.0
101.2 0.0
101.3 0.0
101.4 0.0
101.5 0.0
101.6 0.0
101.7 0.0
101.8 0.0
101.9 0.0
102.0 0.0
102.1 0.0
102.2 0.0
102.3 0.0
