0.0 0.208728550606
0.09315 0.546000000886
0.1863 0.847168957575
0.27945 1.06297598246
0.3726 1.16100650481
0.46575 1.1363826133
0.5589 1.01090139219
0.65205 0.821843581425
0.7452 0.605957458427
0.83835 0.385634716194
0.9315 0.163663646431
1.02465 -0.0710348134058
1.1178 -0.329827263133
1.21095 -0.609181098851
1.3041 -0.880869928558
1.39725 -1.09329110154
1.4904 -1.18499363243
1.58355 -1.10505458807
1.6767 -0.829709890953
1.76985 -0.367839377619
1.863 0.241447477919
1.95615 0.931797301947
2.0493 1.61134617028
2.14245 2.16591365058
2.2356 2.46569800619
2.32875 2.37851855986
2.4219 1.79500643436
2.51505 0.665653638047
2.6082 -0.961396122241
2.70135 -2.91759785018
2.7945 -4.91621002992
2.88765 -6.5818515904
2.9808 -7.50682730367
3.07395 -7.33155964506
3.1671 -5.84094989524
3.26025 -3.05542501588
3.3534 0.718816938811
3.44655 4.91294868995
3.5397 8.79892858052
3.63285 11.6480572075
3.726 12.899918228
3.81915 12.2944915653
3.9123 9.93120430107
4.00545 6.23877685515
4.0986 1.86435517657
4.19175 -2.48593054637
4.2849 -6.20759081094
4.37805 -8.91244859327
4.4712 -10.4674370009
4.56435 -10.9560209415
4.6575 -10.5877160435
4.75065 -9.59561932908
4.8438 -8.1606186252
4.93695 -6.38523991527
5.0301 -4.31602266279
5.12325 -1.99286680294
5.2164 0.503405046561
5.30955 3.0278173725
5.4027 5.3815990272
5.49585 7.35118355569
5.589 8.75976581663
5.68215 9.51056352649
5.7753 9.60429737873
5.86845 9.12420121153
5.9616 8.19619510608
6.05475 6.94271282315
6.1479 5.45066952598
6.24105 3.76642385387
6.3342 1.91728025657
6.42735 -0.0535142497328
6.5205 -2.05768567116
6.61365 -3.95516896199
6.7068 -5.57532051153
6.79995 -6.75895594503
6.8931 -7.40491646401
6.98625 -7.50278147735
7.0794 -7.13842566475
7.17255 -6.46902359713
7.2657 -5.67547994085
7.35885 -4.90882633498
7.452 -4.24951754973
7.54515 -3.69362135315
7.6383 -3.16918619441
7.73145 -2.57440765769
7.8246 -1.82163022825
7.91775 -0.870539577586
8.0109 0.25996792357
8.10405 1.50220326193
8.1972 2.76486108803
8.29035 3.96102008103
8.3835 5.02762546223
8.47665 5.92998357493
8.5698 6.6518746141
8.66295 7.17809418307
8.7561 7.47914667897
8.84925 7.50653874058
8.9424 7.20218425549
9.03555 6.5188503443
9.1287 5.44330282849
9.22185 4.01244403804
9.315 2.31570604722
9.40815 0.482498999915
9.5013 -1.34083308175
9.59445 -3.01678433272
9.6876 -4.43765749826
9.78075 -5.53709125799
9.8739 -6.29123381261
9.96705 -6.71174269884
10.0602 -6.83441761771
10.15335 -6.70728626991
10.2465 -6.3807027893
10.33965 -5.90029504717
10.4328 -5.30249245422
10.52595 -4.61231384315
10.6191 -3.8435990363
10.71225 -3.00210847053
10.8054 -2.0914072987
10.89855 -1.12033154561
10.9917 -0.109656127171
11.08485 0.904919933177
11.178 1.8755345985
11.27115 2.75055412288
11.3643 3.48591347197
11.45745 4.0551851027
11.5506 4.45444263408
11.64375 4.6999652346
11.7369 4.81967448226
11.83005 4.84174408742
11.9232 4.7849524183
12.01635 4.65445423983
12.1095 4.44409849867
12.20265 4.14343414621
12.2958 3.74557414969
12.38895 3.25205992705
12.4821 2.67273810508
12.57525 2.02146758317
12.6684 1.31076542612
12.76155 0.549056578041
12.8547 -0.257291630276
12.94785 -1.0977232821
13.041 -1.95020294437
13.13415 -2.77712481464
13.2273 -3.52760615569
13.32045 -4.1465756105
13.4136 -4.58786314605
13.50675 -4.82638690039
13.5999 -4.86455481231
13.69305 -4.73020828082
13.7862 -4.46685454628
13.87935 -4.12002664839
13.9725 -3.72500405987
14.06565 -3.30026713656
14.1588 -2.84842184078
14.25195 -2.36316090182
14.3451 -1.83854360152
14.43825 -1.27640295515
14.5314 -0.689063501418
14.62455 -0.0969718439032
14.7177 0.476897875067
14.81085 1.01290490041
14.904 1.49832707136
14.99715 1.92765025735
15.0903 2.3002811973
15.18345 2.61747754882
15.2766 2.88026157505
15.36975 3.08913288777
15.4629 3.24515603472
15.55605 3.35118286431
15.6492 3.41198372134
15.74235 3.43281873019
15.8355 3.41699260024
15.92865 3.36361344876
16.0218 3.26675629764
16.11495 3.11656285954
16.2081 2.90189248191
16.30125 2.61348339634
16.3944 2.24651436918
16.48755 1.80194616117
16.5807 1.2867259789
16.67385 0.713414392901
16.767 0.0997702255887
16.86015 -0.531636987554
16.9533 -1.15427255399
17.04645 -1.73963868269
17.1396 -2.26076224776
17.23275 -2.69666596526
17.3259 -3.036468757
17.41905 -3.28141914616
17.5122 -3.44364794399
17.60535 -3.54162534206
17.6985 -3.5937081685
17.79165 -3.61208624373
17.8848 -3.59938706759
17.97795 -3.54913496252
18.0711 -3.4496437118
18.16425 -3.28949715547
18.2574 -3.06220719206
18.35055 -2.76818776169
18.4437 -2.41356094556
18.53685 -2.00683501993
18.63 -1.55542697367
18.72315 -1.06391675977
18.8163 -0.534904761552
18.90945 0.0280583562594
19.0026 0.617073424835
19.09575 1.21785081883
19.1889 1.81014314688
19.28205 2.37053465569
19.3752 2.87635282685
19.46835 3.30903186929
19.5615 3.65568902743
19.65465 3.9086999568
19.7478 4.0641047405
19.84095 4.12017872492
19.9341 4.07721110116
20.02725 3.9386381103
20.1204 3.71269680099
20.21355 3.4132636928
20.3067 3.05882081485
20.39985 2.66942140082
20.493 2.26261994518
20.58615 1.84999775589
20.6793 1.43578239282
20.77245 1.01816969873
20.8656 0.592747800225
20.95875 0.156497660351
21.0519 -0.289338295394
21.14505 -0.738593349199
21.2382 -1.18168017768
21.33135 -1.60820313829
21.4245 -2.00920539335
21.51765 -2.3779476644
21.6108 -2.70904374077
21.70395 -2.99675038189
21.7971 -3.23370062639
21.89025 -3.41111866721
21.9834 -3.52069999715
22.07655 -3.55734617499
22.1697 -3.52135286926
22.26285 -3.4187984999
22.356 -3.25971672073
22.44915 -3.05474168223
22.5423 -2.8117215988
22.63545 -2.53387807597
22.7286 -2.22038590001
22.82175 -1.86909996166
22.9149 -1.48012973833
23.00805 -1.05856398628
23.1012 -0.615070031533
23.19435 -0.164116361466
23.2875 0.279315822318
23.38065 0.703000124425
23.4738 1.0992709466
23.56695 1.46470304089
23.6601 1.79805532367
23.75325 2.09768062647
23.8464 2.35978649414
23.93955 2.5784279968
24.0327 2.74719973999
24.12585 2.86173575527
24.219 2.92173910976
24.31215 2.93151490603
24.4053 2.89871915036
24.49845 2.83188126847
24.5916 2.7377981763
24.68475 2.61989263452
24.7779 2.47811693931
24.87105 2.31024620977
24.9642 2.1138132116
25.05735 1.88775820193
25.1505 1.63314632324
25.24365 1.35285626697
25.3368 1.05066533719
25.42995 0.730391321713
25.5231 0.39561488306
25.61625 0.0501087447542
25.7094 -0.30132660017
25.80255 -0.652155005889
25.8957 -0.994000259672
25.98885 -1.31732679308
26.082 -1.61272463461
26.17515 -1.87236455396
26.2683 -2.09114457118
26.36145 -2.2671966206
26.4546 -2.40166042676
26.54775 -2.49784239443
26.6409 -2.55999134449
26.73405 -2.59194518776
26.8272 -2.59588776856
26.92035 -2.5714541491
27.0135 -2.5154375559
27.10665 -2.42232844308
27.1998 -2.28578491107
27.29295 -2.10086743712
27.3861 -1.86653158595
27.47925 -1.58760511316
27.5724 -1.27544592948
27.66555 -0.946777961285
27.7587 -0.620782070006
27.85185 -0.315177658152
27.945 -0.0424903020536
28.03815 0.192253019375
28.1313 0.39160963848
28.22445 0.563705191009
28.3176 0.718786890849
28.41075 0.865661370033
28.5039 1.00929409258
28.59705 1.15028311518
28.6902 1.28611247046
28.78335 1.41337346717
28.8765 1.52981860953
28.96965 1.63530159785
29.0628 1.73124671993
29.15595 1.81899968309
29.2491 1.89791997912
29.34225 1.96416917942
29.4354 2.01081257696
29.52855 2.02925795992
29.6217 2.01148250506
29.71485 1.95219663242
29.808 1.85017397443
29.90115 1.70837233758
29.9943 1.53297938804
30.08745 1.33190420661
30.1806 1.1133454346
30.27375 0.884885553988
30.3669 0.653211754156
30.46005 0.424234045383
30.5532 0.203217034653
30.64635 -0.00538269183045
30.7395 -0.198439044742
30.83265 -0.374831879079
30.9258 -0.535905598998
31.01895 -0.685363796553
31.1121 -0.828446348469
31.20525 -0.970510438934
31.2984 -1.11537609035
31.39155 -1.26390622446
31.4847 -1.41323556413
31.57785 -1.55687125698
31.671 -1.68563643718
31.76415 -1.78920453585
31.8573 -1.85784539167
31.95045 -1.8840007893
32.0436 -1.86340795539
32.13675 -1.79564318322
32.2299 -1.68410368018
32.32305 -1.53553889175
32.4162 -1.35926848967
32.50935 -1.16619976828
32.6025 -0.967718034123
32.69565 -0.774505138396
32.7888 -0.595361898023
32.88195 -0.436162775078
32.9751 -0.299126419864
33.06825 -0.182603913861
33.1614 -0.0815351641022
33.25455 0.0114060611831
33.3477 0.104141766928
33.44085 0.203338568097
33.534 0.312827497889
33.62715 0.432721578549
33.7203 0.559485067221
33.81345 0.686930544062
33.9066 0.807830668994
33.99975 0.915639924293
34.0929 1.00580665867
34.18605 1.07632726967
34.2792 1.1274848372
34.37235 1.16100573635
34.4655 1.17904252735
34.55865 1.18338580493
34.6518 1.17513865365
34.74495 1.15484271903
34.8381 1.12284082485
34.93125 1.07958771093
35.0244 1.02570148257
35.11755 0.961732538248
35.2107 0.887814832338
35.30385 0.803457873107
35.397 0.707686995121
35.49015 0.599567330008
35.5833 0.478938982467
35.67645 0.347053637134
35.7696 0.20681093148
35.86275 0.0624509676109
35.9559 -0.0812031467515
36.04905 -0.219654652985
36.1422 -0.349425756358
36.23535 -0.46826559673
36.3285 -0.574832833521
36.42165 -0.668059100021
36.5148 -0.746549406206
36.60795 -0.80835704306
36.7011 -0.85129175497
36.79425 -0.873663274422
36.8874 -0.87514480713
36.98055 -0.857360432833
37.0737 -0.82389225174
37.16685 -0.779627876089
37.26 -0.729631922334
37.35315 -0.677918916889
37.4463 -0.626553479359
37.53945 -0.575390977324
37.6326 -0.522545087655
37.72575 -0.46541566758
37.8189 -0.401923609845
37.91205 -0.331541409423
38.0052 -0.255790989277
38.09835 -0.178065865918
38.1915 -0.102853723129
38.28465 -0.0346151263295
38.3778 0.023337097994
38.47095 0.0696325511912
38.5641 0.105097574462
38.65725 0.132417708552
38.7504 0.155323844289
38.84355 0.177544413462
38.9367 0.20182103055
39.02985 0.229255320818
39.123 0.259149116896
39.21615 0.289349139881
39.3093 0.316956381554
39.40245 0.339157837776
39.4956 0.353918102241
39.58875 0.360336746062
39.6819 0.358608289253
39.77505 0.349665370734
39.8682 0.334688601125
39.96135 0.314691975411
40.0545 0.290335858102
40.14765 0.262008489726
40.2408 0.230099872925
40.33395 0.195316389926
40.4271 0.158878046535
40.52025 0.122499913083
40.6134 0.0881549239568
40.70655 0.057703780189
40.7997 0.0325230084004
40.89285 0.0132500854229
40.986 -0.000292529586573
41.07915 -0.00900338953145
41.1723 -0.014298055191
41.26545 -0.0178672402335
41.3586 -0.0214459787327
41.45175 -0.0266058796378
41.5449 -0.0345587935053
41.63805 -0.0459651188559
41.7312 -0.060769182417
41.82435 -0.0781162142102
41.9175 -0.0964146588388
42.01065 -0.113579304702
42.1038 -0.127430992483
42.19695 -0.136162439973
42.2901 -0.138738868559
42.38325 -0.135109387552
42.4764 -0.126162255383
42.56955 -0.113443210599
42.6627 -0.0987364120509
42.75585 -0.0836493590948
42.849 -0.069330146625
42.94215 -0.0563846911527
43.0353 -0.0449801666468
43.12845 -0.0350533526623
43.2216 -0.0265156322372
43.31475 -0.0193675462352
43.4079 -0.0136912653303
43.50105 -0.00955132909323
43.5942 -0.00687429431725
43.68735 -0.00538064406506
43.7805 -0.00461013064814
43.87365 -0.00403307486189
43.9668 -0.00319918972022
44.05995 -0.00186039814303
44.1531 -1.92064393355e-05
44.24625 0.00211053429929
44.3394 0.0042063131428
44.43255 0.00595643086654
44.5257 0.0071500051859
44.61885 0.00771120784065
44.712 0.00767919491277
44.80515 0.0071571797342
44.8983 0.00626138485879
44.99145 0.00509241737994
45.0846 0.00373452464579
45.17775 0.00227199934077
45.2709 0.000804571750063
45.36405 -0.000552685252281
45.4572 -0.00168816969983
45.55035 -0.00252264505488
45.6435 -0.00303344345693
45.73665 -0.00326141912179
45.8298 -0.00329665232444
45.92295 -0.00324879996252
46.0161 -0.00321417016299
46.10925 -0.00325156913234
46.2024 -0.00337369666544
46.29555 -0.00355375776722
46.3887 -0.00374170333599
46.48185 -0.00388312101367
46.575 -0.00393582981046
46.66815 -0.00393582981046
46.7613 -0.00393582981046
46.85445 -0.00393582981046
46.9476 -0.00393582981046
47.04075 -0.00393582981046
47.1339 -0.00393582981046
47.22705 -0.00393582981046
47.3202 -0.00393582981046
47.41335 -0.00393582981046
47.5065 -0.00393582981046
47.59965 -0.00393582981046
47.6928 -0.00393582981046
47.78595 -0.00393582981046
47.8791 -0.00393582981046
47.97225 -0.00393582981046
48.0654 -0.00393582981046
48.15855 -0.00393582981046
48.2517 -0.00393582981046
48.34485 -0.00393582981046
48.438 -0.00393582981046
48.53115 -0.00393582981046
48.6243 -0.00393582981046
48.71745 -0.00393582981046
48.8106 -0.00393582981046
48.90375 -0.00393582981046
48.9969 -0.00393582981046
49.09005 -0.00393582981046
49.1832 -0.00393582981046
49.27635 -0.00393582981046
49.3695 -0.00393582981046
49.46265 -0.00393582981046
49.5558 -0.00393582981046
49.64895 -0.00393582981046
49.7421 -0.00393582981046
49.83525 -0.00393582981046
49.9284 -0.00393582981046
50.02155 -0.00393582981046
50.1147 -0.00393582981046
50.20785 -0.00393582981046
50.301 -0.00393582981046
50.39415 -0.00393582981046
50.4873 -0.00393582981046
50.58045 -0.00393582981046
50.6736 -0.00393582981046
50.76675 -0.00393582981046
50.8599 -0.00393582981046
50.95305 -0.00393582981046
51.0462 -0.00393582981046
51.13935 -0.00393582981046
51.2325 -0.00393582981046
51.32565 -0.00393582981046
51.4188 -0.00393582981046
51.51195 -0.00393582981046
51.6051 -0.00393582981046
51.69825 -0.00393582981046
51.7914 -0.00393582981046
51.88455 -0.00393582981046
51.9777 -0.00393582981046
52.07085 -0.00393582981046
52.164 -0.00393582981046
52.25715 -0.00393582981046
52.3503 -0.00393582981046
52.44345 -0.00393582981046
52.5366 -0.00393582981046
52.62975 -0.00393582981046
52.7229 -0.00393582981046
52.81605 -0.00393582981046
52.9092 -0.00393582981046
53.00235 -0.00393582981046
53.0955 -0.00393582981046
53.18865 -0.00393582981046
53.2818 -0.00393582981046
53.37495 -0.00393582981046
53.4681 -0.00393582981046
53.56125 -0.00393582981046
53.6544 -0.00393582981046
53.74755 -0.00393582981046
53.8407 -0.00393582981046
53.93385 -0.00393582981046
54.027 -0.00393582981046
54.12015 -0.00393582981046
54.2133 -0.00393582981046
54.30645 -0.00393582981046
54.3996 -0.00393582981046
54.49275 -0.00393582981046
54.5859 -0.00393582981046
54.67905 -0.00393582981046
54.7722 -0.00393582981046
54.86535 -0.00393582981046
54.9585 -0.00393582981046
55.05165 -0.00393582981046
55.1448 -0.00393582981046
55.23795 -0.00393582981046
55.3311 -0.00393582981046
55.42425 -0.00393582981046
55.5174 -0.00393582981046
55.61055 -0.00393582981046
55.7037 -0.00393582981046
55.79685 -0.00393582981046
55.89 -0.00393582981046
55.98315 -0.00393582981046
56.0763 -0.00393582981046
56.16945 -0.00393582981046
56.2626 -0.00393582981046
56.35575 -0.00393582981046
56.4489 -0.00393582981046
56.54205 -0.00393582981046
56.6352 -0.00393582981046
56.72835 -0.00393582981046
56.8215 -0.00393582981046
56.91465 -0.00393582981046
57.0078 -0.00393582981046
57.10095 -0.00393582981046
57.1941 -0.00393582981046
57.28725 -0.00393582981046
57.3804 -0.00393582981046
57.47355 -0.00393582981046
57.5667 -0.00393582981046
57.65985 -0.00393582981046
57.753 -0.00393582981046
57.84615 -0.00393582981046
57.9393 -0.00393582981046
58.03245 -0.00393582981046
58.1256 -0.00393582981046
58.21875 -0.00393582981046
58.3119 -0.00393582981046
58.40505 -0.00393582981046
58.4982 -0.00393582981046
58.59135 -0.00393582981046
58.6845 -0.00393582981046
58.77765 -0.00393582981046
58.8708 -0.00393582981046
58.96395 -0.00393582981046
59.0571 -0.00393582981046
59.15025 -0.00393582981046
59.2434 -0.00393582981046
59.33655 -0.00393582981046
59.4297 -0.00393582981046
59.52285 -0.00393582981046
59.616 -0.00393582981046
59.70915 -0.00393582981046
59.8023 -0.00393582981046
59.89545 -0.00393582981046
59.9886 -0.00393582981046
60.08175 -0.00393582981046
60.1749 -0.00393582981046
60.26805 -0.00393582981046
60.3612 -0.00393582981046
60.45435 -0.00393582981046
60.5475 -0.00393582981046
60.64065 -0.00393582981046
60.7338 -0.00393582981046
60.82695 -0.00393582981046
60.9201 -0.00393582981046
61.01325 -0.00393582981046
61.1064 -0.00393582981046
61.19955 -0.00393582981046
61.2927 -0.00393582981046
61.38585 -0.00393582981046
61.479 -0.00393582981046
61.57215 -0.00393582981046
61.6653 -0.00393582981046
61.75845 -0.00393582981046
61.8516 -0.00393582981046
61.94475 -0.00393582981046
62.0379 -0.00393582981046
62.13105 -0.00393582981046
62.2242 -0.00393582981046
62.31735 -0.00393582981046
62.4105 -0.00393582981046
62.50365 -0.00393582981046
62.5968 -0.00393582981046
62.68995 -0.00393582981046
62.7831 -0.00393582981046
62.87625 -0.00393582981046
62.9694 -0.00393582981046
63.06255 -0.00393582981046
63.1557 -0.00393582981046
63.24885 -0.00393582981046
63.342 -0.00393582981046
63.43515 -0.00393582981046
63.5283 -0.00393582981046
63.62145 -0.00393582981046
63.7146 -0.00393582981046
63.80775 -0.00393582981046
63.9009 -0.00393582981046
63.99405 -0.00393582981046
64.0872 -0.00393582981046
64.18035 -0.00393582981046
64.2735 -0.00393582981046
64.36665 -0.00393582981046
64.4598 -0.00393582981046
64.55295 -0.00393582981046
64.6461 -0.00393582981046
64.73925 -0.00393582981046
64.8324 -0.00393582981046
64.92555 -0.00393582981046
65.0187 -0.00393582981046
65.11185 -0.00393582981046
65.205 -0.00393582981046
65.29815 -0.00393582981046
65.3913 -0.00393582981046
65.48445 -0.00393582981046
65.5776 -0.00393582981046
65.67075 -0.00393582981046
65.7639 -0.00393582981046
65.85705 -0.00393582981046
65.9502 -0.00393582981046
66.04335 -0.00393582981046
66.1365 -0.00393582981046
66.22965 -0.00393582981046
66.3228 -0.00393582981046
66.41595 -0.00393582981046
66.5091 -0.00393582981046
66.60225 -0.00393582981046
66.6954 -0.00393582981046
66.78855 -0.00393582981046
66.8817 -0.00393582981046
66.97485 -0.00393582981046
67.068 -0.00393582981046
67.16115 -0.00393582981046
67.2543 -0.00393582981046
67.34745 -0.00393582981046
67.4406 -0.00393582981046
67.53375 -0.00393582981046
67.6269 -0.00393582981046
67.72005 -0.00393582981046
67.8132 -0.00393582981046
67.90635 -0.00393582981046
67.9995 -0.00393582981046
68.09265 -0.00393582981046
68.1858 -0.00393582981046
68.27895 -0.00393582981046
68.3721 -0.00393582981046
68.46525 -0.00393582981046
68.5584 -0.00393582981046
68.65155 -0.00393582981046
68.7447 -0.00393582981046
68.83785 -0.00393582981046
68.931 -0.00393582981046
69.02415 -0.00393582981046
69.1173 -0.00393582981046
69.21045 -0.00393582981046
69.3036 -0.00393582981046
69.39675 -0.00393582981046
69.4899 -0.00393582981046
69.58305 -0.00393582981046
69.6762 -0.00393582981046
69.76935 -0.00393582981046
69.8625 -0.00393582981046
69.95565 -0.00393582981046
70.0488 -0.00393582981046
70.14195 -0.00393582981046
70.2351 -0.00393582981046
70.32825 -0.00393582981046
70.4214 -0.00393582981046
70.51455 -0.00393582981046
70.6077 -0.00393582981046
70.70085 -0.00393582981046
70.794 -0.00393582981046
70.88715 -0.00393582981046
70.9803 -0.00393582981046
71.07345 -0.00393582981046
71.1666 -0.00393582981046
71.25975 -0.00393582981046
71.3529 -0.00393582981046
71.44605 -0.00393582981046
71.5392 -0.00393582981046
71.63235 -0.00393582981046
71.7255 -0.00393582981046
71.81865 -0.00393582981046
71.9118 -0.00393582981046
72.00495 -0.00393582981046
72.0981 -0.00393582981046
72.19125 -0.00393582981046
72.2844 -0.00393582981046
72.37755 -0.00393582981046
72.4707 -0.00393582981046
72.56385 -0.00393582981046
72.657 -0.00393582981046
72.75015 -0.00393582981046
72.8433 -0.00393582981046
72.93645 -0.00393582981046
73.0296 -0.00393582981046
73.12275 -0.00393582981046
73.2159 -0.00393582981046
73.30905 -0.00393582981046
73.4022 -0.00393582981046
73.49535 -0.00393582981046
73.5885 -0.00393582981046
73.68165 -0.00393582981046
73.7748 -0.00393582981046
73.86795 -0.00393582981046
73.9611 -0.00393582981046
74.05425 -0.00393582981046
74.1474 -0.00393582981046
74.24055 -0.00393582981046
74.3337 -0.00393582981046
74.42685 -0.00393582981046
74.52 -0.00393582981046
74.61315 -0.00393582981046
74.7063 -0.00393582981046
74.79945 -0.00393582981046
74.8926 -0.00393582981046
74.98575 -0.00393582981046
75.0789 -0.00393582981046
75.17205 -0.00393582981046
75.2652 -0.00393582981046
75.35835 -0.00393582981046
75.4515 -0.00393582981046
75.54465 -0.00393582981046
75.6378 -0.00393582981046
75.73095 -0.00393582981046
75.8241 -0.00393582981046
75.91725 -0.00393582981046
76.0104 -0.00393582981046
76.10355 -0.00393582981046
76.1967 -0.00393582981046
76.28985 -0.00393582981046
76.383 -0.00393582981046
76.47615 -0.00393582981046
76.5693 -0.00393582981046
76.66245 -0.00393582981046
76.7556 -0.00393582981046
76.84875 -0.00393582981046
76.9419 -0.00393582981046
77.03505 -0.00393582981046
77.1282 -0.00393582981046
77.22135 -0.00393582981046
77.3145 -0.00393582981046
77.40765 -0.00393582981046
77.5008 -0.00393582981046
77.59395 -0.00393582981046
77.6871 -0.00393582981046
77.78025 -0.00393582981046
77.8734 -0.00393582981046
77.96655 -0.00393582981046
78.0597 -0.00393582981046
78.15285 -0.00393582981046
78.246 -0.00393582981046
78.33915 -0.00393582981046
78.4323 -0.00393582981046
78.52545 -0.00393582981046
78.6186 -0.00393582981046
78.71175 -0.00393582981046
78.8049 -0.00393582981046
78.89805 -0.00393582981046
78.9912 -0.00393582981046
79.08435 -0.00393582981046
79.1775 -0.00393582981046
79.27065 -0.00393582981046
79.3638 -0.00393582981046
79.45695 -0.00393582981046
79.5501 -0.00393582981046
79.64325 -0.00393582981046
79.7364 -0.00393582981046
79.82955 -0.00393582981046
79.9227 -0.00393582981046
80.01585 -0.00393582981046
80.109 -0.00393582981046
80.20215 -0.00393582981046
80.2953 -0.00393582981046
80.38845 -0.00393582981046
80.4816 -0.00393582981046
80.57475 -0.00393582981046
80.6679 -0.00393582981046
80.76105 -0.00393582981046
80.8542 -0.00393582981046
80.94735 -0.00393582981046
81.0405 -0.00393582981046
81.13365 -0.00393582981046
81.2268 -0.00393582981046
81.31995 -0.00393582981046
81.4131 -0.00393582981046
81.50625 -0.00393582981046
81.5994 -0.00393582981046
81.69255 -0.00393582981046
81.7857 -0.00393582981046
81.87885 -0.00393582981046
81.972 -0.00393582981046
82.06515 -0.00393582981046
82.1583 -0.00393582981046
82.25145 -0.00393582981046
82.3446 -0.00393582981046
82.43775 -0.00393582981046
82.5309 -0.00393582981046
82.62405 -0.00393582981046
82.7172 -0.00393582981046
82.81035 -0.00393582981046
82.9035 -0.00393582981046
82.99665 -0.00393582981046
83.0898 -0.00393582981046
83.18295 -0.00393582981046
83.2761 -0.00393582981046
83.36925 -0.00393582981046
83.4624 -0.00393582981046
83.55555 -0.00393582981046
83.6487 -0.00393582981046
83.74185 -0.00393582981046
83.835 -0.00393582981046
83.92815 -0.00393582981046
84.0213 -0.00393582981046
84.11445 -0.00393582981046
84.2076 -0.00393582981046
84.30075 -0.00393582981046
84.3939 -0.00393582981046
84.48705 -0.00393582981046
84.5802 -0.00393582981046
84.67335 -0.00393582981046
84.7665 -0.00393582981046
84.85965 -0.00393582981046
84.9528 -0.00393582981046
85.04595 -0.00393582981046
85.1391 -0.00393582981046
85.23225 -0.00393582981046
85.3254 -0.00393582981046
85.41855 -0.00393582981046
85.5117 -0.00393582981046
85.60485 -0.00393582981046
85.698 -0.00393582981046
85.79115 -0.00393582981046
85.8843 -0.00393582981046
85.97745 -0.00393582981046
86.0706 -0.00393582981046
86.16375 -0.00393582981046
86.2569 -0.00393582981046
86.35005 -0.00393582981046
86.4432 -0.00393582981046
86.53635 -0.00393582981046
86.6295 -0.00393582981046
86.72265 -0.00393582981046
86.8158 -0.00393582981046
86.90895 -0.00393582981046
87.0021 -0.00393582981046
87.09525 -0.00393582981046
87.1884 -0.00393582981046
87.28155 -0.00393582981046
87.3747 -0.00393582981046
87.46785 -0.00393582981046
87.561 -0.00393582981046
87.65415 -0.00393582981046
87.7473 -0.00393582981046
87.84045 -0.00393582981046
87.9336 -0.00393582981046
88.02675 -0.00393582981046
88.1199 -0.00393582981046
88.21305 -0.00393582981046
88.3062 -0.00393582981046
88.39935 -0.00393582981046
88.4925 -0.00393582981046
88.58565 -0.00393582981046
88.6788 -0.00393582981046
88.77195 -0.00393582981046
88.8651 -0.00393582981046
88.95825 -0.00393582981046
89.0514 -0.00393582981046
89.14455 -0.00393582981046
89.2377 -0.00393582981046
89.33085 -0.00393582981046
89.424 -0.00393582981046
89.51715 -0.00393582981046
89.6103 -0.00393582981046
89.70345 -0.00393582981046
89.7966 -0.00393582981046
89.88975 -0.00393582981046
89.9829 -0.00393582981046
90.07605 -0.00393582981046
90.1692 -0.00393582981046
90.26235 -0.00393582981046
90.3555 -0.00393582981046
90.44865 -0.00393582981046
90.5418 -0.00393582981046
90.63495 -0.00393582981046
90.7281 -0.00393582981046
90.82125 -0.00393582981046
90.9144 -0.00393582981046
91.00755 -0.00393582981046
91.1007 -0.00393582981046
91.19385 -0.00393582981046
91.287 -0.00393582981046
91.38015 -0.00393582981046
91.4733 -0.00393582981046
91.56645 -0.00393582981046
91.6596 -0.00393582981046
91.75275 -0.00393582981046
91.8459 -0.00393582981046
91.93905 -0.00393582981046
92.0322 -0.00393582981046
92.12535 -0.00393582981046
92.2185 -0.00393582981046
92.31165 -0.00393582981046
92.4048 -0.00393582981046
92.49795 -0.00393582981046
92.5911 -0.00393582981046
92.68425 -0.00393582981046
92.7774 -0.00393582981046
92.87055 -0.00393582981046
92.9637 -0.00393582981046
93.05685 -0.00393582981046
93.15 -0.00393582981046
93.24315 -0.00393582981046
93.3363 -0.00393582981046
93.42945 -0.00393582981046
93.5226 -0.00393582981046
93.61575 -0.00393582981046
93.7089 -0.00393582981046
93.80205 -0.00393582981046
93.8952 -0.00393582981046
93.98835 -0.00393582981046
94.0815 -0.00393582981046
94.17465 -0.00393582981046
94.2678 -0.00393582981046
94.36095 -0.00393582981046
94.4541 -0.00393582981046
94.54725 -0.00393582981046
94.6404 -0.00393582981046
94.73355 -0.00393582981046
94.8267 -0.00393582981046
94.91985 -0.00393582981046
95.013 -0.00393582981046
95.10615 -0.00393582981046
95.1993 -0.00393582981046
95.29245 -0.00393582981046
