0.0 -0.199180757562
0.094276 0.0743465086915
0.188552 0.261565687983
0.282828 0.369340583779
0.377104 0.441707324908
0.47138 0.535825271815
0.565656 0.69140470579
0.659932 0.905950986422
0.754208 1.12591118153
0.848484 1.25746698787
0.94276 1.19300375092
1.037036 0.845823459383
1.131312 0.184526432928
1.225588 -0.742758862625
1.319864 -1.80265870051
1.41414 -2.79223958268
1.508416 -3.47021475545
1.602692 -3.59710705207
1.696968 -2.98735450325
1.791244 -1.57457035865
1.88552 0.527406072416
1.979796 2.99812619329
2.074072 5.34165010248
2.168348 6.98064926785
2.262624 7.40095145496
2.3569 6.30990390531
2.451176 3.75110338447
2.545452 0.12394798701
2.639728 -3.90437130454
2.734004 -7.56047098576
2.82828 -10.1422375879
2.922556 -11.160926653
3.016832 -10.4236959343
3.111108 -8.05446651505
3.205384 -4.45475916023
3.29966 -0.20947470917
3.393936 4.04014229239
3.488212 7.71780391263
3.582488 10.3939334934
3.676764 11.8169437169
3.77104 11.9059770649
3.865316 10.7262670866
3.959592 8.46241008382
4.053868 5.39323455356
4.148144 1.8646504982
4.24242 -1.74343608909
4.336696 -5.05623227206
4.430972 -7.74625381248
4.525248 -9.57314123012
4.619524 -10.4128545963
4.7138 -10.2688172306
4.808076 -9.26150929703
4.902352 -7.59652953612
4.996628 -5.5160392234
5.090904 -3.24664922443
5.18518 -0.962444913443
5.279456 1.22296187265
5.373732 3.23614032462
5.468008 5.01089932369
5.562284 6.46378714896
5.65656 7.49231532415
5.750836 7.99636868617
5.845112 7.91155661674
5.939388 7.23860123337
6.033664 6.05562915191
6.12794 4.50788651134
6.222216 2.77828194748
6.316492 1.04891280492
6.410768 -0.534201214367
6.505044 -1.88292801926
6.59932 -2.96973942763
6.693596 -3.81235255766
6.787872 -4.44798647947
6.882148 -4.90861552569
6.976424 -5.20689906472
7.0707 -5.33594901049
7.164976 -5.27907850427
7.259252 -5.02205295962
7.353528 -4.56162923812
7.447804 -3.90851088652
7.54208 -3.08630063495
7.636356 -2.12902490823
7.730632 -1.07875679205
7.824908 0.0168541276672
7.919184 1.10789421742
8.01346 2.14650264757
8.107736 3.09166174609
8.202012 3.91340586855
8.296288 4.59479395096
8.390564 5.1298364736
8.48484 5.5167576862
8.579116 5.74822178112
8.673392 5.80251707028
8.767668 5.64095083236
8.861944 5.21534968459
8.95622 4.48523835187
9.050496 3.43886731514
9.144772 2.10923254406
9.239048 0.577594526173
9.333324 -1.03799984994
9.4276 -2.60529083825
9.521876 -4.00307531049
9.616152 -5.14058339132
9.710428 -5.96589784239
9.804704 -6.46322004713
9.89898 -6.64279606068
9.993256 -6.52915139229
10.087532 -6.15262087792
10.181808 -5.54640284851
10.276084 -4.74778701667
10.37036 -3.79990316586
10.464636 -2.75064240112
10.558912 -1.64785287182
10.653188 -0.532821594104
10.747464 0.564325703712
10.84174 1.62420989157
10.936016 2.63218126919
11.030292 3.56939852157
11.124568 4.40583519888
11.218844 5.09949604221
11.31312 5.60312875526
11.407396 5.87607970797
11.501672 5.89649528049
11.595948 5.66877890427
11.690224 5.22310725259
11.7845 4.6071024535
11.878776 3.87302925143
11.973052 3.06558788576
12.067328 2.21474667546
12.161604 1.33554898328
12.25588 0.433766077724
12.350156 -0.485900024629
12.444432 -1.41278316683
12.538708 -2.32682104114
12.632984 -3.19904288092
12.72726 -3.99458441214
12.821536 -4.67633944058
12.915812 -5.2080524585
13.010088 -5.55684549536
13.104364 -5.69598582162
13.19864 -5.60859766267
13.292916 -5.29207633416
13.387192 -4.7618034852
13.481468 -4.05217516086
13.575744 -3.2134441483
13.67002 -2.30435591094
13.764296 -1.38234679125
13.858572 -0.494268091658
13.952848 0.329447152984
14.047124 1.07555797706
14.1414 1.74405474338
14.235676 2.34147950424
14.329952 2.87424145504
14.424228 3.34413471757
14.518504 3.74693542757
14.61278 4.0735365797
14.707056 4.31225530859
14.801332 4.45100415284
14.895608 4.47873903879
14.989884 4.38643638486
15.08416 4.16827063983
15.178436 3.8234335766
15.272712 3.35834839355
15.366988 2.78835838194
15.461264 2.13777709238
15.55554 1.4376575762
15.649816 0.721567108902
15.744092 0.0205638199989
15.838368 -0.641018518304
15.932644 -1.24768187483
16.02692 -1.79234923379
16.121196 -2.27399495098
16.215472 -2.69452238992
16.309748 -3.05609531278
16.404024 -3.35958928276
16.4983 -3.60410550551
16.592576 -3.78700321961
16.686852 -3.90389893956
16.781128 -3.94848680427
16.875404 -3.91253954157
16.96968 -3.78668874262
17.063956 -3.56236194305
17.158232 -3.23466540196
17.252508 -2.80537182122
17.346784 -2.28487250834
17.44106 -1.69218660426
17.535336 -1.05280556323
17.629612 -0.394969146404
17.723888 0.254466167496
17.818164 0.873343138626
17.91244 1.44591177447
18.006716 1.96281594264
18.100992 2.41983482402
18.195268 2.81610788205
18.289544 3.15244613435
18.38382 3.42999010528
18.478096 3.64916625013
18.572372 3.80880453604
18.666648 3.90542784544
18.760924 3.93296082961
18.8552 3.88321963954
18.949476 3.74739649295
19.043752 3.51837247986
19.138028 3.19326485249
19.232304 2.77538221263
19.32658 2.27487823237
19.420856 1.70783815439
19.515132 1.09410550443
19.609408 0.454592977927
19.703684 -0.191072469854
19.79796 -0.825966822809
19.892236 -1.43619277592
19.986512 -2.01037162298
20.080788 -2.53876956296
20.175064 -3.01247585275
20.26934 -3.42284927752
20.363616 -3.76125905335
20.457892 -4.0190807929
20.552168 -4.18796540017
20.646444 -4.26047403132
20.74072 -4.23114171103
20.834996 -4.09784953327
20.929272 -3.86312798954
21.023548 -3.5348462871
21.117824 -3.12581604265
21.2121 -2.65218729104
21.306376 -2.13101541487
21.400652 -1.57779349134
21.494928 -1.00484819401
21.589204 -0.421196578014
21.68348 0.16613764643
21.777756 0.74998038572
21.872032 1.32103203309
21.966308 1.86697440795
22.060584 2.37307846077
22.15486 2.82406089751
22.249136 3.20641254049
22.343412 3.51028372508
22.437688 3.73030393599
22.531964 3.8652581863
22.62624 3.91704641352
22.720516 3.88956110473
22.814792 3.7879552586
22.909068 3.618371378
23.003344 3.38782420907
23.09762 3.10381213731
23.191896 2.77344965972
23.286172 2.40233616152
23.380448 1.99374240447
23.474724 1.54876029113
23.569 1.0677358336
23.663276 0.552716041085
23.757552 0.0100693930692
23.851828 -0.547817662362
23.946104 -1.1026500156
24.04038 -1.63239219141
24.134656 -2.11496173222
24.228932 -2.53230007685
24.323208 -2.87349177785
24.417484 -3.1359267805
24.51176 -3.32419280049
24.606036 -3.44716634175
24.700312 -3.51434425606
24.794588 -3.53262876803
24.888864 -3.50452290912
24.98314 -3.42814480583
25.077416 -3.29884942861
25.171692 -3.11176853064
25.265968 -2.86437527362
25.360244 -2.55827185022
25.45452 -2.19971673774
25.548796 -1.79883333354
25.643072 -1.36784563958
25.737348 -0.91896179394
25.831624 -0.462601925914
25.9259 -0.0065215607175
26.020176 0.443945759331
26.114452 0.884712320398
26.208728 1.31136105092
26.303004 1.7178566059
26.39728 2.09610790724
26.491556 2.43659173014
26.585832 2.72979838841
26.680108 2.96791332677
26.774384 3.14605978658
26.86866 3.26263949096
26.962936 3.31872110711
27.057212 3.31684406604
27.151488 3.25983066532
27.245764 3.15013121479
27.34004 2.98991066206
27.434316 2.78168800366
27.528592 2.52906486345
27.622868 2.23706192957
27.717144 1.91182100781
27.81142 1.55979337135
27.905696 1.18682794323
27.999972 0.797642734472
28.094248 0.395977109172
28.188524 -0.0146170914343
28.2828 -0.429701085897
28.377076 -0.843023222681
28.471352 -1.24617045827
28.565628 -1.62905283817
28.659904 -1.98078265169
28.75418 -2.29073787207
28.848456 -2.54955202079
28.942732 -2.74994772104
29.037008 -2.8874761367
29.131284 -2.96121955912
29.22556 -2.9743498428
29.319836 -2.93422785584
29.414112 -2.85165468301
29.508388 -2.73906655172
29.602664 -2.6078800884
29.69694 -2.46566452457
29.791216 -2.31409209401
29.885492 -2.14850903016
29.979768 -1.95946512768
30.074044 -1.73582875061
30.16832 -1.46850478343
30.262596 -1.15354357745
30.356872 -0.793687684983
30.451148 -0.398031523728
30.545424 0.0198213525194
30.6397 0.444244097202
30.733976 0.859805810212
30.828252 1.25266261067
30.922528 1.61108828549
31.016804 1.92553367792
31.11108 2.18871038608
31.205356 2.3959659164
31.299632 2.54582362511
31.393908 2.64025898626
31.488184 2.68427109801
31.58246 2.68460890733
31.676736 2.64796189146
31.771012 2.57926631426
31.865288 2.48080461341
31.959564 2.35245256807
32.05384 2.19291658472
32.148116 2.0013686492
32.242392 1.77875490765
32.336668 1.52828475819
32.430944 1.25506243247
32.52522 0.965246197741
32.619496 0.66528264969
32.713772 0.361591414115
32.808048 0.0606894023375
32.902324 -0.230612984678
32.9966 -0.50541291266
33.090876 -0.757552319125
33.185152 -0.982888474003
33.279428 -1.18039783786
33.373704 -1.35241125898
33.46798 -1.50357534345
33.562256 -1.63871818357
33.656532 -1.76038609285
33.750808 -1.8671004414
33.845084 -1.95318203972
33.93936 -2.0103610912
34.033636 -2.03060900584
34.127912 -2.00906084647
34.222188 -1.94582231556
34.316464 -1.84592313232
34.41074 -1.71748162224
34.505016 -1.56891513534
34.599292 -1.40641552336
34.693568 -1.23274036458
34.787844 -1.04774122723
34.88212 -0.850261809558
34.976396 -0.640453573656
35.070672 -0.42142614815
35.164948 -0.19950538931
35.259224 0.0169760865042
35.3535 0.219791221107
35.447776 0.402919898757
35.542052 0.563794254794
35.636328 0.703262194142
35.730604 0.824401287747
35.82488 0.930761689098
35.919156 1.02477674955
36.013432 1.10692018099
36.107708 1.17581447094
36.201984 1.22908905855
36.29626 1.2645201707
36.390536 1.28094694959
36.484812 1.27863199142
36.579088 1.2590153701
36.673364 1.22406791446
36.76764 1.1755812654
36.861916 1.11470586022
36.956192 1.04189944184
37.050468 0.957256023828
37.144744 0.861030195509
37.23902 0.754108293744
37.333296 0.638218819565
37.427572 0.51579405864
37.521848 0.389543888355
37.616124 0.261925510902
37.7104 0.134743515113
37.804676 0.00907096077246
37.898952 -0.114445444757
37.993228 -0.235000499233
38.087504 -0.351011664988
38.18178 -0.459762571285
38.276056 -0.557531283333
38.370332 -0.640244075677
38.464608 -0.704473363872
38.558884 -0.74842938619
38.65316 -0.772558453681
38.747436 -0.779483457957
38.841712 -0.773263683001
38.935988 -0.75821523948
39.030264 -0.737710483067
39.12454 -0.713387948148
39.218816 -0.685044983934
39.313092 -0.651217824592
39.407368 -0.610188639074
39.501644 -0.561005137691
39.59592 -0.504116229151
39.690196 -0.441403873116
39.784472 -0.375646778471
39.878748 -0.309675739001
39.973024 -0.245581673197
40.0673 -0.184282301947
40.161576 -0.125577956402
40.255852 -0.0686165550106
40.350128 -0.0125350899261
40.444404 0.0429920442914
40.53868 0.0974885371009
40.632956 0.149742204502
40.727232 0.198112330489
40.821508 0.240918848611
40.915784 0.27676737383
41.01006 0.30473658883
41.104336 0.324437415885
41.198612 0.336002118226
41.292888 0.340057472306
41.387164 0.337693196539
41.48144 0.330389747805
41.575716 0.3198532313
41.669992 0.307734846934
41.764268 0.295275635277
41.858544 0.282980725688
41.95282 0.270453581577
42.047096 0.256488515444
42.141372 0.239435484029
42.235648 0.217747617269
42.329924 0.190543582818
42.4242 0.157999391744
42.518476 0.121437620029
42.612752 0.0830857419062
42.707028 0.0455876279788
42.801304 0.0114291857999
42.89558 -0.0175466124102
42.989856 -0.0404083090561
43.084132 -0.0571468034999
43.178408 -0.0684734018557
43.272684 -0.0755052701655
43.36696 -0.0794485505932
43.461236 -0.081360538765
43.555512 -0.0820247326964
43.649788 -0.0819289806582
43.744064 -0.0813123431067
43.83834 -0.0802431845303
43.932616 -0.0787016520157
44.026892 -0.0766526073105
44.121168 -0.0741021334952
44.215444 -0.0711309395909
44.30972 -0.0678964402411
44.403996 -0.0645985282416
44.498272 -0.0614148197257
44.592548 -0.0584258117839
44.686824 -0.055560677496
44.7811 -0.0525924215812
44.875376 -0.0491945957135
44.969652 -0.0450464921664
45.063928 -0.0399511676375
45.158204 -0.0339221240764
45.25248 -0.0272050124398
45.346756 -0.0202260790234
45.441032 -0.0134876953015
45.535308 -0.00745021570786
45.629584 -0.00244069356116
45.72386 0.00138648496313
45.818136 0.00403558681035
45.912412 0.0056208784452
46.006688 0.00631039301109
46.100964 0.00628398060937
46.19524 0.00571392134957
46.289516 0.00476277385193
46.383792 0.00358632451659
46.478068 0.00233145910094
46.572344 0.00112633686267
46.66662 6.77018051634e-05
46.760896 -0.000787080508558
46.855172 -0.00141857267565
46.949448 -0.00183552824045
47.043724 -0.00206248729531
47.138 -0.00213065804169
47.232276 -0.00213065804169
47.326552 -0.00213065804169
47.420828 -0.00213065804169
47.515104 -0.00213065804169
47.60938 -0.00213065804169
47.703656 -0.00213065804169
47.797932 -0.00213065804169
47.892208 -0.00213065804169
47.986484 -0.00213065804169
48.08076 -0.00213065804169
48.175036 -0.00213065804169
48.269312 -0.00213065804169
48.363588 -0.00213065804169
48.457864 -0.00213065804169
48.55214 -0.00213065804169
48.646416 -0.00213065804169
48.740692 -0.00213065804169
48.834968 -0.00213065804169
48.929244 -0.00213065804169
49.02352 -0.00213065804169
49.117796 -0.00213065804169
49.212072 -0.00213065804169
49.306348 -0.00213065804169
49.400624 -0.00213065804169
49.4949 -0.00213065804169
49.589176 -0.00213065804169
49.683452 -0.00213065804169
49.777728 -0.00213065804169
49.872004 -0.00213065804169
49.96628 -0.00213065804169
50.060556 -0.00213065804169
50.154832 -0.00213065804169
50.249108 -0.00213065804169
50.343384 -0.00213065804169
50.43766 -0.00213065804169
50.531936 -0.00213065804169
50.626212 -0.00213065804169
50.720488 -0.00213065804169
50.814764 -0.00213065804169
50.90904 -0.00213065804169
51.003316 -0.00213065804169
51.097592 -0.00213065804169
51.191868 -0.00213065804169
51.286144 -0.00213065804169
51.38042 -0.00213065804169
51.474696 -0.00213065804169
51.568972 -0.00213065804169
51.663248 -0.00213065804169
51.757524 -0.00213065804169
51.8518 -0.00213065804169
51.946076 -0.00213065804169
52.040352 -0.00213065804169
52.134628 -0.00213065804169
52.228904 -0.00213065804169
52.32318 -0.00213065804169
52.417456 -0.00213065804169
52.511732 -0.00213065804169
52.606008 -0.00213065804169
52.700284 -0.00213065804169
52.79456 -0.00213065804169
52.888836 -0.00213065804169
52.983112 -0.00213065804169
53.077388 -0.00213065804169
53.171664 -0.00213065804169
53.26594 -0.00213065804169
53.360216 -0.00213065804169
53.454492 -0.00213065804169
53.548768 -0.00213065804169
53.643044 -0.00213065804169
53.73732 -0.00213065804169
53.831596 -0.00213065804169
53.925872 -0.00213065804169
54.020148 -0.00213065804169
54.114424 -0.00213065804169
54.2087 -0.00213065804169
54.302976 -0.00213065804169
54.397252 -0.00213065804169
54.491528 -0.00213065804169
54.585804 -0.00213065804169
54.68008 -0.00213065804169
54.774356 -0.00213065804169
54.868632 -0.00213065804169
54.962908 -0.00213065804169
55.057184 -0.00213065804169
55.15146 -0.00213065804169
55.245736 -0.00213065804169
55.340012 -0.00213065804169
55.434288 -0.00213065804169
55.528564 -0.00213065804169
55.62284 -0.00213065804169
55.717116 -0.00213065804169
55.811392 -0.00213065804169
55.905668 -0.00213065804169
55.999944 -0.00213065804169
56.09422 -0.00213065804169
56.188496 -0.00213065804169
56.282772 -0.00213065804169
56.377048 -0.00213065804169
56.471324 -0.00213065804169
56.5656 -0.00213065804169
56.659876 -0.00213065804169
56.754152 -0.00213065804169
56.848428 -0.00213065804169
56.942704 -0.00213065804169
57.03698 -0.00213065804169
57.131256 -0.00213065804169
57.225532 -0.00213065804169
57.319808 -0.00213065804169
57.414084 -0.00213065804169
57.50836 -0.00213065804169
57.602636 -0.00213065804169
57.696912 -0.00213065804169
57.791188 -0.00213065804169
57.885464 -0.00213065804169
57.97974 -0.00213065804169
58.074016 -0.00213065804169
58.168292 -0.00213065804169
58.262568 -0.00213065804169
58.356844 -0.00213065804169
58.45112 -0.00213065804169
58.545396 -0.00213065804169
58.639672 -0.00213065804169
58.733948 -0.00213065804169
58.828224 -0.00213065804169
58.9225 -0.00213065804169
59.016776 -0.00213065804169
59.111052 -0.00213065804169
59.205328 -0.00213065804169
59.299604 -0.00213065804169
59.39388 -0.00213065804169
59.488156 -0.00213065804169
59.582432 -0.00213065804169
59.676708 -0.00213065804169
59.770984 -0.00213065804169
59.86526 -0.00213065804169
59.959536 -0.00213065804169
60.053812 -0.00213065804169
60.148088 -0.00213065804169
60.242364 -0.00213065804169
60.33664 -0.00213065804169
60.430916 -0.00213065804169
60.525192 -0.00213065804169
60.619468 -0.00213065804169
60.713744 -0.00213065804169
60.80802 -0.00213065804169
60.902296 -0.00213065804169
60.996572 -0.00213065804169
61.090848 -0.00213065804169
61.185124 -0.00213065804169
61.2794 -0.00213065804169
61.373676 -0.00213065804169
61.467952 -0.00213065804169
61.562228 -0.00213065804169
61.656504 -0.00213065804169
61.75078 -0.00213065804169
61.845056 -0.00213065804169
61.939332 -0.00213065804169
62.033608 -0.00213065804169
62.127884 -0.00213065804169
62.22216 -0.00213065804169
62.316436 -0.00213065804169
62.410712 -0.00213065804169
62.504988 -0.00213065804169
62.599264 -0.00213065804169
62.69354 -0.00213065804169
62.787816 -0.00213065804169
62.882092 -0.00213065804169
62.976368 -0.00213065804169
63.070644 -0.00213065804169
63.16492 -0.00213065804169
63.259196 -0.00213065804169
63.353472 -0.00213065804169
63.447748 -0.00213065804169
63.542024 -0.00213065804169
63.6363 -0.00213065804169
63.730576 -0.00213065804169
63.824852 -0.00213065804169
63.919128 -0.00213065804169
64.013404 -0.00213065804169
64.10768 -0.00213065804169
64.201956 -0.00213065804169
64.296232 -0.00213065804169
64.390508 -0.00213065804169
64.484784 -0.00213065804169
64.57906 -0.00213065804169
64.673336 -0.00213065804169
64.767612 -0.00213065804169
64.861888 -0.00213065804169
64.956164 -0.00213065804169
65.05044 -0.00213065804169
65.144716 -0.00213065804169
65.238992 -0.00213065804169
65.333268 -0.00213065804169
65.427544 -0.00213065804169
65.52182 -0.00213065804169
65.616096 -0.00213065804169
65.710372 -0.00213065804169
65.804648 -0.00213065804169
65.898924 -0.00213065804169
65.9932 -0.00213065804169
66.087476 -0.00213065804169
66.181752 -0.00213065804169
66.276028 -0.00213065804169
66.370304 -0.00213065804169
66.46458 -0.00213065804169
66.558856 -0.00213065804169
66.653132 -0.00213065804169
66.747408 -0.00213065804169
66.841684 -0.00213065804169
66.93596 -0.00213065804169
67.030236 -0.00213065804169
67.124512 -0.00213065804169
67.218788 -0.00213065804169
67.313064 -0.00213065804169
67.40734 -0.00213065804169
67.501616 -0.00213065804169
67.595892 -0.00213065804169
67.690168 -0.00213065804169
67.784444 -0.00213065804169
67.87872 -0.00213065804169
67.972996 -0.00213065804169
68.067272 -0.00213065804169
68.161548 -0.00213065804169
68.255824 -0.00213065804169
68.3501 -0.00213065804169
68.444376 -0.00213065804169
68.538652 -0.00213065804169
68.632928 -0.00213065804169
68.727204 -0.00213065804169
68.82148 -0.00213065804169
68.915756 -0.00213065804169
69.010032 -0.00213065804169
69.104308 -0.00213065804169
69.198584 -0.00213065804169
69.29286 -0.00213065804169
69.387136 -0.00213065804169
69.481412 -0.00213065804169
69.575688 -0.00213065804169
69.669964 -0.00213065804169
69.76424 -0.00213065804169
69.858516 -0.00213065804169
69.952792 -0.00213065804169
70.047068 -0.00213065804169
70.141344 -0.00213065804169
70.23562 -0.00213065804169
70.329896 -0.00213065804169
70.424172 -0.00213065804169
70.518448 -0.00213065804169
70.612724 -0.00213065804169
70.707 -0.00213065804169
70.801276 -0.00213065804169
70.895552 -0.00213065804169
70.989828 -0.00213065804169
71.084104 -0.00213065804169
71.17838 -0.00213065804169
71.272656 -0.00213065804169
71.366932 -0.00213065804169
71.461208 -0.00213065804169
71.555484 -0.00213065804169
71.64976 -0.00213065804169
71.744036 -0.00213065804169
71.838312 -0.00213065804169
71.932588 -0.00213065804169
72.026864 -0.00213065804169
72.12114 -0.00213065804169
72.215416 -0.00213065804169
72.309692 -0.00213065804169
72.403968 -0.00213065804169
72.498244 -0.00213065804169
72.59252 -0.00213065804169
72.686796 -0.00213065804169
72.781072 -0.00213065804169
72.875348 -0.00213065804169
72.969624 -0.00213065804169
73.0639 -0.00213065804169
73.158176 -0.00213065804169
73.252452 -0.00213065804169
73.346728 -0.00213065804169
73.441004 -0.00213065804169
73.53528 -0.00213065804169
73.629556 -0.00213065804169
73.723832 -0.00213065804169
73.818108 -0.00213065804169
73.912384 -0.00213065804169
74.00666 -0.00213065804169
74.100936 -0.00213065804169
74.195212 -0.00213065804169
74.289488 -0.00213065804169
74.383764 -0.00213065804169
74.47804 -0.00213065804169
74.572316 -0.00213065804169
74.666592 -0.00213065804169
74.760868 -0.00213065804169
74.855144 -0.00213065804169
74.94942 -0.00213065804169
75.043696 -0.00213065804169
75.137972 -0.00213065804169
75.232248 -0.00213065804169
75.326524 -0.00213065804169
75.4208 -0.00213065804169
75.515076 -0.00213065804169
75.609352 -0.00213065804169
75.703628 -0.00213065804169
75.797904 -0.00213065804169
75.89218 -0.00213065804169
75.986456 -0.00213065804169
76.080732 -0.00213065804169
76.175008 -0.00213065804169
76.269284 -0.00213065804169
76.36356 -0.00213065804169
76.457836 -0.00213065804169
76.552112 -0.00213065804169
76.646388 -0.00213065804169
76.740664 -0.00213065804169
76.83494 -0.00213065804169
76.929216 -0.00213065804169
77.023492 -0.00213065804169
77.117768 -0.00213065804169
77.212044 -0.00213065804169
77.30632 -0.00213065804169
77.400596 -0.00213065804169
77.494872 -0.00213065804169
77.589148 -0.00213065804169
77.683424 -0.00213065804169
77.7777 -0.00213065804169
77.871976 -0.00213065804169
77.966252 -0.00213065804169
78.060528 -0.00213065804169
78.154804 -0.00213065804169
78.24908 -0.00213065804169
78.343356 -0.00213065804169
78.437632 -0.00213065804169
78.531908 -0.00213065804169
78.626184 -0.00213065804169
78.72046 -0.00213065804169
78.814736 -0.00213065804169
78.909012 -0.00213065804169
79.003288 -0.00213065804169
79.097564 -0.00213065804169
79.19184 -0.00213065804169
79.286116 -0.00213065804169
79.380392 -0.00213065804169
79.474668 -0.00213065804169
79.568944 -0.00213065804169
79.66322 -0.00213065804169
79.757496 -0.00213065804169
79.851772 -0.00213065804169
79.946048 -0.00213065804169
80.040324 -0.00213065804169
80.1346 -0.00213065804169
80.228876 -0.00213065804169
80.323152 -0.00213065804169
80.417428 -0.00213065804169
80.511704 -0.00213065804169
80.60598 -0.00213065804169
80.700256 -0.00213065804169
80.794532 -0.00213065804169
80.888808 -0.00213065804169
80.983084 -0.00213065804169
81.07736 -0.00213065804169
81.171636 -0.00213065804169
81.265912 -0.00213065804169
81.360188 -0.00213065804169
81.454464 -0.00213065804169
81.54874 -0.00213065804169
81.643016 -0.00213065804169
81.737292 -0.00213065804169
81.831568 -0.00213065804169
81.925844 -0.00213065804169
82.02012 -0.00213065804169
82.114396 -0.00213065804169
82.208672 -0.00213065804169
82.302948 -0.00213065804169
82.397224 -0.00213065804169
82.4915 -0.00213065804169
82.585776 -0.00213065804169
82.680052 -0.00213065804169
82.774328 -0.00213065804169
82.868604 -0.00213065804169
82.96288 -0.00213065804169
83.057156 -0.00213065804169
83.151432 -0.00213065804169
83.245708 -0.00213065804169
83.339984 -0.00213065804169
83.43426 -0.00213065804169
83.528536 -0.00213065804169
83.622812 -0.00213065804169
83.717088 -0.00213065804169
83.811364 -0.00213065804169
83.90564 -0.00213065804169
83.999916 -0.00213065804169
84.094192 -0.00213065804169
84.188468 -0.00213065804169
84.282744 -0.00213065804169
84.37702 -0.00213065804169
84.471296 -0.00213065804169
84.565572 -0.00213065804169
84.659848 -0.00213065804169
84.754124 -0.00213065804169
84.8484 -0.00213065804169
84.942676 -0.00213065804169
85.036952 -0.00213065804169
85.131228 -0.00213065804169
85.225504 -0.00213065804169
85.31978 -0.00213065804169
85.414056 -0.00213065804169
85.508332 -0.00213065804169
85.602608 -0.00213065804169
85.696884 -0.00213065804169
85.79116 -0.00213065804169
85.885436 -0.00213065804169
85.979712 -0.00213065804169
86.073988 -0.00213065804169
86.168264 -0.00213065804169
86.26254 -0.00213065804169
86.356816 -0.00213065804169
86.451092 -0.00213065804169
86.545368 -0.00213065804169
86.639644 -0.00213065804169
86.73392 -0.00213065804169
86.828196 -0.00213065804169
86.922472 -0.00213065804169
87.016748 -0.00213065804169
87.111024 -0.00213065804169
87.2053 -0.00213065804169
87.299576 -0.00213065804169
87.393852 -0.00213065804169
87.488128 -0.00213065804169
87.582404 -0.00213065804169
87.67668 -0.00213065804169
87.770956 -0.00213065804169
87.865232 -0.00213065804169
87.959508 -0.00213065804169
88.053784 -0.00213065804169
88.14806 -0.00213065804169
88.242336 -0.00213065804169
88.336612 -0.00213065804169
88.430888 -0.00213065804169
88.525164 -0.00213065804169
88.61944 -0.00213065804169
88.713716 -0.00213065804169
88.807992 -0.00213065804169
88.902268 -0.00213065804169
88.996544 -0.00213065804169
89.09082 -0.00213065804169
89.185096 -0.00213065804169
89.279372 -0.00213065804169
89.373648 -0.00213065804169
89.467924 -0.00213065804169
89.5622 -0.00213065804169
89.656476 -0.00213065804169
89.750752 -0.00213065804169
89.845028 -0.00213065804169
89.939304 -0.00213065804169
90.03358 -0.00213065804169
90.127856 -0.00213065804169
90.222132 -0.00213065804169
90.316408 -0.00213065804169
90.410684 -0.00213065804169
90.50496 -0.00213065804169
90.599236 -0.00213065804169
90.693512 -0.00213065804169
90.787788 -0.00213065804169
90.882064 -0.00213065804169
90.97634 -0.00213065804169
91.070616 -0.00213065804169
91.164892 -0.00213065804169
91.259168 -0.00213065804169
91.353444 -0.00213065804169
91.44772 -0.00213065804169
91.541996 -0.00213065804169
91.636272 -0.00213065804169
91.730548 -0.00213065804169
91.824824 -0.00213065804169
91.9191 -0.00213065804169
92.013376 -0.00213065804169
92.107652 -0.00213065804169
92.201928 -0.00213065804169
92.296204 -0.00213065804169
92.39048 -0.00213065804169
92.484756 -0.00213065804169
92.579032 -0.00213065804169
92.673308 -0.00213065804169
92.767584 -0.00213065804169
92.86186 -0.00213065804169
92.956136 -0.00213065804169
93.050412 -0.00213065804169
93.144688 -0.00213065804169
93.238964 -0.00213065804169
93.33324 -0.00213065804169
93.427516 -0.00213065804169
93.521792 -0.00213065804169
93.616068 -0.00213065804169
93.710344 -0.00213065804169
93.80462 -0.00213065804169
93.898896 -0.00213065804169
93.993172 -0.00213065804169
94.087448 -0.00213065804169
94.181724 -0.00213065804169
94.276 -0.00213065804169
94.370276 -0.00213065804169
94.464552 -0.00213065804169
94.558828 -0.00213065804169
94.653104 -0.00213065804169
94.74738 -0.00213065804169
94.841656 -0.00213065804169
94.935932 -0.00213065804169
95.030208 -0.00213065804169
95.124484 -0.00213065804169
95.21876 -0.00213065804169
95.313036 -0.00213065804169
95.407312 -0.00213065804169
95.501588 -0.00213065804169
95.595864 -0.00213065804169
95.69014 -0.00213065804169
95.784416 -0.00213065804169
95.878692 -0.00213065804169
95.972968 -0.00213065804169
96.067244 -0.00213065804169
96.16152 -0.00213065804169
96.255796 -0.00213065804169
96.350072 -0.00213065804169
96.444348 -0.00213065804169
