0.0 0.000740330982462
0.1 0.000373154550109
0.2 0.00513425760945
0.3 0.0200897578106
0.4 0.0491543441428
0.5 0.0917103253837
0.6 0.13983716303
0.7 0.177931310673
0.8 0.185831745826
0.9 0.145210885752
1.0 0.0473460766982
1.1 -0.100919725693
1.2 -0.276314312385
1.3 -0.444857564407
1.4 -0.572316293866
1.5 -0.63438659889
1.6 -0.62092965381
1.7 -0.531673505591
1.8 -0.366487081963
1.9 -0.118113981787
2.0 0.224759125897
2.1 0.662198035426
2.2 1.16223320461
2.3 1.64681083537
2.4 1.99500324051
2.5 2.06607196699
2.6 1.73579746992
2.7 0.934488017495
2.8 -0.323383100711
2.9 -1.92226117795
3.0 -3.64142076154
3.1 -5.1653302743
3.2 -6.11583776758
3.3 -6.11613430803
3.4 -4.88833175141
3.5 -2.36706143507
3.6 1.21002035985
3.7 5.28282560973
3.8 9.05385090331
3.9 11.6736308063
4.0 12.4770986017
4.1 11.1894628998
4.2 8.02081347672
4.3 3.60668449284
4.4 -1.18681487724
4.5 -5.51813559005
4.6 -8.78707276524
4.7 -10.7366439365
4.8 -11.419674665
4.9 -11.0705833918
5.0 -9.95768518251
5.1 -8.28524458389
5.2 -6.17576856748
5.3 -3.7162922099
5.4 -1.0231382812
5.5 1.72011210827
5.6 4.27289981783
5.7 6.38784368086
5.8 7.87336536898
5.9 8.63996989382
6.0 8.71326939121
6.1 8.21251588357
6.2 7.30528737335
6.3 6.15465696255
6.4 4.87584679087
6.5 3.51635290493
6.6 2.06673119623
6.7 0.49860632547
6.8 -1.18550731553
6.9 -2.91377003808
7.0 -4.53900673589
7.1 -5.87255139003
7.2 -6.74565771811
7.3 -7.07065740074
7.4 -6.87207151225
7.5 -6.27177296942
7.6 -5.43521112138
7.7 -4.50524626056
7.8 -3.55557008096
7.9 -2.58425944707
8.0 -1.54645890709
8.1 -0.405574120718
8.2 0.825034767564
8.3 2.07020196635
8.4 3.21411111501
8.5 4.14095754855
8.6 4.77394303593
8.7 5.09528471487
8.8 5.14147754226
8.9 4.98021430666
9.0 4.68209692841
9.1 4.29947618815
9.2 3.85849935826
9.3 3.36299216954
9.4 2.80405118989
9.5 2.16891081134
9.6 1.44593177697
9.7 0.626842781228
9.8 -0.290169907327
9.9 -1.29383615076
10.0 -2.35064959502
10.1 -3.39822837078
10.2 -4.34759455687
10.3 -5.09785224487
10.4 -5.56054861439
10.5 -5.6849288583
10.6 -5.47318562622
10.7 -4.9784752372
10.8 -4.28631903948
10.9 -3.48775367649
11.0 -2.65587797224
11.1 -1.83456168237
11.2 -1.04102243121
11.3 -0.277062749162
11.4 0.459157096644
11.5 1.16679226517
11.6 1.84232108847
11.7 2.48234713273
11.8 3.08456562159
11.9 3.64467339874
12.0 4.15078206189
12.1 4.57930673867
12.2 4.89584220978
12.3 5.06172025862
12.4 5.04370289321
12.5 4.82258542943
12.6 4.39721450617
12.7 3.78296680193
12.8 3.00655435175
12.9 2.10059070553
13.0 1.10091322836
13.1 0.0475262637117
13.2 -1.01261894227
13.3 -2.02448859242
13.4 -2.92862906144
13.5 -3.67034719825
13.6 -4.21169312538
13.7 -4.54099135283
13.8 -4.67473011506
13.9 -4.64972069603
14.0 -4.50822793162
14.1 -4.28265932896
14.2 -3.98699959533
14.3 -3.61884205139
14.4 -3.17027608751
14.5 -2.64118454145
14.6 -2.04742642183
14.7 -1.41955174079
14.8 -0.793202922573
14.9 -0.196933021121
15.0 0.355783122874
15.1 0.866427534411
15.2 1.3441036764
15.3 1.79571576982
15.4 2.21916450924
15.5 2.60269764284
15.6 2.92979261972
15.7 3.18608745812
15.8 3.36436221216
15.9 3.46530881136
16.0 3.49448601983
16.1 3.45784281968
16.2 3.35855976947
16.3 3.19677986626
16.4 2.9719385367
16.5 2.68592579505
16.6 2.34495318447
16.7 1.95885724458
16.8 1.53814249528
16.9 1.09049379848
17.0 0.618970099375
17.1 0.123293677279
17.2 -0.3960716532
17.3 -0.933073447298
17.4 -1.47315794152
17.5 -1.99414717805
17.6 -2.47077519282
17.7 -2.88075248962
17.8 -3.20941116193
17.9 -3.45085808735
18.0 -3.60559813639
18.1 -3.67652971411
18.2 -3.66588876139
18.3 -3.57478431957
18.4 -3.4051142309
18.5 -3.16209982343
18.6 -2.85538470864
18.7 -2.49769253826
18.8 -2.10166851866
18.9 -1.67668379536
19.0 -1.22739940076
19.1 -0.754860589671
19.2 -0.259516296123
19.3 0.255369864223
19.4 0.78150146238
19.5 1.30539031627
19.6 1.81011561045
19.7 2.27808720362
19.8 2.69366539675
19.9 3.04479239075
20.0 3.3233936968
20.1 3.52488373535
20.2 3.64738789784
20.3 3.69117233897
20.4 3.65837209328
20.5 3.55271765818
20.6 3.37887920576
20.7 3.14137914017
20.8 2.84356128037
20.9 2.48742668323
21.0 2.07489900191
21.1 1.61027722619
21.2 1.10272047458
21.3 0.56722816675
21.4 0.0231205959313
21.5 -0.509694242274
21.6 -1.01507577825
21.7 -1.48352314154
21.8 -1.91212367447
21.9 -2.30164766524
22.0 -2.65235574728
22.1 -2.96070734893
22.2 -3.21857670412
22.3 -3.41517984761
22.4 -3.54051826926
22.5 -3.58850556924
22.6 -3.55831870983
22.7 -3.45358218208
22.8 -3.28010966459
22.9 -3.04352769359
23.0 -2.74797862769
23.1 -2.39642437139
23.2 -1.99224825395
23.3 -1.54127250813
23.4 -1.05319119936
23.5 -0.541752974376
23.6 -0.0236164756617
23.7 0.483643228843
23.8 0.963626483775
23.9 1.40265792074
24.0 1.79053825079
24.1 2.12065775263
24.2 2.38982057761
24.3 2.59801373431
24.4 2.74807390734
24.5 2.84502046973
24.6 2.8949163707
24.7 2.90344257573
24.8 2.8746731585
24.9 2.8105511031
25.0 2.71122956726
25.1 2.57597399412
25.2 2.40405585175
25.3 2.19521137899
25.4 1.94968508937
25.5 1.66828159301
25.6 1.35287936938
25.7 1.00746013014
25.8 0.639155386277
25.9 0.258527391813
26.0 -0.121459370685
26.1 -0.487658007482
26.2 -0.829343708292
26.3 -1.1401084078
26.4 -1.41824291157
26.5 -1.66550466046
26.6 -1.88488640121
26.7 -2.07836882544
26.8 -2.24551962823
26.9 -2.38331738089
27.0 -2.48700872072
27.1 -2.55141983067
27.2 -2.57208115136
27.3 -2.54577233146
27.4 -2.47050764557
27.5 -2.34534743382
27.6 -2.1705390692
27.7 -1.94826951342
27.8 -1.68383813405
27.9 -1.38659239582
28.0 -1.06982041552
28.1 -0.749133266827
28.2 -0.4395839609
28.3 -0.152487237248
28.4 0.106801405689
28.5 0.339227970866
28.6 0.55040002442
28.7 0.747714617342
28.8 0.937443419146
28.9 1.12280073646
29.0 1.30342098541
29.1 1.47601926474
29.2 1.63563625783
29.3 1.77687440873
29.4 1.89477831041
29.5 1.98528126585
29.6 2.04530133824
29.7 2.07262872356
29.8 2.06576566653
29.9 2.02388116987
30.0 1.94698313327
30.1 1.83614644631
30.2 1.69394388766
30.3 1.52448636667
30.4 1.33272636449
30.5 1.12356664473
30.6 0.901098744093
30.7 0.668416675717
30.8 0.428122084865
30.9 0.183181802482
31.0 -0.0624600905721
31.1 -0.303970129279
31.2 -0.536400966628
31.3 -0.755671805622
31.4 -0.959126013463
31.5 -1.14531496523
31.6 -1.31315401189
31.7 -1.46097160998
31.8 -1.58599757631
31.9 -1.68454536849
32.0 -1.75277226345
32.1 -1.78768433187
32.2 -1.78805273582
32.3 -1.75501352043
32.4 -1.69219703122
32.5 -1.60525663647
32.6 -1.50074663871
32.7 -1.38453158087
32.8 -1.2602300218
32.9 -1.12837815948
33.0 -0.986820262464
33.1 -0.832288035685
33.2 -0.662498244301
33.3 -0.477780174744
33.4 -0.281483718663
33.5 -0.0790995347655
33.6 0.123273866367
33.7 0.320198399246
33.8 0.507283181892
33.9 0.680732063017
34.0 0.836660929543
34.1 0.970904843079
34.2 1.07964958734
34.3 1.16062373159
34.4 1.21417010668
34.5 1.24352322663
34.6 1.25401450065
34.7 1.25145731213
34.8 1.24034271837
34.9 1.2225432174
35.0 1.19699078138
35.1 1.16040058969
35.2 1.1087214923
35.3 1.03874779074
35.4 0.949306630521
35.5 0.84164697928
35.6 0.719014036406
35.7 0.585733794951
35.8 0.4462846282
35.9 0.304718673741
36.0 0.164498095749
36.1 0.0285352111487
36.2 -0.100837848701
36.3 -0.222061137813
36.4 -0.334521186734
36.5 -0.438407209096
36.6 -0.534106296239
36.7 -0.621338913043
36.8 -0.698511840627
36.9 -0.762744667749
37.0 -0.810684604774
37.1 -0.839770983575
37.2 -0.849337987146
37.3 -0.841021739486
37.4 -0.818302195293
37.5 -0.785425956054
37.6 -0.746190579744
37.7 -0.703041932468
37.8 -0.65672984436
37.9 -0.606536629363
38.0 -0.550936950162
38.1 -0.48847003559
38.2 -0.418567119701
38.3 -0.342070259869
38.4 -0.261243577789
38.5 -0.179246765805
38.6 -0.0992706597005
38.7 -0.0237055664505
38.8 0.0462939990106
38.9 0.110688515445
39.0 0.170005664037
39.1 0.224694266553
39.2 0.274704903507
39.3 0.319438459958
39.4 0.357977487653
39.5 0.389392717739
39.6 0.412952161006
39.7 0.428190689533
39.8 0.43490904705
39.9 0.433188087435
40.0 0.423439457756
40.1 0.40644158251
40.2 0.383295343698
40.3 0.355284113189
40.4 0.323689853606
40.5 0.289645114084
40.6 0.254071977607
40.7 0.217701642975
40.8 0.181127560164
40.9 0.14484566961
41.0 0.109266935382
41.1 0.0747194318173
41.2 0.0414660228661
41.3 0.0097480100139
41.4 -0.0201584533908
41.5 -0.0479000774808
41.6 -0.0730422047426
41.7 -0.0951115125384
41.8 -0.113676070473
41.9 -0.1284380181
42.0 -0.139306481058
42.1 -0.146421583757
42.2 -0.150116210784
42.3 -0.150826850125
42.4 -0.148987845098
42.5 -0.144951752359
42.6 -0.138965724155
42.7 -0.131205780029
42.8 -0.121843197609
42.9 -0.111105436791
43.0 -0.0993029841862
43.1 -0.0868152743173
43.2 -0.0740490693382
43.3 -0.0613908141914
43.4 -0.0491697310732
43.5 -0.0376378854999
43.6 -0.0269653171262
43.7 -0.0172459935245
43.8 -0.00851170634667
43.9 -0.000752048191205
44.0 0.00606265107831
44.1 0.0119607612547
44.2 0.0169569989603
44.3 0.0210516161923
44.4 0.02424004879
44.5 0.0265280534279
44.6 0.0279458791465
44.7 0.0285562316473
44.8 0.028453653049
44.9 0.0277560276408
45.0 0.0265911756999
45.1 0.0250824554316
45.2 0.0233369965642
45.3 0.0214389924155
45.4 0.0194488792136
45.5 0.0174076997365
45.6 0.0153447831824
45.7 0.0132862034969
45.8 0.0112613809408
45.9 0.00930577351015
46.0 0.00745889910803
46.1 0.00575866746785
46.2 0.004234522315
46.3 0.00290240773444
46.4 0.0017636758541
46.5 0.000808122318554
46.6 1.94090793098e-05
46.7 -0.000619720916009
46.8 -0.00112442391915
46.9 -0.00150737504932
47.0 -0.00178003841736
47.1 -0.00195408819724
47.2 -0.00204197685873
47.3 -0.00205657477084
47.4 -0.00201045382337
47.5 -0.0019154205892
47.6 -0.00178249795413
47.7 -0.00162213638575
47.8 -0.00144431362841
47.9 -0.00125835438572
48.0 -0.00107255388332
48.1 -0.000893813989588
48.2 -0.000727449520616
48.3 -0.000577190343776
48.4 -0.000445311164755
48.5 -0.000332811669103
48.6 -0.000239611021973
48.7 -0.000164756063727
48.8 -0.000106646130649
48.9 -6.32619218233e-05
49.0 -3.23752753743e-05
49.1 -1.17210874932e-05
49.2 8.7504456616e-07
49.3 7.41028308782e-06
49.4 9.65262465522e-06
49.5 9.11662446617e-06
49.6 7.05858541637e-06
49.7 4.48158309618e-06
49.8 2.14200169554e-06
49.9 5.54583559715e-07
50.0 0.0
50.1 0.0
50.2 0.0
50.3 0.0
50.4 0.0
50.5 0.0
50.6 0.0
50.7 0.0
50.8 0.0
50.9 0.0
51.0 0.0
51.1 0.0
51.2 0.0
51.3 0.0
51.4 0.0
51.5 0.0
51.6 0.0
51.7 0.0
51.8 0.0
51.9 0.0
52.0 0.0
52.1 0.0
52.2 0.0
52.3 0.0
52.4 0.0
52.5 0.0
52.6 0.0
52.7 0.0
52.8 0.0
52.9 0.0
53.0 0.0
53.1 0.0
53.2 0.0
53.3 0.0
53.4 0.0
53.5 0.0
53.6 0.0
53.7 0.0
53.8 0.0
53.9 0.0
54.0 0.0
54.1 0.0
54.2 0.0
54.3 0.0
54.4 0.0
54.5 0.0
54.6 0.0
54.7 0.0
54.8 0.0
54.9 0.0
55.0 0.0
55.1 0.0
55.2 0.0
55.3 0.0
55.4 0.0
55.5 0.0
55.6 0.0
55.7 0.0
55.8 0.0
55.9 0.0
56.0 0.0
56.1 0.0
56.2 0.0
56.3 0.0
56.4 0.0
56.5 0.0
56.6 0.0
56.7 0.0
56.8 0.0
56.9 0.0
57.0 0.0
57.1 0.0
57.2 0.0
57.3 0.0
57.4 0.0
57.5 0.0
57.6 0.0
57.7 0.0
57.8 0.0
57.9 0.0
58.0 0.0
58.1 0.0
58.2 0.0
58.3 0.0
58.4 0.0
58.5 0.0
58.6 0.0
58.7 0.0
58.8 0.0
58.9 0.0
59.0 0.0
59.1 0.0
59.2 0.0
59.3 0.0
59.4 0.0
59.5 0.0
59.6 0.0
59.7 0.0
59.8 0.0
59.9 0.0
60.0 0.0
60.1 0.0
60.2 0.0
60.3 0.0
60.4 0.0
60.5 0.0
60.6 0.0
60.7 0.0
60.8 0.0
60.9 0.0
61.0 0.0
61.1 0.0
61.2 0.0
61.3 0.0
61.4 0.0
61.5 0.0
61.6 0.0
61.7 0.0
61.8 0.0
61.9 0.0
62.0 0.0
62.1 0.0
62.2 0.0
62.3 0.0
62.4 0.0
62.5 0.0
62.6 0.0
62.7 0.0
62.8 0.0
62.9 0.0
63.0 0.0
63.1 0.0
63.2 0.0
63.3 0.0
63.4 0.0
63.5 0.0
63.6 0.0
63.7 0.0
63.8 0.0
63.9 0.0
64.0 0.0
64.1 0.0
64.2 0.0
64.3 0.0
64.4 0.0
64.5 0.0
64.6 0.0
64.7 0.0
64.8 0.0
64.9 0.0
65.0 0.0
65.1 0.0
65.2 0.0
65.3 0.0
65.4 0.0
65.5 0.0
65.6 0.0
65.7 0.0
65.8 0.0
65.9 0.0
66.0 0.0
66.1 0.0
66.2 0.0
66.3 0.0
66.4 0.0
66.5 0.0
66.6 0.0
66.7 0.0
66.8 0.0
66.9 0.0
67.0 0.0
67.1 0.0
67.2 0.0
67.3 0.0
67.4 0.0
67.5 0.0
67.6 0.0
67.7 0.0
67.8 0.0
67.9 0.0
68.0 0.0
68.1 0.0
68.2 0.0
68.3 0.0
68.4 0.0
68.5 0.0
68.6 0.0
68.7 0.0
68.8 0.0
68.9 0.0
69.0 0.0
69.1 0.0
69.2 0.0
69.3 0.0
69.4 0.0
69.5 0.0
69.6 0.0
69.7 0.0
69.8 0.0
69.9 0.0
70.0 0.0
70.1 0.0
70.2 0.0
70.3 0.0
70.4 0.0
70.5 0.0
70.6 0.0
70.7 0.0
70.8 0.0
70.9 0.0
71.0 0.0
71.1 0.0
71.2 0.0
71.3 0.0
71.4 0.0
71.5 0.0
71.6 0.0
71.7 0.0
71.8 0.0
71.9 0.0
72.0 0.0
72.1 0.0
72.2 0.0
72.3 0.0
72.4 0.0
72.5 0.0
72.6 0.0
72.7 0.0
72.8 0.0
72.9 0.0
73.0 0.0
73.1 0.0
73.2 0.0
73.3 0.0
73.4 0.0
73.5 0.0
73.6 0.0
73.7 0.0
73.8 0.0
73.9 0.0
74.0 0.0
74.1 0.0
74.2 0.0
74.3 0.0
74.4 0.0
74.5 0.0
74.6 0.0
74.7 0.0
74.8 0.0
74.9 0.0
75.0 0.0
75.1 0.0
75.2 0.0
75.3 0.0
75.4 0.0
75.5 0.0
75.6 0.0
75.7 0.0
75.8 0.0
75.9 0.0
76.0 0.0
76.1 0.0
76.2 0.0
76.3 0.0
76.4 0.0
76.5 0.0
76.6 0.0
76.7 0.0
76.8 0.0
76.9 0.0
77.0 0.0
77.1 0.0
77.2 0.0
77.3 0.0
77.4 0.0
77.5 0.0
77.6 0.0
77.7 0.0
77.8 0.0
77.9 0.0
78.0 0.0
78.1 0.0
78.2 0.0
78.3 0.0
78.4 0.0
78.5 0.0
78.6 0.0
78.7 0.0
78.8 0.0
78.9 0.0
79.0 0.0
79.1 0.0
79.2 0.0
79.3 0.0
79.4 0.0
79.5 0.0
79.6 0.0
79.7 0.0
79.8 0.0
79.9 0.0
80.0 0.0
80.1 0.0
80.2 0.0
80.3 0.0
80.4 0.0
80.5 0.0
80.6 0.0
80.7 0.0
80.8 0.0
80.9 0.0
81.0 0.0
81.1 0.0
81.2 0.0
81.3 0.0
81.4 0.0
81.5 0.0
81.6 0.0
81.7 0.0
81.8 0.0
81.9 0.0
82.0 0.0
82.1 0.0
82.2 0.0
82.3 0.0
82.4 0.0
82.5 0.0
82.6 0.0
82.7 0.0
82.8 0.0
82.9 0.0
83.0 0.0
83.1 0.0
83.2 0.0
83.3 0.0
83.4 0.0
83.5 0.0
83.6 0.0
83.7 0.0
83.8 0.0
83.9 0.0
84.0 0.0
84.1 0.0
84.2 0.0
84.3 0.0
84.4 0.0
84.5 0.0
84.6 0.0
84.7 0.0
84.8 0.0
84.9 0.0
85.0 0.0
85.1 0.0
85.2 0.0
85.3 0.0
85.4 0.0
85.5 0.0
85.6 0.0
85.7 0.0
85.8 0.0
85.9 0.0
86.0 0.0
86.1 0.0
86.2 0.0
86.3 0.0
86.4 0.0
86.5 0.0
86.6 0.0
86.7 0.0
86.8 0.0
86.9 0.0
87.0 0.0
87.1 0.0
87.2 0.0
87.3 0.0
87.4 0.0
87.5 0.0
87.6 0.0
87.7 0.0
87.8 0.0
87.9 0.0
88.0 0.0
88.1 0.0
88.2 0.0
88.3 0.0
88.4 0.0
88.5 0.0
88.6 0.0
88.7 0.0
88.8 0.0
88.9 0.0
89.0 0.0
89.1 0.0
89.2 0.0
89.3 0.0
89.4 0.0
89.5 0.0
89.6 0.0
89.7 0.0
89.8 0.0
89.9 0.0
90.0 0.0
90.1 0.0
90.2 0.0
90.3 0.0
90.4 0.0
90.5 0.0
90.6 0.0
90.7 0.0
90.8 0.0
90.9 0.0
91.0 0.0
91.1 0.0
91.2 0.0
91.3 0.0
91.4 0.0
91.5 0.0
91.6 0.0
91.7 0.0
91.8 0.0
91.9 0.0
92.0 0.0
92.1 0.0
92.2 0.0
92.3 0.0
92.4 0.0
92.5 0.0
92.6 0.0
92.7 0.0
92.8 0.0
92.9 0.0
93.0 0.0
93.1 0.0
93.2 0.0
93.3 0.0
93.4 0.0
93.5 0.0
93.6 0.0
93.7 0.0
93.8 0.0
93.9 0.0
94.0 0.0
94.1 0.0
94.2 0.0
94.3 0.0
94.4 0.0
94.5 0.0
94.6 0.0
94.7 0.0
94.8 0.0
94.9 0.0
95.0 0.0
95.1 0.0
95.2 0.0
95.3 0.0
95.4 0.0
95.5 0.0
95.6 0.0
95.7 0.0
95.8 0.0
95.9 0.0
96.0 0.0
96.1 0.0
96.2 0.0
96.3 0.0
96.4 0.0
96.5 0.0
96.6 0.0
96.7 0.0
96.8 0.0
96.9 0.0
97.0 0.0
97.1 0.0
97.2 0.0
97.3 0.0
97.4 0.0
97.5 0.0
97.6 0.0
97.7 0.0
97.8 0.0
97.9 0.0
98.0 0.0
98.1 0.0
98.2 0.0
98.3 0.0
98.4 0.0
98.5 0.0
98.6 0.0
98.7 0.0
98.8 0.0
98.9 0.0
99.0 0.0
99.1 0.0
99.2 0.0
99.3 0.0
99.4 0.0
99.5 0.0
99.6 0.0
99.7 0.0
99.8 0.0
99.9 0.0
100.0 0.0
100.1 0.0
100.2 0.0
100.3 0.0
100.4 0.0
100.5 0.0
100.6 0.0
100.7 0.0
100.8 0.0
100.9 0.0
101.0 0.0
101.1 0.0
101.2 0.0
101.3 0.0
101.4 0.0
101.5 0.0
101.6 0.0
101.7 0.0
101.8 0.0
101.9 0.0
102.0 0.0
102.1 0.0
102.2 0.0
102.3 0.0
