0.0 -0.285308954156
0.09202 0.0702370650625
0.18404 0.419137491662
0.27606 0.704577425512
0.36808 0.886807959324
0.4601 0.956937902269
0.55212 0.93610016264
0.64414 0.861578626764
0.73616 0.767307747293
0.82818 0.66769460686
0.9202 0.552472277364
1.01222 0.395033202203
1.10424 0.169744832302
1.19626 -0.129449361071
1.28828 -0.477055361104
1.3803 -0.817097015345
1.47232 -1.07849681109
1.56434 -1.19825218609
1.65636 -1.13869222208
1.74838 -0.889353260189
1.8404 -0.460014768583
1.93242 0.121729153276
2.02444 0.804250875386
2.11646 1.50269159855
2.20848 2.09335858536
2.3005 2.41912848187
2.39252 2.3155289083
2.48454 1.65849932444
2.57656 0.417880686376
2.66858 -1.3065539691
2.7606 -3.27940208787
2.85262 -5.15332354801
2.94464 -6.51718129318
3.03666 -6.96688896903
3.12868 -6.19890946571
3.2207 -4.11395162353
3.31272 -0.894930139769
3.40474 2.98433917804
3.49676 6.8395098286
3.58878 9.92703427788
3.6808 11.6219483361
3.77282 11.5710745859
3.86484 9.77931544931
3.95686 6.60506622062
4.04888 2.66470460138
4.1409 -1.32792488002
4.23292 -4.73978184754
4.32494 -7.1602070976
4.41696 -8.46376225424
4.50898 -8.78168698409
4.601 -8.40225185081
4.69302 -7.64238841538
4.78504 -6.7385107918
4.87706 -5.79189660051
4.96908 -4.77767869026
5.0611 -3.60024702145
5.15312 -2.16490809092
5.24514 -0.43772781585
5.33716 1.52430700065
5.42918 3.57849101336
5.5212 5.53089156471
5.61322 7.18493803558
5.70524 8.38502872842
5.79726 9.03973319881
5.88928 9.11999461954
5.9813 8.64002300251
6.07332 7.63573406206
6.16534 6.15429877664
6.25736 4.26000425472
6.34938 2.05100904099
6.4414 -0.326093962251
6.53342 -2.67726033259
6.62544 -4.78358177769
6.71746 -6.44129841401
6.80948 -7.50689900752
6.9015 -7.93199311722
6.99352 -7.77514343569
7.08554 -7.1845636632
7.17756 -6.35507695435
7.26958 -5.47202013509
7.3616 -4.66041057888
7.45362 -3.95683992763
7.54564 -3.31330445671
7.63766 -2.63003268185
7.72968 -1.80363966496
7.8217 -0.771982274976
7.91372 0.460046115636
8.00574 1.82090313416
8.09776 3.19597813758
8.18978 4.46349335965
8.2818 5.52835420239
8.37382 6.34143977292
8.46584 6.89843909383
8.55786 7.22091518055
8.64988 7.3294534298
8.7419 7.22184343609
8.83392 6.86674273434
8.92594 6.21596334146
9.01796 5.22974178622
9.10998 3.90358576905
9.202 2.28507882147
9.29402 0.473794443537
9.38604 -1.39517352277
9.47806 -3.17724026219
9.57008 -4.74466396969
9.6621 -6.00548111935
9.75412 -6.91120313085
9.84614 -7.45371918057
9.93816 -7.65504268894
10.03018 -7.5547726932
10.1222 -7.19922433994
10.21422 -6.63388409424
10.30624 -5.89883894241
10.39826 -5.02626355834
10.49028 -4.03971264979
10.5823 -2.95580179829
10.67432 -1.78888372145
10.76634 -0.558270089371
10.85836 0.704160454683
10.95038 1.94950744872
11.0424 3.11390094075
11.13442 4.12807806606
11.22644 4.93197138696
11.31846 5.4890586064
11.41048 5.79475847858
11.5025 5.87522135336
11.59452 5.77661658798
11.68654 5.54892785919
11.77856 5.23060413117
11.87058 4.83997030193
11.9626 4.37618836854
12.05462 3.82825621503
12.14664 3.18712343442
12.23866 2.45509865251
12.33068 1.64864222131
12.4227 0.794332393413
12.51472 -0.0786861309244
12.60674 -0.944970404681
12.69876 -1.78421721705
12.79078 -2.57752654005
12.8828 -3.30146976038
12.97482 -3.924539745
13.06684 -4.40952117594
13.15886 -4.72214683873
13.25088 -4.84275946837
13.3429 -4.77552710141
13.43492 -4.55029638117
13.52694 -4.21527281351
13.61896 -3.82291055642
13.71098 -3.41460927394
13.803 -3.01044747728
13.89502 -2.60792218824
13.98704 -2.1896268106
14.07906 -1.73592585232
14.17108 -1.23679508485
14.2631 -0.697877527395
14.35512 -0.138875054558
14.44714 0.41395404182
14.53916 0.936972220248
14.63118 1.41561371679
14.7232 1.84565831044
14.81522 2.22977005094
14.90724 2.572019052
14.99926 2.87365858413
15.09128 3.13215765766
15.1833 3.34327178622
15.27532 3.50409926364
15.36734 3.61464066666
15.45936 3.67652498397
15.55138 3.68954435218
15.6434 3.64824575075
15.73542 3.54108899261
15.82744 3.35340475179
15.91946 3.07326881257
16.01148 2.6976371336
16.1035 2.23567721587
16.19552 1.70746301643
16.28754 1.13845543551
16.37956 0.552287294036
16.47158 -0.0347956062268
16.5636 -0.615355564693
16.65562 -1.18767708222
16.74764 -1.75005451964
16.83966 -2.29556000811
16.93168 -2.80999651774
17.0237 -3.27396897925
17.11572 -3.66782959475
17.20774 -3.97682153222
17.29976 -4.19378293168
17.39178 -4.31820976359
17.4838 -4.35250259832
17.57582 -4.29773798873
17.66784 -4.15150828865
17.75986 -3.90918130901
17.85188 -3.56800778909
17.9439 -3.13189322792
18.03592 -2.61420994698
18.12794 -2.03697730616
18.21996 -1.42656416025
18.31198 -0.807800833641
18.404 -0.199134653496
18.49602 0.38912896317
18.58804 0.953034486922
18.68006 1.49088228391
18.77208 1.99905936118
18.8641 2.46981893776
18.95612 2.8918442819
19.04814 3.25294862448
19.14016 3.54327553361
19.23218 3.75733851088
19.3242 3.89408991915
19.41622 3.95538809237
19.50824 3.94405547146
19.60026 3.86275959365
19.69228 3.71424804584
19.7843 3.50249667881
19.87632 3.23369208157
19.96834 2.91605161712
20.06036 2.55823685827
20.15238 2.16708544984
20.2444 1.74598050135
20.33642 1.29500966733
20.42844 0.813186176932
20.52046 0.301876100236
20.61248 -0.232172911896
20.7045 -0.775738150327
20.79652 -1.31061694361
20.88854 -1.8171152452
20.98056 -2.27797935062
21.07258 -2.68106465435
21.1646 -3.019755287
21.25662 -3.2913469318
21.34864 -3.49462925607
21.44066 -3.62820380266
21.53268 -3.69050114836
21.6247 -3.68135328764
21.71672 -3.60396522288
21.80874 -3.46579313107
21.90076 -3.27738306279
21.99278 -3.04937283195
22.0848 -2.78898829263
22.17682 -2.49784271076
22.26884 -2.17237465442
22.36086 -1.80703376323
22.45288 -1.3989468749
22.5449 -0.951969828326
22.63692 -0.478193211645
22.72894 0.00392427892365
22.82096 0.474090290112
22.91298 0.915451527585
23.005 1.31834133699
23.09702 1.68094963695
23.18904 2.00677165585
23.28106 2.30012947892
23.37308 2.56186392588
23.4651 2.78712269789
23.55712 2.96615059775
23.64914 3.08762725586
23.74116 3.14302488293
23.83318 3.13012064471
23.9252 3.05427381019
24.01722 2.92707906513
24.10924 2.7630533146
24.20126 2.57567031773
24.29328 2.3741237781
24.3853 2.16175367861
24.47732 1.93638376616
24.56934 1.69219549948
24.66136 1.42240627091
24.75338 1.12196681994
24.8454 0.78965653086
24.93742 0.429204817064
25.02944 0.0493057290184
25.12146 -0.337410111726
25.21348 -0.716214885075
25.3055 -1.07255460983
25.39752 -1.39426543437
25.48954 -1.67323435192
25.58156 -1.90612376974
25.67358 -2.09402647519
25.7656 -2.24121853413
25.85762 -2.35342074401
25.94964 -2.43606950231
26.04166 -2.49300959165
26.13368 -2.52581365433
26.2257 -2.5337168963
26.31772 -2.51402876268
26.40974 -2.46287429717
26.50176 -2.37617309962
26.59378 -2.25078985881
26.6858 -2.08572511371
26.77782 -1.88308031801
26.86984 -1.64843088758
26.96186 -1.39029588177
27.05388 -1.11865442693
27.1459 -0.842852347148
27.23792 -0.569585595351
27.32994 -0.301740864247
27.42196 -0.0386178282868
27.51398 0.222476356521
27.606 0.483854119446
27.69802 0.74520162757
27.79004 1.00243283566
27.88206 1.24815634778
27.97408 1.47335252533
28.0661 1.66960698673
28.15812 1.83095061225
28.25014 1.95463664339
28.34216 2.0407456311
28.43418 2.09106989924
28.5262 2.10800585513
28.61822 2.09404617497
28.71024 2.05200875046
28.80226 1.9856308308
28.89428 1.89988809417
28.9863 1.8005293629
29.07832 1.69278431588
29.17034 1.57974618857
29.26236 1.46124089958
29.35438 1.33387253914
29.4464 1.19241763234
29.53842 1.0320820309
29.63044 0.850677798244
29.72246 0.649770981577
29.81448 0.43431238284
29.9065 0.210966997052
29.99852 -0.0140476004067
30.09054 -0.236611628682
30.18256 -0.455135431889
30.27458 -0.669686997214
30.3666 -0.880352629609
30.45862 -1.08569040804
30.55064 -1.28201490754
30.64266 -1.46377862799
30.73468 -1.62475332762
30.8267 -1.75935381308
30.91872 -1.86345629896
31.01074 -1.93441035314
31.10276 -1.97042202388
31.19478 -1.96983382139
31.2868 -1.9308656264
31.37882 -1.85210252237
31.47084 -1.73358157065
31.56286 -1.57797500975
31.65488 -1.39127474915
31.7469 -1.18258864046
31.83892 -0.963042431583
31.93094 -0.744139672355
32.02296 -0.536094207567
32.11498 -0.346566439406
32.207 -0.179991830204
32.29902 -0.0374478245843
32.39104 0.083104531884
32.48306 0.186318137411
32.57508 0.278685858944
32.6671 0.367419294058
32.75912 0.458988590938
32.85114 0.557544879883
32.94316 0.66366398053
33.03518 0.773912725652
33.1272 0.881554324577
33.21922 0.978314829654
33.31124 1.05669260023
33.40326 1.11201842368
33.49528 1.14351679832
33.5873 1.15398685084
33.67932 1.1482670452
33.77134 1.13113386406
33.86336 1.10549499435
33.95538 1.07157998727
34.0474 1.02738085119
34.13942 0.97005746128
34.23144 0.897637145436
34.32346 0.810265444729
34.41548 0.710517845115
34.5075 0.602725057438
34.59952 0.491686131685
34.69154 0.381360353072
34.78356 0.2740664829
34.87558 0.170436320724
34.9676 0.0700203899578
35.05962 -0.0278110798334
35.15164 -0.12309245857
35.24366 -0.214909753207
35.33568 -0.301543558491
35.4277 -0.38096922956
35.51972 -0.451460568352
35.61174 -0.512049558709
35.70376 -0.562690914975
35.79578 -0.604108474995
35.8878 -0.637408686615
35.97982 -0.663607097664
36.07184 -0.683223959858
36.16386 -0.696075075603
36.25588 -0.701326103657
36.3479 -0.697803467201
36.43992 -0.684475771374
36.53194 -0.660955703756
36.62396 -0.627847729183
36.71598 -0.586800103069
36.808 -0.540211142908
36.90002 -0.490663924229
36.99204 -0.440274392374
37.08406 -0.390186105791
37.17608 -0.340401918361
37.2681 -0.290018521899
37.36012 -0.237772396169
37.45214 -0.182683349607
37.54416 -0.124550236232
37.63618 -0.0641275507848
37.7282 -0.00295597494518
37.82022 0.0570350483939
37.91224 0.113957747258
38.00426 0.166258004209
38.09628 0.212800659716
38.1883 0.252801425542
38.28032 0.285730912858
38.37234 0.311302872367
38.46436 0.329573947804
38.55638 0.341081175451
38.6484 0.346889501088
38.74042 0.34844975884
38.83244 0.347264698535
38.92446 0.344473079477
39.01648 0.340525598983
39.1085 0.335102770635
39.20052 0.327321697965
39.29254 0.316146583685
39.38456 0.300823539227
39.47658 0.281152057138
39.5686 0.25748826034
39.66062 0.230507778682
39.75264 0.200872758004
39.84466 0.16899015545
39.93668 0.134996284713
40.0287 0.0989820265644
40.12072 0.0613445269902
40.21274 0.02307846448
40.30476 -0.0141611264673
40.39678 -0.0482914313736
40.4888 -0.0772626727933
40.58082 -0.09957641942
40.67284 -0.11466437778
40.76486 -0.122990260735
40.85688 -0.125851467749
40.9489 -0.124972496955
41.04092 -0.122049245858
41.13294 -0.118399929378
41.22496 -0.114814784044
41.31698 -0.111607616678
41.409 -0.108797537433
41.50102 -0.106316196822
41.59304 -0.104149932546
41.68506 -0.102372845088
41.77708 -0.101081328377
41.8691 -0.100280250118
41.96112 -0.0997835031958
42.05314 -0.099177623308
42.14516 -0.0978669748291
42.23718 -0.0951867593122
42.3292 -0.0905476360627
42.42122 -0.0835689127262
42.51324 -0.0741652980435
42.60526 -0.0625695986223
42.69728 -0.0492932488887
42.7893 -0.035041959407
42.88132 -0.0206114321099
42.97334 -0.0067873653979
43.06536 0.00573331426962
43.15738 0.0163934605109
43.2494 0.0248019372552
43.34142 0.0307433421668
43.43344 0.0341790986505
43.52546 0.0352428684303
43.61748 0.0342272019066
43.7095 0.0315552646505
43.80152 0.0277338442278
43.89354 0.0232909597648
43.98556 0.0187095265823
44.07758 0.0143728891029
44.1696 0.0105356113409
44.26162 0.00732435345672
44.35364 0.00476303878096
44.44566 0.00280903978294
44.53768 0.00138617942467
44.6297 0.000405714770597
44.72172 -0.00022537009851
44.81374 -0.000603045444494
44.90576 -0.000824526580188
44.99778 -0.000981819976327
45.0898 -0.00115117564891
45.18182 -0.00138276177546
45.27384 -0.00169526013585
45.36586 -0.0020775716541
45.45788 -0.00249652057831
45.5499 -0.00290754206302
45.64192 -0.00326563259685
45.73394 -0.0035353889127
45.82596 -0.0036999887879
45.91798 -0.00376838599433
46.01 -0.00377835674974
46.10202 -0.00377835674974
46.19404 -0.00377835674974
46.28606 -0.00377835674974
46.37808 -0.00377835674974
46.4701 -0.00377835674974
46.56212 -0.00377835674974
46.65414 -0.00377835674974
46.74616 -0.00377835674974
46.83818 -0.00377835674974
46.9302 -0.00377835674974
47.02222 -0.00377835674974
47.11424 -0.00377835674974
47.20626 -0.00377835674974
47.29828 -0.00377835674974
47.3903 -0.00377835674974
47.48232 -0.00377835674974
47.57434 -0.00377835674974
47.66636 -0.00377835674974
47.75838 -0.00377835674974
47.8504 -0.00377835674974
47.94242 -0.00377835674974
48.03444 -0.00377835674974
48.12646 -0.00377835674974
48.21848 -0.00377835674974
48.3105 -0.00377835674974
48.40252 -0.00377835674974
48.49454 -0.00377835674974
48.58656 -0.00377835674974
48.67858 -0.00377835674974
48.7706 -0.00377835674974
48.86262 -0.00377835674974
48.95464 -0.00377835674974
49.04666 -0.00377835674974
49.13868 -0.00377835674974
49.2307 -0.00377835674974
49.32272 -0.00377835674974
49.41474 -0.00377835674974
49.50676 -0.00377835674974
49.59878 -0.00377835674974
49.6908 -0.00377835674974
49.78282 -0.00377835674974
49.87484 -0.00377835674974
49.96686 -0.00377835674974
50.05888 -0.00377835674974
50.1509 -0.00377835674974
50.24292 -0.00377835674974
50.33494 -0.00377835674974
50.42696 -0.00377835674974
50.51898 -0.00377835674974
50.611 -0.00377835674974
50.70302 -0.00377835674974
50.79504 -0.00377835674974
50.88706 -0.00377835674974
50.97908 -0.00377835674974
51.0711 -0.00377835674974
51.16312 -0.00377835674974
51.25514 -0.00377835674974
51.34716 -0.00377835674974
51.43918 -0.00377835674974
51.5312 -0.00377835674974
51.62322 -0.00377835674974
51.71524 -0.00377835674974
51.80726 -0.00377835674974
51.89928 -0.00377835674974
51.9913 -0.00377835674974
52.08332 -0.00377835674974
52.17534 -0.00377835674974
52.26736 -0.00377835674974
52.35938 -0.00377835674974
52.4514 -0.00377835674974
52.54342 -0.00377835674974
52.63544 -0.00377835674974
52.72746 -0.00377835674974
52.81948 -0.00377835674974
52.9115 -0.00377835674974
53.00352 -0.00377835674974
53.09554 -0.00377835674974
53.18756 -0.00377835674974
53.27958 -0.00377835674974
53.3716 -0.00377835674974
53.46362 -0.00377835674974
53.55564 -0.00377835674974
53.64766 -0.00377835674974
53.73968 -0.00377835674974
53.8317 -0.00377835674974
53.92372 -0.00377835674974
54.01574 -0.00377835674974
54.10776 -0.00377835674974
54.19978 -0.00377835674974
54.2918 -0.00377835674974
54.38382 -0.00377835674974
54.47584 -0.00377835674974
54.56786 -0.00377835674974
54.65988 -0.00377835674974
54.7519 -0.00377835674974
54.84392 -0.00377835674974
54.93594 -0.00377835674974
55.02796 -0.00377835674974
55.11998 -0.00377835674974
55.212 -0.00377835674974
55.30402 -0.00377835674974
55.39604 -0.00377835674974
55.48806 -0.00377835674974
55.58008 -0.00377835674974
55.6721 -0.00377835674974
55.76412 -0.00377835674974
55.85614 -0.00377835674974
55.94816 -0.00377835674974
56.04018 -0.00377835674974
56.1322 -0.00377835674974
56.22422 -0.00377835674974
56.31624 -0.00377835674974
56.40826 -0.00377835674974
56.50028 -0.00377835674974
56.5923 -0.00377835674974
56.68432 -0.00377835674974
56.77634 -0.00377835674974
56.86836 -0.00377835674974
56.96038 -0.00377835674974
57.0524 -0.00377835674974
57.14442 -0.00377835674974
57.23644 -0.00377835674974
57.32846 -0.00377835674974
57.42048 -0.00377835674974
57.5125 -0.00377835674974
57.60452 -0.00377835674974
57.69654 -0.00377835674974
57.78856 -0.00377835674974
57.88058 -0.00377835674974
57.9726 -0.00377835674974
58.06462 -0.00377835674974
58.15664 -0.00377835674974
58.24866 -0.00377835674974
58.34068 -0.00377835674974
58.4327 -0.00377835674974
58.52472 -0.00377835674974
58.61674 -0.00377835674974
58.70876 -0.00377835674974
58.80078 -0.00377835674974
58.8928 -0.00377835674974
58.98482 -0.00377835674974
59.07684 -0.00377835674974
59.16886 -0.00377835674974
59.26088 -0.00377835674974
59.3529 -0.00377835674974
59.44492 -0.00377835674974
59.53694 -0.00377835674974
59.62896 -0.00377835674974
59.72098 -0.00377835674974
59.813 -0.00377835674974
59.90502 -0.00377835674974
59.99704 -0.00377835674974
60.08906 -0.00377835674974
60.18108 -0.00377835674974
60.2731 -0.00377835674974
60.36512 -0.00377835674974
60.45714 -0.00377835674974
60.54916 -0.00377835674974
60.64118 -0.00377835674974
60.7332 -0.00377835674974
60.82522 -0.00377835674974
60.91724 -0.00377835674974
61.00926 -0.00377835674974
61.10128 -0.00377835674974
61.1933 -0.00377835674974
61.28532 -0.00377835674974
61.37734 -0.00377835674974
61.46936 -0.00377835674974
61.56138 -0.00377835674974
61.6534 -0.00377835674974
61.74542 -0.00377835674974
61.83744 -0.00377835674974
61.92946 -0.00377835674974
62.02148 -0.00377835674974
62.1135 -0.00377835674974
62.20552 -0.00377835674974
62.29754 -0.00377835674974
62.38956 -0.00377835674974
62.48158 -0.00377835674974
62.5736 -0.00377835674974
62.66562 -0.00377835674974
62.75764 -0.00377835674974
62.84966 -0.00377835674974
62.94168 -0.00377835674974
63.0337 -0.00377835674974
63.12572 -0.00377835674974
63.21774 -0.00377835674974
63.30976 -0.00377835674974
63.40178 -0.00377835674974
63.4938 -0.00377835674974
63.58582 -0.00377835674974
63.67784 -0.00377835674974
63.76986 -0.00377835674974
63.86188 -0.00377835674974
63.9539 -0.00377835674974
64.04592 -0.00377835674974
64.13794 -0.00377835674974
64.22996 -0.00377835674974
64.32198 -0.00377835674974
64.414 -0.00377835674974
64.50602 -0.00377835674974
64.59804 -0.00377835674974
64.69006 -0.00377835674974
64.78208 -0.00377835674974
64.8741 -0.00377835674974
64.96612 -0.00377835674974
65.05814 -0.00377835674974
65.15016 -0.00377835674974
65.24218 -0.00377835674974
65.3342 -0.00377835674974
65.42622 -0.00377835674974
65.51824 -0.00377835674974
65.61026 -0.00377835674974
65.70228 -0.00377835674974
65.7943 -0.00377835674974
65.88632 -0.00377835674974
65.97834 -0.00377835674974
66.07036 -0.00377835674974
66.16238 -0.00377835674974
66.2544 -0.00377835674974
66.34642 -0.00377835674974
66.43844 -0.00377835674974
66.53046 -0.00377835674974
66.62248 -0.00377835674974
66.7145 -0.00377835674974
66.80652 -0.00377835674974
66.89854 -0.00377835674974
66.99056 -0.00377835674974
67.08258 -0.00377835674974
67.1746 -0.00377835674974
67.26662 -0.00377835674974
67.35864 -0.00377835674974
67.45066 -0.00377835674974
67.54268 -0.00377835674974
67.6347 -0.00377835674974
67.72672 -0.00377835674974
67.81874 -0.00377835674974
67.91076 -0.00377835674974
68.00278 -0.00377835674974
68.0948 -0.00377835674974
68.18682 -0.00377835674974
68.27884 -0.00377835674974
68.37086 -0.00377835674974
68.46288 -0.00377835674974
68.5549 -0.00377835674974
68.64692 -0.00377835674974
68.73894 -0.00377835674974
68.83096 -0.00377835674974
68.92298 -0.00377835674974
69.015 -0.00377835674974
69.10702 -0.00377835674974
69.19904 -0.00377835674974
69.29106 -0.00377835674974
69.38308 -0.00377835674974
69.4751 -0.00377835674974
69.56712 -0.00377835674974
69.65914 -0.00377835674974
69.75116 -0.00377835674974
69.84318 -0.00377835674974
69.9352 -0.00377835674974
70.02722 -0.00377835674974
70.11924 -0.00377835674974
70.21126 -0.00377835674974
70.30328 -0.00377835674974
70.3953 -0.00377835674974
70.48732 -0.00377835674974
70.57934 -0.00377835674974
70.67136 -0.00377835674974
70.76338 -0.00377835674974
70.8554 -0.00377835674974
70.94742 -0.00377835674974
71.03944 -0.00377835674974
71.13146 -0.00377835674974
71.22348 -0.00377835674974
71.3155 -0.00377835674974
71.40752 -0.00377835674974
71.49954 -0.00377835674974
71.59156 -0.00377835674974
71.68358 -0.00377835674974
71.7756 -0.00377835674974
71.86762 -0.00377835674974
71.95964 -0.00377835674974
72.05166 -0.00377835674974
72.14368 -0.00377835674974
72.2357 -0.00377835674974
72.32772 -0.00377835674974
72.41974 -0.00377835674974
72.51176 -0.00377835674974
72.60378 -0.00377835674974
72.6958 -0.00377835674974
72.78782 -0.00377835674974
72.87984 -0.00377835674974
72.97186 -0.00377835674974
73.06388 -0.00377835674974
73.1559 -0.00377835674974
73.24792 -0.00377835674974
73.33994 -0.00377835674974
73.43196 -0.00377835674974
73.52398 -0.00377835674974
73.616 -0.00377835674974
73.70802 -0.00377835674974
73.80004 -0.00377835674974
73.89206 -0.00377835674974
73.98408 -0.00377835674974
74.0761 -0.00377835674974
74.16812 -0.00377835674974
74.26014 -0.00377835674974
74.35216 -0.00377835674974
74.44418 -0.00377835674974
74.5362 -0.00377835674974
74.62822 -0.00377835674974
74.72024 -0.00377835674974
74.81226 -0.00377835674974
74.90428 -0.00377835674974
74.9963 -0.00377835674974
75.08832 -0.00377835674974
75.18034 -0.00377835674974
75.27236 -0.00377835674974
75.36438 -0.00377835674974
75.4564 -0.00377835674974
75.54842 -0.00377835674974
75.64044 -0.00377835674974
75.73246 -0.00377835674974
75.82448 -0.00377835674974
75.9165 -0.00377835674974
76.00852 -0.00377835674974
76.10054 -0.00377835674974
76.19256 -0.00377835674974
76.28458 -0.00377835674974
76.3766 -0.00377835674974
76.46862 -0.00377835674974
76.56064 -0.00377835674974
76.65266 -0.00377835674974
76.74468 -0.00377835674974
76.8367 -0.00377835674974
76.92872 -0.00377835674974
77.02074 -0.00377835674974
77.11276 -0.00377835674974
77.20478 -0.00377835674974
77.2968 -0.00377835674974
77.38882 -0.00377835674974
77.48084 -0.00377835674974
77.57286 -0.00377835674974
77.66488 -0.00377835674974
77.7569 -0.00377835674974
77.84892 -0.00377835674974
77.94094 -0.00377835674974
78.03296 -0.00377835674974
78.12498 -0.00377835674974
78.217 -0.00377835674974
78.30902 -0.00377835674974
78.40104 -0.00377835674974
78.49306 -0.00377835674974
78.58508 -0.00377835674974
78.6771 -0.00377835674974
78.76912 -0.00377835674974
78.86114 -0.00377835674974
78.95316 -0.00377835674974
79.04518 -0.00377835674974
79.1372 -0.00377835674974
79.22922 -0.00377835674974
79.32124 -0.00377835674974
79.41326 -0.00377835674974
79.50528 -0.00377835674974
79.5973 -0.00377835674974
79.68932 -0.00377835674974
79.78134 -0.00377835674974
79.87336 -0.00377835674974
79.96538 -0.00377835674974
80.0574 -0.00377835674974
80.14942 -0.00377835674974
80.24144 -0.00377835674974
80.33346 -0.00377835674974
80.42548 -0.00377835674974
80.5175 -0.00377835674974
80.60952 -0.00377835674974
80.70154 -0.00377835674974
80.79356 -0.00377835674974
80.88558 -0.00377835674974
80.9776 -0.00377835674974
81.06962 -0.00377835674974
81.16164 -0.00377835674974
81.25366 -0.00377835674974
81.34568 -0.00377835674974
81.4377 -0.00377835674974
81.52972 -0.00377835674974
81.62174 -0.00377835674974
81.71376 -0.00377835674974
81.80578 -0.00377835674974
81.8978 -0.00377835674974
81.98982 -0.00377835674974
82.08184 -0.00377835674974
82.17386 -0.00377835674974
82.26588 -0.00377835674974
82.3579 -0.00377835674974
82.44992 -0.00377835674974
82.54194 -0.00377835674974
82.63396 -0.00377835674974
82.72598 -0.00377835674974
82.818 -0.00377835674974
82.91002 -0.00377835674974
83.00204 -0.00377835674974
83.09406 -0.00377835674974
83.18608 -0.00377835674974
83.2781 -0.00377835674974
83.37012 -0.00377835674974
83.46214 -0.00377835674974
83.55416 -0.00377835674974
83.64618 -0.00377835674974
83.7382 -0.00377835674974
83.83022 -0.00377835674974
83.92224 -0.00377835674974
84.01426 -0.00377835674974
84.10628 -0.00377835674974
84.1983 -0.00377835674974
84.29032 -0.00377835674974
84.38234 -0.00377835674974
84.47436 -0.00377835674974
84.56638 -0.00377835674974
84.6584 -0.00377835674974
84.75042 -0.00377835674974
84.84244 -0.00377835674974
84.93446 -0.00377835674974
85.02648 -0.00377835674974
85.1185 -0.00377835674974
85.21052 -0.00377835674974
85.30254 -0.00377835674974
85.39456 -0.00377835674974
85.48658 -0.00377835674974
85.5786 -0.00377835674974
85.67062 -0.00377835674974
85.76264 -0.00377835674974
85.85466 -0.00377835674974
85.94668 -0.00377835674974
86.0387 -0.00377835674974
86.13072 -0.00377835674974
86.22274 -0.00377835674974
86.31476 -0.00377835674974
86.40678 -0.00377835674974
86.4988 -0.00377835674974
86.59082 -0.00377835674974
86.68284 -0.00377835674974
86.77486 -0.00377835674974
86.86688 -0.00377835674974
86.9589 -0.00377835674974
87.05092 -0.00377835674974
87.14294 -0.00377835674974
87.23496 -0.00377835674974
87.32698 -0.00377835674974
87.419 -0.00377835674974
87.51102 -0.00377835674974
87.60304 -0.00377835674974
87.69506 -0.00377835674974
87.78708 -0.00377835674974
87.8791 -0.00377835674974
87.97112 -0.00377835674974
88.06314 -0.00377835674974
88.15516 -0.00377835674974
88.24718 -0.00377835674974
88.3392 -0.00377835674974
88.43122 -0.00377835674974
88.52324 -0.00377835674974
88.61526 -0.00377835674974
88.70728 -0.00377835674974
88.7993 -0.00377835674974
88.89132 -0.00377835674974
88.98334 -0.00377835674974
89.07536 -0.00377835674974
89.16738 -0.00377835674974
89.2594 -0.00377835674974
89.35142 -0.00377835674974
89.44344 -0.00377835674974
89.53546 -0.00377835674974
89.62748 -0.00377835674974
89.7195 -0.00377835674974
89.81152 -0.00377835674974
89.90354 -0.00377835674974
89.99556 -0.00377835674974
90.08758 -0.00377835674974
90.1796 -0.00377835674974
90.27162 -0.00377835674974
90.36364 -0.00377835674974
90.45566 -0.00377835674974
90.54768 -0.00377835674974
90.6397 -0.00377835674974
90.73172 -0.00377835674974
90.82374 -0.00377835674974
90.91576 -0.00377835674974
91.00778 -0.00377835674974
91.0998 -0.00377835674974
91.19182 -0.00377835674974
91.28384 -0.00377835674974
91.37586 -0.00377835674974
91.46788 -0.00377835674974
91.5599 -0.00377835674974
91.65192 -0.00377835674974
91.74394 -0.00377835674974
91.83596 -0.00377835674974
91.92798 -0.00377835674974
92.02 -0.00377835674974
92.11202 -0.00377835674974
92.20404 -0.00377835674974
92.29606 -0.00377835674974
92.38808 -0.00377835674974
92.4801 -0.00377835674974
92.57212 -0.00377835674974
92.66414 -0.00377835674974
92.75616 -0.00377835674974
92.84818 -0.00377835674974
92.9402 -0.00377835674974
93.03222 -0.00377835674974
93.12424 -0.00377835674974
93.21626 -0.00377835674974
93.30828 -0.00377835674974
93.4003 -0.00377835674974
93.49232 -0.00377835674974
93.58434 -0.00377835674974
93.67636 -0.00377835674974
93.76838 -0.00377835674974
93.8604 -0.00377835674974
93.95242 -0.00377835674974
94.04444 -0.00377835674974
94.13646 -0.00377835674974
