0 -0.00212767
0.0995343 -0.0247548
0.199069 -0.0521031
0.298603 -0.0739781
0.398137 -0.0775211
0.497671 -0.0507587
0.597206 0.013006
0.69674 0.111069
0.796274 0.228881
0.895808 0.340629
0.995343 0.413566
1.09488 0.415665
1.19441 0.324796
1.29395 0.136712
1.39348 -0.130876
1.49301 -0.43966
1.59255 -0.737157
1.69208 -0.965977
1.79162 -1.07307
1.89115 -1.01685
1.99069 -0.772243
2.09022 -0.335362
2.18975 0.269771
2.28929 0.982207
2.38882 1.69608
2.48836 2.26073
2.58789 2.49702
2.68742 2.23438
2.78696 1.36546
2.88649 -0.0953838
2.98603 -1.97053
3.08556 -3.91685
3.1851 -5.47659
3.28463 -6.17894
3.38416 -5.67017
3.4837 -3.83521
3.58323 -0.86915
3.68277 2.73223
3.7823 6.27027
3.88184 9.00828
3.98137 10.3576
4.0809 10.0289
4.18044 8.10208
4.27997 4.99187
4.37951 1.32303
4.47904 -2.24424
4.57858 -5.18064
4.67811 -7.19449
4.77764 -8.25075
4.87718 -8.50723
4.97671 -8.20201
5.07625 -7.54073
5.17578 -6.62672
5.27532 -5.45564
5.37485 -3.96711
5.47438 -2.12262
5.57392 0.0292915
5.67345 2.33078
5.77299 4.54375
5.87252 6.41488
5.97206 7.7462
6.07159 8.44061
6.17112 8.50569
6.27066 8.02029
6.37019 7.08522
6.46973 5.78499
6.56926 4.17906
6.6688 2.32345
6.76833 0.305924
6.86786 -1.72989
6.9674 -3.59129
7.06693 -5.07751
7.16647 -6.03967
7.266 -6.43249
7.36553 -6.33203
7.46507 -5.90791
7.5646 -5.3592
7.66414 -4.84004
7.76367 -4.40615
7.86321 -4.00423
7.96274 -3.50764
8.06227 -2.78134
8.16181 -1.74771
8.26134 -0.42597
8.36088 1.06895
8.46041 2.56411
8.55995 3.88424
8.65948 4.90146
8.75901 5.56115
8.85855 5.8784
8.95808 5.91237
9.05762 5.73322
9.15715 5.39606
9.25669 4.92936
9.35622 4.33768
9.45575 3.61242
9.55529 2.74392
9.65482 1.73063
9.75436 0.585249
9.85389 -0.660837
9.95343 -1.95378
10.053 -3.21611
10.1525 -4.35136
10.252 -5.2571
10.3516 -5.84493
10.4511 -6.06195
10.5506 -5.9058
10.6502 -5.42638
10.7497 -4.71273
10.8492 -3.86938
10.9488 -2.99087
11.0483 -2.14347
11.1478 -1.35935
11.2474 -0.642491
11.3469 0.0187127
11.4464 0.639263
11.546 1.23026
11.6455 1.79723
11.745 2.34138
11.8446 2.86006
11.9441 3.34485
12.0436 3.77843
12.1432 4.13367
12.2427 4.37763
12.3422 4.4803
12.4418 4.42461
12.5413 4.21252
12.6409 3.86331
12.7404 3.40435
12.8399 2.85878
12.9395 2.23662
13.039 1.53472
13.1385 0.746102
13.2381 -0.125648
13.3376 -1.0545
13.4371 -1.98923
13.5367 -2.86214
13.6362 -3.60579
13.7357 -4.17036
13.8353 -4.53415
13.9348 -4.70322
14.0343 -4.70152
14.1339 -4.5575
14.2334 -4.29376
14.3329 -3.92434
14.4325 -3.4592
14.532 -2.91179
14.6315 -2.30417
14.7311 -1.66627
14.8306 -1.02936
14.9301 -0.417766
15.0297 0.156595
15.1292 0.693627
15.2287 1.19886
15.3283 1.67519
15.4278 2.1172
15.5273 2.51089
15.6269 2.83893
15.7264 3.08801
15.8259 3.25422
15.9255 3.34361
16.025 3.36782
16.1245 3.33755
16.2241 3.25757
16.3236 3.12585
16.4232 2.93707
16.5227 2.68809
16.6222 2.38232
16.7218 2.03032
16.8213 1.64683
16.9208 1.24575
17.0204 0.836151
17.1199 0.42112
17.2194 -0.000168291
17.319 -0.428818
17.4185 -0.863161
17.518 -1.29785
17.6176 -1.72515
17.7171 -2.13696
17.8166 -2.52607
17.9162 -2.8854
18.0157 -3.20602
18.1152 -3.47521
18.2148 -3.67656
18.3143 -3.79249
18.4138 -3.80863
18.5134 -3.71787
18.6129 -3.52229
18.7124 -3.23196
18.812 -2.86123
18.9115 -2.42463
19.011 -1.93411
19.1106 -1.39914
19.2101 -0.828925
19.3096 -0.235344
19.4092 0.365398
19.5087 0.953504
19.6082 1.5085
19.7078 2.01292
19.8073 2.45502
19.9069 2.82932
20.0064 3.13502
20.1059 3.3733
20.2055 3.54491
20.305 3.64928
20.4045 3.685
20.5041 3.65125
20.6036 3.54889
20.7031 3.38066
20.8027 3.15043
20.9022 2.86223
21.0017 2.51979
21.1013 2.12719
21.2008 1.69028
21.3003 1.218
21.3999 0.722702
21.4994 0.219029
21.5989 -0.278513
21.6985 -0.758169
21.798 -1.21264
21.8975 -1.63904
21.9971 -2.03706
22.0966 -2.4061
22.1961 -2.74263
22.2957 -3.03877
22.3952 -3.28282
22.4947 -3.4614
22.5943 -3.56258
22.6938 -3.57872
22.7933 -3.50832
22.8929 -3.35637
22.9924 -3.13314
23.0919 -2.85203
23.1915 -2.52707
23.291 -2.17066
23.3905 -1.79211
23.4901 -1.39725
23.5896 -0.989023
23.6892 -0.568952
23.7887 -0.138987
23.8882 0.296817
23.9878 0.731305
24.0873 1.15429
24.1868 1.5537
24.2864 1.91754
24.3859 2.23596
24.4854 2.50276
24.585 2.71583
24.6845 2.87633
24.784 2.98698
24.8836 3.05016
24.9831 3.06662
25.0826 3.03521
25.1822 2.95373
25.2817 2.82047
25.3812 2.63575
25.4808 2.40262
25.5803 2.12667
25.6798 1.81506
25.7794 1.47528
25.8789 1.11438
25.9784 0.739067
26.078 0.35632
26.1775 -0.0258009
26.277 -0.398032
26.3766 -0.750767
26.4761 -1.07576
26.5756 -1.36792
26.6752 -1.62632
26.7747 -1.85365
26.8742 -2.05418
26.9738 -2.23097
27.0733 -2.38342
27.1729 -2.50646
27.2724 -2.59164
27.3719 -2.62983
27.4715 -2.61446
27.571 -2.54384
27.6705 -2.42184
27.7701 -2.25665
27.8696 -2.05842
27.9691 -1.83678
28.0687 -1.59922
28.1682 -1.35067
28.2677 -1.09404
28.3673 -0.831132
28.4668 -0.563361
28.5663 -0.291975
28.6659 -0.0181207
28.7654 0.256911
28.8649 0.531036
28.9645 0.800492
29.064 1.05928
29.1635 1.29951
29.2631 1.51287
29.3626 1.69282
29.4621 1.83658
29.5617 1.94598
29.6612 2.02651
29.7607 2.08488
29.8603 2.12603
29.9598 2.15087
30.0593 2.15572
30.1589 2.13375
30.2584 2.07763
30.3579 1.98243
30.4575 1.84735
30.557 1.67592
30.6566 1.47457
30.7561 1.25061
30.8556 1.01038
30.9552 0.758437
31.0547 0.497675
31.1542 0.230276
31.2538 -0.0413122
31.3533 -0.31371
31.4528 -0.582424
31.5524 -0.841993
31.6519 -1.08622
31.7514 -1.30839
31.851 -1.50155
31.9505 -1.65915
32.05 -1.77598
32.1496 -1.8495
32.2491 -1.88082
32.3486 -1.87503
32.4482 -1.84039
32.5477 -1.78644
32.6472 -1.72158
32.7468 -1.65095
32.8463 -1.57528
32.9458 -1.49114
33.0454 -1.39251
33.1449 -1.27299
33.2444 -1.12804
33.344 -0.956448
33.4435 -0.760726
33.543 -0.546538
33.6426 -0.321443
33.7421 -0.0934772
33.8416 0.130019
33.9412 0.343083
34.0407 0.541289
34.1402 0.721503
34.2398 0.881467
34.3393 1.01941
34.4389 1.13385
34.5384 1.22366
34.6379 1.28824
34.7375 1.32782
34.837 1.34355
34.9365 1.33745
35.0361 1.31214
35.1356 1.27046
35.2351 1.21521
35.3347 1.14898
35.4342 1.07415
35.5337 0.992954
35.6333 0.90732
35.7328 0.818608
35.8323 0.727188
35.9319 0.632168
36.0314 0.531526
36.1309 0.422754
36.2305 0.303921
36.33 0.174782
36.4295 0.0374854
36.5291 -0.103483
36.6286 -0.242146
36.7281 -0.37239
36.8277 -0.489308
36.9272 -0.590029
37.0267 -0.673767
37.1263 -0.741189
37.2258 -0.793472
37.3253 -0.831503
37.4249 -0.855567
37.5244 -0.865537
37.6239 -0.86137
37.7235 -0.843564
37.823 -0.81332
37.9226 -0.772365
38.0221 -0.722555
38.1216 -0.665523
38.2212 -0.602538
38.3207 -0.5346
38.4202 -0.462664
38.5198 -0.387818
38.6193 -0.311298
38.7188 -0.234346
38.8184 -0.158036
38.9179 -0.0831813
39.0174 -0.0103967
39.117 0.0597267
39.2165 0.12645
39.316 0.188825
39.4156 0.245775
39.5151 0.29626
39.6146 0.339426
39.7142 0.374654
39.8137 0.401533
39.9132 0.419796
40.0128 0.429331
40.1123 0.430276
40.2118 0.423153
40.3114 0.408924
40.4109 0.388897
40.5104 0.364477
40.61 0.336856
40.7095 0.306815
40.809 0.274722
40.9086 0.240743
41.0081 0.20514
41.1076 0.168481
41.2072 0.131659
41.3067 0.0956994
41.4062 0.0614745
41.5058 0.0295069
41.6053 -4.48559e-05
41.7049 -0.0272103
41.8044 -0.0519645
41.9039 -0.0740725
42.0035 -0.0931166
42.103 -0.108683
42.2025 -0.120587
42.3021 -0.128979
42.4016 -0.134281
42.5011 -0.136963
42.6007 -0.137338
42.7002 -0.13547
42.7997 -0.131285
42.8993 -0.124795
42.9988 -0.116294
43.0983 -0.106391
43.1979 -0.0958515
43.2974 -0.0853247
43.3969 -0.0751256
43.4965 -0.0652005
43.596 -0.0552961
43.6955 -0.0452307
43.7951 -0.0351013
43.8946 -0.0253027
43.9941 -0.0163483
44.0937 -0.00860814
44.1932 -0.0021265
44.2927 0.00336605
44.3923 0.00825567
44.4918 0.0127865
44.5913 0.0169026
44.6909 0.0202889
44.7904 0.0225852
44.8899 0.0236382
44.9895 0.0236318
45.089 0.023014
45.1886 0.0222627
45.2881 0.0216354
45.3876 0.0210576
45.4872 0.020218
45.5867 0.0188085
45.6862 0.0167599
45.7858 0.0143237
45.8853 0.0119494
45.9848 0.0100341
46.0844 0.00870051
46.1839 0.00774315
46.2834 0.00677559
46.383 0.00548712
46.4825 0.00384807
46.582 0.00213545
46.6816 0.000762945
46.7811 2.19547e-05
46.8806 -0.000103866
46.9802 6.62079e-05
47.0797 0.000102861
47.1792 -0.000272087
47.2788 -0.00101891
47.3783 -0.00181155
47.4778 -0.00224765
47.5774 -0.00210602
47.6769 -0.00149062
47.7764 -0.00077143
47.876 -0.000359145
47.9755 -0.000454482
48.075 -0.00092859
48.1746 -0.00140899
48.2741 -0.00151701
48.3736 -0.00110814
48.4732 -0.000365046
48.5727 0.000314857
48.6723 0.000566672
48.7718 0.000285489
48.8713 -0.000308318
48.9709 -0.0008068
49.0704 -0.000869069
49.1699 -0.000433701
49.2695 0.000243803
49.369 0.000751776
49.4685 0.000780751
49.5681 0.000317805
49.6676 -0.00034464
49.7671 -0.000791027
49.8667 -0.000741935
49.9662 -0.000228296
50.0657 0.000428342
50.1653 0.000817123
50.2648 0.000694869
50.3643 0.000138094
50.4639 -0.000504952
50.5634 -0.000832134
50.6629 -0.000638911
50.7625 -4.62031e-05
50.862 0.000575291
50.9615 0.000836941
51.0611 0.000575195
51.1606 -4.61877e-05
51.2601 -0.000638593
51.3597 -0.000831586
51.4592 -0.000504543
51.5587 0.000137963
51.6583 0.000694121
51.7578 0.000816162
51.8573 0.000427817
51.9569 -0.000228024
52.0564 -0.000741221
52.1559 -0.000790864
52.2555 -0.00034594
52.355 0.000315298
52.4546 0.000779338
52.5541 0.000756002
52.6536 0.000259892
52.7532 -0.000398743
52.8527 -0.000808021
52.9522 -0.000711994
53.0518 -0.000170701
53.1513 0.000477367
53.2508 0.000826931
53.3504 0.000659367
53.4499 7.94299e-05
53.5494 -0.000550231
53.649 -0.000835841
53.7485 -0.000598748
53.848 1.28329e-05
53.9476 0.000616469
54.0471 0.000834646
54.1466 0.000530858
54.2462 -0.000104989
54.3457 -0.000675288
54.4452 -0.000823354
54.5448 -0.000456501
54.6443 0.000195942
54.7438 0.000725986
54.8434 0.000802096
54.9429 0.000376559
55.0424 -0.000284609
55.142 -0.000767952
55.2415 -0.000771116
55.341 -0.000291978
55.4406 0.000369933
55.5401 0.000800681
55.6396 0.000730773
55.7392 0.000203759
55.8387 -0.000450896
55.9383 -0.000823772
56.0378 -0.000681536
56.1373 -0.000112946
56.2369 0.00052653
56.3364 0.000836939
56.4359 0.000623977
56.5355 2.06145e-05
56.635 -0.000595929
56.7345 -0.000840009
56.8341 -0.000558768
56.9336 7.21415e-05
57.0331 0.000658257
57.1327 0.000832928
57.2322 0.000486668
57.3317 -0.000164221
57.4313 -0.000712761
57.5308 -0.00081576
57.6303 -0.000408518
57.7299 0.00025453
57.8294 0.000758777
57.9289 0.000788686
58.0285 0.000325234
58.128 -0.000341993
58.2275 -0.000795739
58.3271 -0.000752003
58.4266 -0.00023779
58.5261 0.000425563
58.6257 0.000823183
58.7252 0.000706121
58.8247 0.000147212
58.9243 -0.000504239
59.0238 -0.000840758
59.1233 -0.000651557
59.2229 -5.45658e-05
59.3224 0.000577073
59.422 0.000848223
59.5215 0.00058893
59.621 -3.90577e-05
59.7206 -0.000643183
59.8201 -0.000845458
59.9196 -0.000518956
60.0192 0.000132551
60.1187 0.000701759
60.2182 0.000832458
60.3178 0.000442437
60.4173 -0.000224807
60.5168 -0.000752081
60.6164 -0.000809337
60.7159 -0.000360255
60.8154 0.000314725
60.915 0.000793518
61.0145 0.00077633
61.114 0.00027336
61.2136 -0.000401231
61.3131 -0.000825542
61.4126 -0.000733783
61.5122 -0.000182761
61.6117 0.000483286
61.7112 0.000847731
61.8108 0.000682158
61.9103 8.95142e-05
62.0098 -0.000559895
62.1094 -0.000859774
62.2089 -0.000622022
62.3084 5.28878e-06
62.408 0.000630124
62.5075 0.000861479
62.607 0.000554044
62.7066 -0.000100533
62.8061 -0.00069311
62.9056 -0.00085277
63.0052 -0.000478986
63.1047 0.000195094
63.2043 0.000748065
63.3038 0.000833694
63.4033 0.000397699
63.5029 -0.000287848
63.6024 -0.000794294
63.7019 -0.000804415
63.8015 -0.000311108
63.901 0.000377686
64.0005 0.000831196
64.1001 0.000765218
64.1996 0.000220204
64.2991 -0.000463526
64.3987 -0.000858277
64.4982 -0.000716505
64.5977 -0.000126037
64.6973 0.000544327
64.7968 0.000875152
64.8963 0.000658788
64.9959 2.96981e-05
65.0954 -0.000619099
65.1949 -0.000881551
65.2945 -0.000592689
65.394 6.7687e-05
65.4935 0.000686914
65.5931 0.000877324
65.6926 0.000518929
65.7921 -0.000164974
65.8917 -0.00074692
65.9912 -0.000862443
66.0907 -0.000438325
66.1903 0.000261012
66.2898 0.000798348
66.3893 0.000837003
66.4889 0.000351775
66.5884 -0.000354654
66.688 -0.000840521
66.7875 -0.00080122
66.887 -0.000260257
66.9866 0.000444775
67.0861 0.000872866
67.1856 0.000755432
67.2852 0.000164812
67.3847 -0.000530278
67.4842 -0.000894917
67.5838 -0.000700095
67.6833 -6.65331e-05
67.7828 0.000610113
67.8824 0.000906323
67.9819 0.00063578
68.0814 -3.3442e-05
68.181 -0.000683286
68.2805 -0.000906853
68.38 -0.000563164
68.4796 0.000133948
68.5791 0.00074887
68.6786 0.000896399
68.7782 0.000483029
68.8777 -0.000233801
68.9772 -0.000806017
69.0768 -0.00087498
69.1763 -0.000396247
69.2758 0.000331815
69.3754 0.000853969
69.4749 0.000842739
69.5744 0.000303777
69.674 -0.000426814
69.7735 -0.000892065
69.873 -0.000799945
69.9726 -0.000206653
70.0721 0.000517645
70.1716 0.000919753
70.2712 0.000746994
70.3707 0.000105973
70.4703 -0.000603189
70.5698 -0.000936592
70.6693 -0.000684399
70.7689 -2.88647e-06
70.8684 0.000682378
70.9679 0.000942264
71.0675 0.000612791
71.167 -0.000101417
71.2665 -0.000754205
71.3661 -0.000936572
71.4656 -0.000532913
71.5651 0.000205719
71.6647 0.000817736
71.7642 0.000919452
71.8637 0.000445608
71.9633 -0.00030879
72.0628 -0.000872121
72.1623 -0.000890965
72.2619 -0.000351816
72.3614 0.000409398
72.4609 0.000916605
72.5605 0.000851307
72.66 0.000252564
72.7595 -0.000506325
72.8591 -0.000950539
72.9586 -0.000800804
73.0581 -0.00014895
73.1577 0.000598379
73.2572 0.000973383
73.3567 0.000739907
73.4563 4.21403e-05
73.5558 -0.000684411
73.6553 -0.00098472
73.7549 -0.000669195
73.8544 6.66499e-05
73.954 0.000763323
74.0535 0.000984258
74.153 0.000589366
74.2526 -0.000176166
74.3521 -0.000834086
74.4516 -0.000971837
74.5512 -0.000501231
74.6507 0.000285127
74.7502 0.000895748
74.8498 0.000947428
74.9493 0.000405708
75.0488 -0.000392241
75.1484 -0.00094745
75.2479 -0.000911143
75.3474 -0.000303811
75.447 0.000496219
75.5465 0.00098843
75.646 0.000863228
75.7456 0.000196644
75.8451 -0.000595788
75.9446 -0.00101804
76.0442 -0.000804064
76.1437 -8.5384e-05
76.2432 0.000689706
76.3428 0.00103575
76.4423 0.00073417
76.5418 -2.87239e-05
76.6414 -0.000776777
76.7409 -0.00104117
76.8404 -0.000654191
76.94 0.000144385
77.0395 0.000855863
77.139 0.00103401
77.2386 0.0005649
77.3381 -0.000260264
77.4377 -0.000925897
77.5372 -0.00101415
77.6367 -0.000467186
77.7363 0.000375003
77.8358 0.000985901
77.9353 0.000981605
78.0349 0.000362049
78.1344 -0.000487233
78.2339 -0.00103499
78.3335 -0.000936525
78.433 -0.000250592
78.5325 0.000595591
78.6321 0.00107239
78.7316 0.000879211
78.8311 0.000134006
78.9307 -0.000698731
79.0302 -0.00109743
79.1297 -0.000810107
79.2293 -1.3563e-05
79.3288 0.000795345
79.4283 0.0011096
79.5279 0.000729797
79.6274 -0.000109398
79.7269 -0.000884172
79.8265 -0.0011085
79.926 -0.000639003
80.0255 0.000233484
80.1251 0.000964015
80.2246 0.00109388
80.3241 0.000538578
80.4237 -0.000357263
80.5232 -0.00103376
80.6227 -0.00106562
80.7223 -0.0004295
80.8218 0.00047928
80.9213 0.00109237
81.0209 0.00102378
81.1204 0.000312866
81.22 -0.000598069
81.3195 -0.00113893
81.419 -0.000968548
81.5186 -0.000189876
81.6181 0.000712168
81.7176 0.00117262
81.8172 0.000900286
81.9167 6.18305e-05
82.0162 -0.00082014
82.1158 -0.00119278
82.2153 -0.000819496
82.3148 6.9889e-05
82.4144 0.000920583
82.5139 0.00119885
82.6134 0.000726835
82.713 -0.000203829
82.8125 -0.00101215
82.912 -0.00119044
83.0116 -0.000623105
83.1111 0.000338477
83.2106 0.00109356
83.3102 0.00116729
83.4097 0.000509251
83.5092 -0.000472281
83.6088 -0.00116363
83.7083 -0.00112932
83.8078 -0.000386352
83.9074 0.000603661
84.0069 0.00122124
84.1064 0.0010766
84.206 0.00025561
84.3055 -0.000731026
84.405 -0.00126541
84.5046 -0.00100936
84.6041 -0.000118345
84.7037 0.000852791
84.8032 0.00129529
84.9027 0.00092801
85.0023 -2.40181e-05
85.1018 -0.000967392
85.2013 -0.00131014
85.3009 -0.000833115
85.4004 0.000169965
85.4999 0.00107331
85.5995 0.00130938
85.699 0.000725403
85.7985 -0.000317902
85.8981 -0.00116906
85.9976 -0.00129258
86.0971 -0.000605763
86.1967 0.000466171
86.2962 0.00125327
86.3957 0.00125949
86.4953 0.000475238
86.5948 -0.000613068
86.6943 -0.00132461
86.7939 -0.00121
86.8934 -0.000335015
86.9929 0.000756854
87.0925 0.00138189
87.192 0.00114421
87.2915 0.000186421
87.3911 -0.000895779
87.4906 -0.00142401
87.5901 -0.00106236
87.6897 -3.09101e-05
87.7892 0.00102809
87.8887 0.00145002
87.9883 0.000964905
88.0878 -0.000129949
88.1873 -0.00115206
88.2869 -0.0014591
88.3864 -0.000852451
88.486 0.000294482
88.5855 0.001266
88.685 0.0014506
88.7846 0.000725798
88.8841 -0.000460928
88.9836 -0.00136826
89.0832 -0.00142403
89.1827 -0.000585915
89.2822 0.00062745
89.3818 0.00145729
89.4813 0.00137907
89.5808 0.00043394
89.6804 -0.000792152
89.7799 -0.0015316
89.8794 -0.00131558
89.979 -0.000271172
90.0785 0.000953101
90.178 0.00158983
90.2776 0.00123362
90.3771 9.9067e-05
90.4766 -0.00110833
90.5762 -0.00163072
90.6757 -0.00113344
90.7752 8.07801e-05
90.8748 0.00125589
90.9743 0.00165317
91.0738 0.00101546
91.1734 -0.000266641
91.2729 -0.00139381
91.3724 -0.00165621
91.472 -0.000880318
91.5715 0.000456668
91.671 0.00152018
91.7706 0.00163903
91.8701 0.000728845
91.9697 -0.000648912
92.0692 -0.00163311
92.1687 -0.001601
92.2683 -0.000562048
92.3678 0.000841333
92.4673 0.00173082
92.5669 0.00154168
92.6664 0.000381123
92.7659 -0.00103182
92.8655 -0.00181156
92.965 -0.0014608
93.0645 -0.00018744
93.1641 0.00121821
93.2636 0.00187373
93.3631 0.00135829
93.4627 -1.74637e-05
93.5622 -0.00139831
93.6617 -0.00191581
93.7613 -0.00123428
93.8608 0.000231901
93.9603 0.00156989
94.0599 0.00193644
94.1594 0.00108909
94.2589 -0.000454044
94.3585 -0.00173075
94.458 -0.00193439
94.5575 -0.000923238
94.6571 0.000681947
94.7566 0.0018787
94.8561 0.00190856
94.9557 0.000737412
95.0552 -0.000913564
95.1547 -0.00201161
95.2543 -0.00185806
95.3538 -0.000532484
95.4534 0.00114678
95.5529 0.00212741
95.6524 0.00178213
95.752 0.000309468
95.8515 -0.00137944
95.951 -0.00222412
96.0506 -0.00168017
96.1501 -6.9503e-05
96.2496 0.00160938
96.3492 0.00229989
96.4487 0.00155174
96.5482 -0.000186203
96.6478 -0.00183451
96.7473 -0.00235301
96.8468 -0.00139653
96.9464 0.000456436
97.0459 0.00205286
97.1454 0.00238195
97.245 0.0012143
97.3445 -0.000740091
97.444 -0.00226273
97.5436 -0.00238539
97.6431 -0.00100481
97.7426 0.00103634
97.8422 0.00246281
97.9417 0.00236231
98.0412 0.000767691
98.1408 -0.00134497
98.2403 -0.00265256
98.3398 -0.00231202
98.4394 -0.000502133
98.5389 0.00166686
98.6384 0.00283265
98.738 0.00223427
98.8375 0.000206376
98.937 -0.00200511
99.0366 -0.00300597
99.1361 -0.00212946
99.2357 0.000123387
99.3352 0.002367
99.4347 0.00317953
99.5343 0.00199882
99.6338 -0.000495412
99.7333 -0.00276852
99.8329 -0.00336851
99.9324 -0.00184474
100.032 0.000928077
100.131 0.00324472
100.231 0.00360567
100.331 0.00167093
100.43 -0.0014647
100.53 -0.00387667
100.629 -0.00396564
100.729 -0.00148137
100.828 0.00221738
100.928 0.00487155
101.027 0.00463754
101.127 0.0012717
101.226 -0.00352114
101.326 -0.00684963
101.425 -0.00618962
101.525 -0.000972402
101.624 0.00661027
101.724 0.0120699
101.824 0.0102945
