0.0 -0.193011368337
0.0939 0.252140826894
0.1878 0.672527868387
0.2817 1.00089019621
0.3756 1.18860461473
0.4695 1.22088977699
0.5634 1.11806393059
0.6573 0.923523341641
0.7512 0.684600843426
0.8451 0.434770045791
0.939 0.185436640303
1.0329 -0.0690434044805
1.1268 -0.33641769051
1.2207 -0.609079584657
1.3146 -0.852814719289
1.4085 -1.00913814846
1.5024 -1.01275842507
1.5963 -0.817187344923
1.6902 -0.414420396213
1.7841 0.16134721805
1.878 0.841740442085
1.9719 1.53364253794
2.0658 2.12633983049
2.1597 2.49851916322
2.2536 2.52666679613
2.3475 2.09817480064
2.4414 1.13617736872
2.5353 -0.363293248515
2.6292 -2.29504298821
2.7231 -4.42812458673
2.817 -6.41929591953
2.9109 -7.85627714214
3.0048 -8.32654108909
3.0987 -7.50601248641
3.1926 -5.25779848198
3.2865 -1.71778136691
3.3804 2.67152993058
3.4743 7.21244079741
3.5682 11.0900364276
3.6621 13.55988617
3.756 14.1289343648
3.8499 12.676335811
3.9438 9.48016165648
4.0377 5.14303323623
4.1316 0.437960996139
4.2255 -3.88114148792
4.3194 -7.24856621514
4.4133 -9.38661303707
4.5072 -10.3115105762
4.6011 -10.2548040128
4.695 -9.5380175129
4.7889 -8.44969627937
4.8828 -7.16692411355
4.9767 -5.7416361897
5.0706 -4.1434883022
5.1645 -2.32956798668
5.2584 -0.306783471459
5.3523 1.83673158771
5.4462 3.93866641131
5.5401 5.80092132379
5.634 7.24223025824
5.7279 8.14431655188
5.8218 8.47445459561
5.9157 8.27742889116
6.0096 7.6433705177
6.1035 6.66824124107
6.1974 5.42566461807
6.2913 3.96173139909
6.3852 2.31220867644
6.4791 0.530325591638
6.573 -1.292035555
6.6669 -3.02345717711
6.7608 -4.51566245439
6.8547 -5.64140699531
6.9486 -6.33192978614
7.0425 -6.59799621236
7.1364 -6.52466101042
7.2303 -6.23973961007
7.3242 -5.86650028533
7.4181 -5.47822902252
7.512 -5.07288179115
7.6059 -4.57902474878
7.6998 -3.89154550335
7.7937 -2.9229207734
7.8876 -1.64903908714
7.9815 -0.13074378147
8.0754 1.49733058345
8.1693 3.06538213
8.2632 4.418589275
8.3571 5.45917490459
8.451 6.16486391017
8.5449 6.57815060986
8.6388 6.77268712579
8.7327 6.81196463493
8.8266 6.71781171196
8.9205 6.46147410083
9.0144 5.98012542653
9.1083 5.21067044807
9.2022 4.12548371286
9.2961 2.75471976642
9.39 1.18667488543
9.4839 -0.452432186666
9.5778 -2.02950817612
9.6717 -3.43355620334
9.7656 -4.59274823365
9.8595 -5.47653859044
9.9534 -6.08630681779
10.0473 -6.44154040701
10.1412 -6.56821288001
10.2351 -6.49278634393
10.329 -6.24116767242
10.4229 -5.83915210874
10.5168 -5.31095943897
10.6107 -4.67512124244
10.7046 -3.94017490864
10.7985 -3.10408303336
10.8924 -2.15996967537
10.9863 -1.10736253338
11.0802 0.0354789482243
11.1741 1.22431930579
11.268 2.39151127472
11.3619 3.45876541621
11.4558 4.35552548453
11.5497 5.03549731882
11.6436 5.48465560494
11.7375 5.71794992373
11.8314 5.76699479061
11.9253 5.66486546725
12.0192 5.43493346836
12.1131 5.08808401418
12.207 4.62805442919
12.3009 4.06048122036
12.3948 3.39972097004
12.4887 2.66931938712
12.5826 1.89602781069
12.6765 1.1012513732
12.7704 0.295522009277
12.8643 -0.519990487916
12.9582 -1.34494914368
13.0521 -2.1685678164
13.146 -2.96191110764
13.2399 -3.67878234493
13.3338 -4.26607081213
13.4277 -4.67958701981
13.5216 -4.89838117261
13.6155 -4.93092561288
13.7094 -4.81022290402
13.8033 -4.58007078527
13.8972 -4.27879780143
13.9911 -3.92776105412
14.085 -3.52933474338
14.1789 -3.07437739868
14.2728 -2.55466176574
14.3667 -1.97368933237
14.4606 -1.35059942551
14.5545 -0.715702914796
14.6484 -0.100465524464
14.7423 0.472659517588
14.8362 0.995496291188
14.9301 1.47235690146
15.024 1.91283509748
15.1179 2.32345953875
15.2118 2.70265974378
15.3057 3.04127852144
15.3996 3.32759912161
15.4935 3.55339069298
15.5874 3.71713571563
15.6813 3.82248664227
15.7752 3.8729673468
15.8691 3.86627512534
15.963 3.79192293964
16.0569 3.63417201341
16.1508 3.37923737535
16.2447 3.02324909581
16.3386 2.57680741449
16.4325 2.06355673948
16.5264 1.51319160277
16.6203 0.952119698388
16.7142 0.39617065306
16.8081 -0.15133231015
16.902 -0.69553381978
16.9959 -1.24235755305
17.0898 -1.79111299909
17.1837 -2.33090712442
17.2776 -2.84220105051
17.3715 -3.30217295466
17.4654 -3.69078964983
17.5593 -3.99451667984
17.6532 -4.20627122779
17.7471 -4.32251630784
17.841 -4.33998889594
17.9349 -4.25457483276
18.0288 -4.06333374876
18.1227 -3.76855355207
18.2166 -3.38123266669
18.3105 -2.92143381896
18.4044 -2.41454099569
18.4983 -1.88471815422
18.5922 -1.348552742
18.6861 -0.81200840216
18.78 -0.272281882538
18.8739 0.276260909706
18.9678 0.834938480814
19.0617 1.39586081502
19.1556 1.94159465152
19.2495 2.44939479929
19.3434 2.89777539084
19.4373 3.27216680579
19.5312 3.56706762608
19.6251 3.78404728235
19.719 3.92711965654
19.8129 3.99825083352
19.9068 3.99547347421
20.0007 3.91447902584
20.0946 3.75256054363
20.1885 3.51247861972
20.2824 3.20390638265
20.3763 2.8414952556
20.4702 2.44050546207
20.5641 2.01231413574
20.658 1.56220743499
20.7519 1.0906419957
20.8458 0.597296907684
20.9397 0.0857383937236
21.0336 -0.433816423651
21.1275 -0.945157007338
21.2214 -1.42989695234
21.3153 -1.87256484601
21.4092 -2.26445182195
21.5031 -2.60436404607
21.597 -2.89600984828
21.6909 -3.14341663853
21.7848 -3.34668345997
21.8787 -3.50011523394
21.9726 -3.59354865073
22.0665 -3.61613439424
22.1604 -3.56075672772
22.2543 -3.42712915588
22.3482 -3.22237797656
22.4421 -2.95914394646
22.536 -2.65226403553
22.6299 -2.31548306459
22.7238 -1.95931630145
22.8177 -1.59043601825
22.9116 -1.21224563814
23.0055 -0.825983494148
23.0994 -0.431828789808
23.1933 -0.0298526906049
23.2872 0.379052317844
23.3811 0.792132434246
23.475 1.20375392975
23.5689 1.60483354434
23.6628 1.98320242319
23.7567 2.32509034347
23.8506 2.61739365037
23.9445 2.84994623627
24.0384 3.01693925304
24.1323 3.11701827102
24.2262 3.15223630266
24.3201 3.12659078993
24.414 3.0449948559
24.5079 2.91314349385
24.6018 2.73805824484
24.6957 2.52854284799
24.7896 2.29471903656
24.8835 2.04632235632
24.9774 1.79026169804
25.0713 1.52860555238
25.1652 1.25822522774
25.2591 0.972678065545
25.353 0.665831003097
25.4469 0.335760418669
25.5408 -0.0128431744345
25.6347 -0.368963059369
25.7286 -0.718212975032
25.8225 -1.04716291256
25.9164 -1.34705768906
26.0103 -1.61524217581
26.1042 -1.85374074484
26.1981 -2.06584956036
26.292 -2.25256726772
26.3859 -2.41071326174
26.4798 -2.53365381552
26.5737 -2.61416620806
26.6676 -2.64785416274
26.7615 -2.6352716083
26.8554 -2.5816413786
26.9493 -2.49436740048
27.0432 -2.37971923345
27.1371 -2.24047932161
27.231 -2.07577115747
27.3249 -1.88305408647
27.4188 -1.66106182719
27.5127 -1.41194756891
27.6066 -1.14136820042
27.7005 -0.856440990221
27.7944 -0.5627761022
27.8883 -0.262413802964
27.9822 0.045900829316
28.0761 0.363917942157
28.17 0.689821453212
28.2639 1.01498437992
28.3578 1.32359119353
28.4517 1.59590812252
28.5456 1.81394771395
28.6395 1.96735443269
28.7334 2.05692033185
28.8273 2.09413203602
28.9212 2.09688693211
29.0151 2.08318993467
29.109 2.06545813674
29.2029 2.04765445746
29.2968 2.02607948019
29.3907 1.99297633887
29.4846 1.94095311937
29.5785 1.86610869278
29.6724 1.76863648424
29.7663 1.65106347166
29.8602 1.51544350308
29.9541 1.36121594903
30.048 1.18493945413
30.1419 0.982044698549
30.2358 0.749697911267
30.3297 0.489346541818
30.4236 0.207736413412
30.5175 -0.0840309976513
30.6114 -0.372924473986
30.7053 -0.646825204183
30.7992 -0.89668370411
30.8931 -1.11734898161
30.987 -1.30708777471
31.0809 -1.46632996927
31.1748 -1.5963381807
31.2687 -1.69830831406
31.3626 -1.77304542621
31.4565 -1.82105585404
31.5504 -1.84279459294
31.6443 -1.83889497941
31.7382 -1.81035710835
31.8321 -1.75874096879
31.926 -1.6863481421
32.0199 -1.59625183018
32.1138 -1.49198440775
32.2077 -1.37681050334
32.3016 -1.25277533556
32.3955 -1.11997213863
32.4894 -0.976531042423
32.5833 -0.819593665897
32.6772 -0.647072387098
32.7711 -0.459525701403
32.865 -0.261277978244
32.9589 -0.0601298672195
33.0528 0.134411712988
33.1467 0.313767245196
33.2406 0.472711576592
33.3345 0.610548718986
33.4284 0.730508765661
33.5223 0.837625534808
33.6162 0.936034217285
33.7101 1.0268802194
33.804 1.10773316404
33.8979 1.17369766523
33.9918 1.21964152831
34.0857 1.24248508124
34.1796 1.24252469815
34.2735 1.22326268395
34.3674 1.18992589204
34.4613 1.14743109588
34.5552 1.09873597084
34.6491 1.04424745662
34.743 0.982410368736
34.8369 0.911055633528
34.9308 0.82880589052
35.0247 0.735917865027
35.1186 0.634297687761
35.2125 0.52684523535
35.3064 0.416553442171
35.4003 0.305803279173
35.4942 0.196096537121
35.5881 0.0882010268977
35.682 -0.0175004943052
35.7759 -0.120688500083
35.8698 -0.220933008665
35.9637 -0.317647476659
36.0576 -0.41007546511
36.1515 -0.497244737509
36.2454 -0.577914744077
36.3393 -0.650612342528
36.4332 -0.713831744243
36.5271 -0.766368168042
36.621 -0.807628928872
36.7149 -0.83771469075
36.8088 -0.857144855444
36.9027 -0.866292095626
36.9966 -0.864792856655
37.0905 -0.851289124204
37.1844 -0.823755189616
37.2783 -0.78039466212
37.3722 -0.72078028541
37.4661 -0.646716999253
37.56 -0.562356889666
37.6539 -0.473387701505
37.7478 -0.385530765589
37.8417 -0.302923030669
37.9356 -0.227049774893
38.0295 -0.156682283198
38.1234 -0.0888488587473
38.2173 -0.0204244051101
38.3112 0.050330632496
38.4051 0.122902779252
38.499 0.19463074269
38.5929 0.261651838854
38.6868 0.320215513335
38.7807 0.367786294213
38.8746 0.403521071053
38.9685 0.428034914914
39.0624 0.442696996079
39.1563 0.448871446894
39.2502 0.44747300153
39.3441 0.438990374591
39.438 0.423866248803
39.5319 0.402946626141
39.6258 0.377702964421
39.7197 0.350076709265
39.8136 0.322009662941
39.9075 0.294890889618
40.0014 0.269190272027
40.0953 0.244450065716
40.1892 0.219628625195
40.2831 0.193628669575
40.377 0.165773586255
40.4709 0.13604337901
40.5648 0.105010995862
40.6587 0.0735586972615
40.7526 0.0425361716813
40.8465 0.0125176828616
40.9404 -0.0162586164159
41.0343 -0.0437825729097
41.1282 -0.0700781806515
41.2221 -0.0950237690448
41.316 -0.118255098207
41.4099 -0.139168984832
41.5038 -0.157003736445
41.5977 -0.170957773273
41.6916 -0.180316617555
41.7855 -0.184575201611
41.8794 -0.183550959717
41.9733 -0.177477194422
42.0672 -0.167052324912
42.1611 -0.153412757323
42.255 -0.138006853253
42.3489 -0.122376111221
42.4428 -0.107886472161
42.5367 -0.0954800934594
42.6306 -0.0855209806391
42.7245 -0.0777821901429
42.8184 -0.0715770070386
42.9123 -0.0659898910552
43.0062 -0.0601338590382
43.1001 -0.0533598207004
43.194 -0.0453681557704
43.2879 -0.0362110156252
43.3818 -0.0262092846934
43.4757 -0.0158285311545
43.5696 -0.00555958924232
43.6635 0.00416431025504
43.7574 0.0130023180602
43.8513 0.0206998668818
43.9452 0.027060767923
44.0391 0.0319197651968
44.133 0.0351331278762
44.2269 0.0365946473947
44.3208 0.0362720354753
44.4147 0.0342482942642
44.5086 0.0307481373728
44.6025 0.026133300444
44.6964 0.02086172984
44.7903 0.0154198384848
44.8842 0.0102480317681
44.9781 0.00568233653931
45.072 0.00192781938489
45.1659 -0.0009340765808
45.2598 -0.00291554175106
45.3537 -0.00408782242508
45.4476 -0.00455739680369
45.5415 -0.00445810162863
45.6354 -0.00395281162738
45.7293 -0.00323178728551
45.8232 -0.00249696709397
45.9171 -0.00193085570245
46.011 -0.00165966745473
46.1049 -0.00172647384163
46.1988 -0.00208751540037
46.2927 -0.00263479424103
46.3866 -0.003236067954
46.4805 -0.00377600435624
46.5744 -0.00418335887938
46.6683 -0.00443750299299
46.7622 -0.0045582320006
46.8561 -0.00458941218123
46.95 -0.00458641257223
47.0439 -0.00458641257223
47.1378 -0.00458641257223
47.2317 -0.00458641257223
47.3256 -0.00458641257223
47.4195 -0.00458641257223
47.5134 -0.00458641257223
47.6073 -0.00458641257223
47.7012 -0.00458641257223
47.7951 -0.00458641257223
47.889 -0.00458641257223
47.9829 -0.00458641257223
48.0768 -0.00458641257223
48.1707 -0.00458641257223
48.2646 -0.00458641257223
48.3585 -0.00458641257223
48.4524 -0.00458641257223
48.5463 -0.00458641257223
48.6402 -0.00458641257223
48.7341 -0.00458641257223
48.828 -0.00458641257223
48.9219 -0.00458641257223
49.0158 -0.00458641257223
49.1097 -0.00458641257223
49.2036 -0.00458641257223
49.2975 -0.00458641257223
49.3914 -0.00458641257223
49.4853 -0.00458641257223
49.5792 -0.00458641257223
49.6731 -0.00458641257223
49.767 -0.00458641257223
49.8609 -0.00458641257223
49.9548 -0.00458641257223
50.0487 -0.00458641257223
50.1426 -0.00458641257223
50.2365 -0.00458641257223
50.3304 -0.00458641257223
50.4243 -0.00458641257223
50.5182 -0.00458641257223
50.6121 -0.00458641257223
50.706 -0.00458641257223
50.7999 -0.00458641257223
50.8938 -0.00458641257223
50.9877 -0.00458641257223
51.0816 -0.00458641257223
51.1755 -0.00458641257223
51.2694 -0.00458641257223
51.3633 -0.00458641257223
51.4572 -0.00458641257223
51.5511 -0.00458641257223
51.645 -0.00458641257223
51.7389 -0.00458641257223
51.8328 -0.00458641257223
51.9267 -0.00458641257223
52.0206 -0.00458641257223
52.1145 -0.00458641257223
52.2084 -0.00458641257223
52.3023 -0.00458641257223
52.3962 -0.00458641257223
52.4901 -0.00458641257223
52.584 -0.00458641257223
52.6779 -0.00458641257223
52.7718 -0.00458641257223
52.8657 -0.00458641257223
52.9596 -0.00458641257223
53.0535 -0.00458641257223
53.1474 -0.00458641257223
53.2413 -0.00458641257223
53.3352 -0.00458641257223
53.4291 -0.00458641257223
53.523 -0.00458641257223
53.6169 -0.00458641257223
53.7108 -0.00458641257223
53.8047 -0.00458641257223
53.8986 -0.00458641257223
53.9925 -0.00458641257223
54.0864 -0.00458641257223
54.1803 -0.00458641257223
54.2742 -0.00458641257223
54.3681 -0.00458641257223
54.462 -0.00458641257223
54.5559 -0.00458641257223
54.6498 -0.00458641257223
54.7437 -0.00458641257223
54.8376 -0.00458641257223
54.9315 -0.00458641257223
55.0254 -0.00458641257223
55.1193 -0.00458641257223
55.2132 -0.00458641257223
55.3071 -0.00458641257223
55.401 -0.00458641257223
55.4949 -0.00458641257223
55.5888 -0.00458641257223
55.6827 -0.00458641257223
55.7766 -0.00458641257223
55.8705 -0.00458641257223
55.9644 -0.00458641257223
56.0583 -0.00458641257223
56.1522 -0.00458641257223
56.2461 -0.00458641257223
56.34 -0.00458641257223
56.4339 -0.00458641257223
56.5278 -0.00458641257223
56.6217 -0.00458641257223
56.7156 -0.00458641257223
56.8095 -0.00458641257223
56.9034 -0.00458641257223
56.9973 -0.00458641257223
57.0912 -0.00458641257223
57.1851 -0.00458641257223
57.279 -0.00458641257223
57.3729 -0.00458641257223
57.4668 -0.00458641257223
57.5607 -0.00458641257223
57.6546 -0.00458641257223
57.7485 -0.00458641257223
57.8424 -0.00458641257223
57.9363 -0.00458641257223
58.0302 -0.00458641257223
58.1241 -0.00458641257223
58.218 -0.00458641257223
58.3119 -0.00458641257223
58.4058 -0.00458641257223
58.4997 -0.00458641257223
58.5936 -0.00458641257223
58.6875 -0.00458641257223
58.7814 -0.00458641257223
58.8753 -0.00458641257223
58.9692 -0.00458641257223
59.0631 -0.00458641257223
59.157 -0.00458641257223
59.2509 -0.00458641257223
59.3448 -0.00458641257223
59.4387 -0.00458641257223
59.5326 -0.00458641257223
59.6265 -0.00458641257223
59.7204 -0.00458641257223
59.8143 -0.00458641257223
59.9082 -0.00458641257223
60.0021 -0.00458641257223
60.096 -0.00458641257223
60.1899 -0.00458641257223
60.2838 -0.00458641257223
60.3777 -0.00458641257223
60.4716 -0.00458641257223
60.5655 -0.00458641257223
60.6594 -0.00458641257223
60.7533 -0.00458641257223
60.8472 -0.00458641257223
60.9411 -0.00458641257223
61.035 -0.00458641257223
61.1289 -0.00458641257223
61.2228 -0.00458641257223
61.3167 -0.00458641257223
61.4106 -0.00458641257223
61.5045 -0.00458641257223
61.5984 -0.00458641257223
61.6923 -0.00458641257223
61.7862 -0.00458641257223
61.8801 -0.00458641257223
61.974 -0.00458641257223
62.0679 -0.00458641257223
62.1618 -0.00458641257223
62.2557 -0.00458641257223
62.3496 -0.00458641257223
62.4435 -0.00458641257223
62.5374 -0.00458641257223
62.6313 -0.00458641257223
62.7252 -0.00458641257223
62.8191 -0.00458641257223
62.913 -0.00458641257223
63.0069 -0.00458641257223
63.1008 -0.00458641257223
63.1947 -0.00458641257223
63.2886 -0.00458641257223
63.3825 -0.00458641257223
63.4764 -0.00458641257223
63.5703 -0.00458641257223
63.6642 -0.00458641257223
63.7581 -0.00458641257223
63.852 -0.00458641257223
63.9459 -0.00458641257223
64.0398 -0.00458641257223
64.1337 -0.00458641257223
64.2276 -0.00458641257223
64.3215 -0.00458641257223
64.4154 -0.00458641257223
64.5093 -0.00458641257223
64.6032 -0.00458641257223
64.6971 -0.00458641257223
64.791 -0.00458641257223
64.8849 -0.00458641257223
64.9788 -0.00458641257223
65.0727 -0.00458641257223
65.1666 -0.00458641257223
65.2605 -0.00458641257223
65.3544 -0.00458641257223
65.4483 -0.00458641257223
65.5422 -0.00458641257223
65.6361 -0.00458641257223
65.73 -0.00458641257223
65.8239 -0.00458641257223
65.9178 -0.00458641257223
66.0117 -0.00458641257223
66.1056 -0.00458641257223
66.1995 -0.00458641257223
66.2934 -0.00458641257223
66.3873 -0.00458641257223
66.4812 -0.00458641257223
66.5751 -0.00458641257223
66.669 -0.00458641257223
66.7629 -0.00458641257223
66.8568 -0.00458641257223
66.9507 -0.00458641257223
67.0446 -0.00458641257223
67.1385 -0.00458641257223
67.2324 -0.00458641257223
67.3263 -0.00458641257223
67.4202 -0.00458641257223
67.5141 -0.00458641257223
67.608 -0.00458641257223
67.7019 -0.00458641257223
67.7958 -0.00458641257223
67.8897 -0.00458641257223
67.9836 -0.00458641257223
68.0775 -0.00458641257223
68.1714 -0.00458641257223
68.2653 -0.00458641257223
68.3592 -0.00458641257223
68.4531 -0.00458641257223
68.547 -0.00458641257223
68.6409 -0.00458641257223
68.7348 -0.00458641257223
68.8287 -0.00458641257223
68.9226 -0.00458641257223
69.0165 -0.00458641257223
69.1104 -0.00458641257223
69.2043 -0.00458641257223
69.2982 -0.00458641257223
69.3921 -0.00458641257223
69.486 -0.00458641257223
69.5799 -0.00458641257223
69.6738 -0.00458641257223
69.7677 -0.00458641257223
69.8616 -0.00458641257223
69.9555 -0.00458641257223
70.0494 -0.00458641257223
70.1433 -0.00458641257223
70.2372 -0.00458641257223
70.3311 -0.00458641257223
70.425 -0.00458641257223
70.5189 -0.00458641257223
70.6128 -0.00458641257223
70.7067 -0.00458641257223
70.8006 -0.00458641257223
70.8945 -0.00458641257223
70.9884 -0.00458641257223
71.0823 -0.00458641257223
71.1762 -0.00458641257223
71.2701 -0.00458641257223
71.364 -0.00458641257223
71.4579 -0.00458641257223
71.5518 -0.00458641257223
71.6457 -0.00458641257223
71.7396 -0.00458641257223
71.8335 -0.00458641257223
71.9274 -0.00458641257223
72.0213 -0.00458641257223
72.1152 -0.00458641257223
72.2091 -0.00458641257223
72.303 -0.00458641257223
72.3969 -0.00458641257223
72.4908 -0.00458641257223
72.5847 -0.00458641257223
72.6786 -0.00458641257223
72.7725 -0.00458641257223
72.8664 -0.00458641257223
72.9603 -0.00458641257223
73.0542 -0.00458641257223
73.1481 -0.00458641257223
73.242 -0.00458641257223
73.3359 -0.00458641257223
73.4298 -0.00458641257223
73.5237 -0.00458641257223
73.6176 -0.00458641257223
73.7115 -0.00458641257223
73.8054 -0.00458641257223
73.8993 -0.00458641257223
73.9932 -0.00458641257223
74.0871 -0.00458641257223
74.181 -0.00458641257223
74.2749 -0.00458641257223
74.3688 -0.00458641257223
74.4627 -0.00458641257223
74.5566 -0.00458641257223
74.6505 -0.00458641257223
74.7444 -0.00458641257223
74.8383 -0.00458641257223
74.9322 -0.00458641257223
75.0261 -0.00458641257223
75.12 -0.00458641257223
75.2139 -0.00458641257223
75.3078 -0.00458641257223
75.4017 -0.00458641257223
75.4956 -0.00458641257223
75.5895 -0.00458641257223
75.6834 -0.00458641257223
75.7773 -0.00458641257223
75.8712 -0.00458641257223
75.9651 -0.00458641257223
76.059 -0.00458641257223
76.1529 -0.00458641257223
76.2468 -0.00458641257223
76.3407 -0.00458641257223
76.4346 -0.00458641257223
76.5285 -0.00458641257223
76.6224 -0.00458641257223
76.7163 -0.00458641257223
76.8102 -0.00458641257223
76.9041 -0.00458641257223
76.998 -0.00458641257223
77.0919 -0.00458641257223
77.1858 -0.00458641257223
77.2797 -0.00458641257223
77.3736 -0.00458641257223
77.4675 -0.00458641257223
77.5614 -0.00458641257223
77.6553 -0.00458641257223
77.7492 -0.00458641257223
77.8431 -0.00458641257223
77.937 -0.00458641257223
78.0309 -0.00458641257223
78.1248 -0.00458641257223
78.2187 -0.00458641257223
78.3126 -0.00458641257223
78.4065 -0.00458641257223
78.5004 -0.00458641257223
78.5943 -0.00458641257223
78.6882 -0.00458641257223
78.7821 -0.00458641257223
78.876 -0.00458641257223
78.9699 -0.00458641257223
79.0638 -0.00458641257223
79.1577 -0.00458641257223
79.2516 -0.00458641257223
79.3455 -0.00458641257223
79.4394 -0.00458641257223
79.5333 -0.00458641257223
79.6272 -0.00458641257223
79.7211 -0.00458641257223
79.815 -0.00458641257223
79.9089 -0.00458641257223
80.0028 -0.00458641257223
80.0967 -0.00458641257223
80.1906 -0.00458641257223
80.2845 -0.00458641257223
80.3784 -0.00458641257223
80.4723 -0.00458641257223
80.5662 -0.00458641257223
80.6601 -0.00458641257223
80.754 -0.00458641257223
80.8479 -0.00458641257223
80.9418 -0.00458641257223
81.0357 -0.00458641257223
81.1296 -0.00458641257223
81.2235 -0.00458641257223
81.3174 -0.00458641257223
81.4113 -0.00458641257223
81.5052 -0.00458641257223
81.5991 -0.00458641257223
81.693 -0.00458641257223
81.7869 -0.00458641257223
81.8808 -0.00458641257223
81.9747 -0.00458641257223
82.0686 -0.00458641257223
82.1625 -0.00458641257223
82.2564 -0.00458641257223
82.3503 -0.00458641257223
82.4442 -0.00458641257223
82.5381 -0.00458641257223
82.632 -0.00458641257223
82.7259 -0.00458641257223
82.8198 -0.00458641257223
82.9137 -0.00458641257223
83.0076 -0.00458641257223
83.1015 -0.00458641257223
83.1954 -0.00458641257223
83.2893 -0.00458641257223
83.3832 -0.00458641257223
83.4771 -0.00458641257223
83.571 -0.00458641257223
83.6649 -0.00458641257223
83.7588 -0.00458641257223
83.8527 -0.00458641257223
83.9466 -0.00458641257223
84.0405 -0.00458641257223
84.1344 -0.00458641257223
84.2283 -0.00458641257223
84.3222 -0.00458641257223
84.4161 -0.00458641257223
84.51 -0.00458641257223
84.6039 -0.00458641257223
84.6978 -0.00458641257223
84.7917 -0.00458641257223
84.8856 -0.00458641257223
84.9795 -0.00458641257223
85.0734 -0.00458641257223
85.1673 -0.00458641257223
85.2612 -0.00458641257223
85.3551 -0.00458641257223
85.449 -0.00458641257223
85.5429 -0.00458641257223
85.6368 -0.00458641257223
85.7307 -0.00458641257223
85.8246 -0.00458641257223
85.9185 -0.00458641257223
86.0124 -0.00458641257223
86.1063 -0.00458641257223
86.2002 -0.00458641257223
86.2941 -0.00458641257223
86.388 -0.00458641257223
86.4819 -0.00458641257223
86.5758 -0.00458641257223
86.6697 -0.00458641257223
86.7636 -0.00458641257223
86.8575 -0.00458641257223
86.9514 -0.00458641257223
87.0453 -0.00458641257223
87.1392 -0.00458641257223
87.2331 -0.00458641257223
87.327 -0.00458641257223
87.4209 -0.00458641257223
87.5148 -0.00458641257223
87.6087 -0.00458641257223
87.7026 -0.00458641257223
87.7965 -0.00458641257223
87.8904 -0.00458641257223
87.9843 -0.00458641257223
88.0782 -0.00458641257223
88.1721 -0.00458641257223
88.266 -0.00458641257223
88.3599 -0.00458641257223
88.4538 -0.00458641257223
88.5477 -0.00458641257223
88.6416 -0.00458641257223
88.7355 -0.00458641257223
88.8294 -0.00458641257223
88.9233 -0.00458641257223
89.0172 -0.00458641257223
89.1111 -0.00458641257223
89.205 -0.00458641257223
89.2989 -0.00458641257223
89.3928 -0.00458641257223
89.4867 -0.00458641257223
89.5806 -0.00458641257223
89.6745 -0.00458641257223
89.7684 -0.00458641257223
89.8623 -0.00458641257223
89.9562 -0.00458641257223
90.0501 -0.00458641257223
90.144 -0.00458641257223
90.2379 -0.00458641257223
90.3318 -0.00458641257223
90.4257 -0.00458641257223
90.5196 -0.00458641257223
90.6135 -0.00458641257223
90.7074 -0.00458641257223
90.8013 -0.00458641257223
90.8952 -0.00458641257223
90.9891 -0.00458641257223
91.083 -0.00458641257223
91.1769 -0.00458641257223
91.2708 -0.00458641257223
91.3647 -0.00458641257223
91.4586 -0.00458641257223
91.5525 -0.00458641257223
91.6464 -0.00458641257223
91.7403 -0.00458641257223
91.8342 -0.00458641257223
91.9281 -0.00458641257223
92.022 -0.00458641257223
92.1159 -0.00458641257223
92.2098 -0.00458641257223
92.3037 -0.00458641257223
92.3976 -0.00458641257223
92.4915 -0.00458641257223
92.5854 -0.00458641257223
92.6793 -0.00458641257223
92.7732 -0.00458641257223
92.8671 -0.00458641257223
92.961 -0.00458641257223
93.0549 -0.00458641257223
93.1488 -0.00458641257223
93.2427 -0.00458641257223
93.3366 -0.00458641257223
93.4305 -0.00458641257223
93.5244 -0.00458641257223
93.6183 -0.00458641257223
93.7122 -0.00458641257223
93.8061 -0.00458641257223
93.9 -0.00458641257223
93.9939 -0.00458641257223
94.0878 -0.00458641257223
94.1817 -0.00458641257223
94.2756 -0.00458641257223
94.3695 -0.00458641257223
94.4634 -0.00458641257223
94.5573 -0.00458641257223
94.6512 -0.00458641257223
94.7451 -0.00458641257223
94.839 -0.00458641257223
94.9329 -0.00458641257223
95.0268 -0.00458641257223
95.1207 -0.00458641257223
95.2146 -0.00458641257223
95.3085 -0.00458641257223
95.4024 -0.00458641257223
95.4963 -0.00458641257223
95.5902 -0.00458641257223
95.6841 -0.00458641257223
95.778 -0.00458641257223
95.8719 -0.00458641257223
95.9658 -0.00458641257223
96.0597 -0.00458641257223
