0.0 -0.300468242344
0.0939 0.0634964856826
0.1878 0.426594635192
0.2817 0.723752726738
0.3756 0.912492761609
0.4695 0.988450101324
0.5634 0.981703956963
0.6573 0.936809191847
0.7512 0.887168166855
0.8451 0.836127761795
0.939 0.754487508846
1.0329 0.596262315785
1.1268 0.325117691186
1.2207 -0.0602470825333
1.3146 -0.512842272971
1.4085 -0.943748397794
1.5024 -1.24787152976
1.5963 -1.33898914523
1.6902 -1.17589291964
1.7841 -0.767012544183
1.878 -0.160111046173
1.9719 0.567273317236
2.0658 1.31051631518
2.1597 1.93871791724
2.2536 2.29997369778
2.3475 2.23782986624
2.4414 1.6268619422
2.5353 0.42467004792
2.6292 -1.28101676963
2.7231 -3.25726500861
2.817 -5.15415662929
2.9109 -6.56669509323
3.0048 -7.11238207573
3.0987 -6.51045677502
3.1926 -4.65662858238
3.2865 -1.68334396339
3.3804 2.02025300821
3.4743 5.85683277553
3.5682 9.14023514158
3.6621 11.2532485185
3.756 11.7942287461
3.8499 10.6691414957
3.9438 8.10532880486
4.0377 4.58627605378
4.1316 0.726804753818
4.2255 -2.8765511884
4.3194 -5.77733051991
4.4133 -7.75481217645
4.5072 -8.81366187048
4.6011 -9.11570319988
4.695 -8.87661619607
4.7889 -8.26998889214
4.8828 -7.3744799824
4.9767 -6.17951703316
5.0706 -4.63763756615
5.1645 -2.73154509448
5.2584 -0.522487003719
5.3523 1.83886727169
5.4462 4.13905039201
5.5401 6.15212809362
5.634 7.69361161512
5.7279 8.65862850763
5.8218 9.03163310723
5.9157 8.86597465065
6.0096 8.24445689023
6.1035 7.24048818743
6.1974 5.8986118449
6.2913 4.24302160531
6.3852 2.30808213724
6.4791 0.17320071197
6.573 -2.0189092474
6.6669 -4.07400978287
6.7608 -5.78666484608
6.8547 -6.99355250202
6.9486 -7.61797585064
7.0425 -7.68767678038
7.1364 -7.31913680762
7.2303 -6.67442047751
7.3242 -5.90682033764
7.4181 -5.11549314569
7.512 -4.32559765028
7.6059 -3.50031954366
7.6998 -2.57780454153
7.7937 -1.51552440096
7.8876 -0.322019464713
7.9815 0.937566961558
8.0754 2.16300480919
8.1693 3.25584604888
8.2632 4.15386834781
8.3571 4.84781125492
8.451 5.37389720955
8.5449 5.78639805675
8.6388 6.12293609459
8.7327 6.37786308357
8.8266 6.49527686966
8.9205 6.38511707624
9.0144 5.95648123576
9.1083 5.15518297847
9.2022 3.99051451383
9.2961 2.54056102864
9.39 0.934412432434
9.4839 -0.681091399147
9.5778 -2.17674810677
9.6717 -3.46551724246
9.7656 -4.50925553692
9.8595 -5.30894861379
9.9534 -5.88587329917
10.0473 -6.26296979678
10.1412 -6.45343987325
10.2351 -6.45906223261
10.329 -6.27608732571
10.4229 -5.90364692001
10.5168 -5.34962236065
10.6107 -4.63155007295
10.7046 -3.77356176008
10.7985 -2.80251207357
10.8924 -1.74633249721
10.9863 -0.635702814569
11.0802 0.492402561671
11.1741 1.59246050527
11.268 2.6124078331
11.3619 3.50062313719
11.4558 4.21561267226
11.5497 4.73439218388
11.6436 5.05600936407
11.7375 5.19883152218
11.8314 5.19290296809
11.9253 5.07061152524
12.0192 4.85926627812
12.1131 4.57782746531
12.207 4.23769927811
12.3009 3.84550347036
12.3948 3.40519151281
12.4887 2.91796257838
12.5826 2.38049001228
12.6765 1.7836888879
12.7704 1.11457621083
12.8643 0.362316500846
12.9582 -0.472991058063
13.0521 -1.37241101208
13.146 -2.2952739273
13.2399 -3.18373867503
13.3338 -3.97413362828
13.4277 -4.61127661588
13.5216 -5.06043026419
13.6155 -5.31239776561
13.7094 -5.38016990543
13.8033 -5.28915837988
13.8972 -5.06568463709
13.9911 -4.72880601951
14.085 -4.28860169863
14.1789 -3.75072792944
14.2728 -3.12403302475
14.3667 -2.42673416309
14.4606 -1.68765443595
14.5545 -0.941708053508
14.6484 -0.221800590626
14.7423 0.448914215397
14.8362 1.0607466916
14.9301 1.61557251903
15.024 2.12054355888
15.1179 2.58070296657
15.2118 2.99413760969
15.3057 3.35180917573
15.3996 3.64171712633
15.4935 3.85486215571
15.5874 3.98968645104
15.6813 4.05260143583
15.7752 4.05432207379
15.8691 4.00389324667
15.963 3.90343196253
16.0569 3.74620713572
16.1508 3.5190196767
16.2447 3.20781401378
16.3386 2.80405056973
16.4325 2.30921221622
16.5264 1.73586292675
16.6203 1.1053038198
16.7142 0.443247433043
16.8081 -0.224555268294
16.902 -0.875257537024
16.9959 -1.48999021904
17.0898 -2.05362125184
17.1837 -2.55419888587
17.2776 -2.98283251603
17.3715 -3.33410330295
17.4654 -3.60649104749
17.5593 -3.80214043341
17.6532 -3.92564741691
17.7471 -3.9821703959
17.841 -3.97564583269
17.9349 -3.90790117899
18.0288 -3.77899054897
18.1227 -3.58841506674
18.2166 -3.33644021357
18.3105 -3.02476731154
18.4044 -2.65632922041
18.4983 -2.23463793696
18.5922 -1.76348679429
18.6861 -1.24763426973
18.78 -0.694435926935
18.8739 -0.115624303674
18.9678 0.471956113796
19.0617 1.04757050399
19.1556 1.58980003065
19.2495 2.08070393784
19.3434 2.50924621439
19.4373 2.87242900128
19.5312 3.17350831342
19.6251 3.41798448329
19.719 3.60912132073
19.8129 3.74501569266
19.9068 3.81855375564
20.0007 3.82026204073
20.0946 3.74272390889
20.1885 3.58452676017
20.2824 3.35196436438
20.3763 3.05779913963
20.4702 2.71775059359
20.5641 2.34635646349
20.658 1.95400214442
20.7519 1.54621124203
20.8458 1.12513676333
20.9397 0.692187676672
21.0336 0.250350097092
21.1275 -0.194860306111
21.2214 -0.636020252162
21.3153 -1.06535804044
21.4092 -1.47622455704
21.5031 -1.86366957126
21.597 -2.22395145222
21.6909 -2.55345730555
21.7848 -2.84780232266
21.8787 -3.10167702401
21.9726 -3.30948019095
22.0665 -3.46625901875
22.1604 -3.56829548322
22.2543 -3.61293598193
22.3482 -3.59779735971
22.4421 -3.51996365975
22.536 -3.37590742693
22.6299 -3.1625267652
22.7238 -2.87905456162
22.8177 -2.529020278
22.9116 -2.12126538803
23.0055 -1.66936360764
23.0994 -1.18952082541
23.1933 -0.697758002091
23.2872 -0.207526922023
23.3811 0.271318269679
23.475 0.731958472675
23.5689 1.16900724771
23.6628 1.57688906827
23.7567 1.94912745351
23.8506 2.27888508543
23.9445 2.56035047564
24.0384 2.790077039
24.1323 2.96741920021
24.2262 3.09374544015
24.3201 3.17082942027
24.414 3.19931441785
24.5079 3.17813105163
24.6018 3.10523046173
24.6957 2.97926536444
24.7896 2.80132018458
24.8835 2.57575882694
24.9774 2.30974603492
25.0713 2.01173502804
25.1652 1.68978583768
25.2591 1.35065683373
25.353 1.00013904467
25.4469 0.644332840231
25.5408 0.290933481975
25.6347 -0.0505247033126
25.7286 -0.370006674523
25.8225 -0.659541135266
25.9164 -0.915843543947
26.0103 -1.14157158169
26.1042 -1.34428178679
26.1981 -1.53321110805
26.292 -1.71511254586
26.3859 -1.89095562831
26.4798 -2.05502279861
26.5737 -2.19688183977
26.6676 -2.30538288595
26.7615 -2.37286954895
26.8554 -2.39769236106
26.9493 -2.38393429387
27.0432 -2.33860724734
27.1371 -2.26779347095
27.231 -2.17368937994
27.3249 -2.05402623251
27.4188 -1.90413603994
27.5127 -1.7206004702
27.6066 -1.50462133612
27.7005 -1.26337415053
27.7944 -1.00858757876
27.8883 -0.752948614372
27.9822 -0.506002451959
28.0761 -0.271476870021
28.17 -0.0472875190291
28.2639 0.171789277722
28.3578 0.390047985884
28.4517 0.607443815787
28.5456 0.818404713327
28.6395 1.01346933395
28.7334 1.1830196564
28.8273 1.3213859412
28.9212 1.42944456396
29.0151 1.51453697992
29.109 1.58775024252
29.2029 1.65973775851
29.2968 1.73681266856
29.3907 1.81880856992
29.4846 1.8993450069
29.5785 1.9680973961
29.6724 2.01393093297
29.7663 2.027607002
29.8602 2.00319815605
29.9541 1.93807978838
30.048 1.83202338387
30.1419 1.6862020067
30.2358 1.50275125266
30.3297 1.28505428003
30.4236 1.03841702371
30.5175 0.770532727149
30.6114 0.491223428862
30.7053 0.211319638349
30.7992 -0.0590120015575
30.8931 -0.31189326892
30.987 -0.542716971979
31.0809 -0.750172971765
31.1748 -0.935399651227
31.2687 -1.10065732949
31.3626 -1.24801773541
31.4565 -1.37843780745
31.5504 -1.49134580547
31.6443 -1.58466227686
31.7382 -1.65510680064
31.8321 -1.69870033574
31.926 -1.7114711797
32.0199 -1.69039853685
32.1138 -1.6345271124
32.2077 -1.54600136743
32.3016 -1.43061730639
32.3955 -1.29749829591
32.4894 -1.15772485874
32.5833 -1.02212951706
32.6772 -0.898852534266
32.7711 -0.791459573641
32.865 -0.698323404311
32.9589 -0.613569866674
33.0528 -0.529322504974
33.1467 -0.438477005757
33.2406 -0.337014103129
33.3345 -0.225028598786
33.4284 -0.106158245684
33.5223 0.0142651120292
33.6162 0.131517984609
33.7101 0.243266734836
33.804 0.350115738271
33.8979 0.454763263094
33.9918 0.560203413081
34.0857 0.667794457935
34.1796 0.77602711
34.2735 0.880487085507
34.3674 0.974983318095
34.4613 1.05334196289
34.5552 1.11114005325
34.6491 1.14674189357
34.743 1.16133570753
34.8369 1.15808208742
34.9308 1.14080027514
35.0247 1.11271888142
35.1186 1.07569587409
35.2125 1.0300563287
35.3064 0.974938415233
35.4003 0.908890301706
35.4942 0.830464384124
35.5881 0.738670276291
35.682 0.633283569627
35.7759 0.515077353883
35.8698 0.38601524229
35.9637 0.249354726234
36.0576 0.109537670741
36.1515 -0.0282391844595
36.2454 -0.158763174046
36.3393 -0.277680195491
36.4332 -0.382216916954
36.5271 -0.471476530366
36.621 -0.546187227572
36.7149 -0.60800973703
36.8088 -0.658699871531
36.9027 -0.699476533168
36.9966 -0.730834040622
37.0905 -0.752813203672
37.1844 -0.765519081708
37.2783 -0.769557243788
37.3722 -0.766112434449
37.4661 -0.7565886223
37.56 -0.741971525198
37.6539 -0.72224351601
37.7478 -0.696189462906
37.8417 -0.661769498991
37.9356 -0.616972575288
38.0295 -0.560824940927
38.1234 -0.494125747706
38.2173 -0.419571187738
38.3112 -0.341173688047
38.4051 -0.263175403818
38.499 -0.188865258614
38.5929 -0.119745228115
38.6868 -0.0553443903208
38.7807 0.00627978166916
38.8746 0.0675689210365
38.9685 0.1303850707
39.0624 0.19518740547
39.1563 0.26069423428
39.2502 0.324072184867
39.3441 0.381530391903
39.438 0.429109287356
39.5319 0.463449972609
39.6258 0.482385139084
39.7197 0.4852675862
39.8136 0.473017879029
39.9075 0.447917679649
40.0014 0.413204307206
40.0953 0.372544136779
40.1892 0.329480732732
40.2831 0.286962030209
40.377 0.247038579882
40.4709 0.21078538596
40.5648 0.178438935393
40.6587 0.149677863405
40.7526 0.123935900799
40.8465 0.100638542434
40.9404 0.0793015967571
41.0343 0.0595004740188
41.1282 0.0407806274386
41.2221 0.0226020886433
41.316 0.00438392212305
41.4099 -0.0143473423644
41.5038 -0.0337646981816
41.5977 -0.0535944498288
41.6916 -0.0730931019373
41.7855 -0.0911711708821
41.8794 -0.10662614305
41.9733 -0.11840656419
42.0672 -0.125826722484
42.1611 -0.128681855771
42.255 -0.127256826052
42.3489 -0.122253897507
42.4428 -0.114675095431
42.5367 -0.10568450863
42.6306 -0.0964597596912
42.7245 -0.088034555119
42.8184 -0.0811421010237
42.9123 -0.0760866276777
43.0062 -0.0726835853249
43.1001 -0.0703049324578
43.194 -0.0680397676786
43.2879 -0.0649402421644
43.3818 -0.0602856074416
43.4757 -0.0537819698505
43.5696 -0.0456320111476
43.6635 -0.0364533975971
43.7574 -0.0270792432524
43.8513 -0.0183156549917
43.9452 -0.0107423069886
44.0391 -0.00461834374941
44.133 9.05576243248e-05
44.2269 0.00359616149502
44.3208 0.00614413921017
44.4147 0.00790488671597
44.5086 0.00893579584073
44.6025 0.00921621192974
44.6964 0.00872594387341
44.7903 0.00752476452786
44.8842 0.00579615520799
44.9781 0.0038377082759
45.072 0.00200327061401
45.1659 0.000619147128169
45.2598 -9.64294503591e-05
45.3537 -8.50680266729e-05
45.4476 0.000543125009625
45.5415 0.00154441070214
45.6354 0.00260783677538
45.7293 0.00343354102349
45.8232 0.00380166218401
45.9171 0.00361485511145
46.011 0.00290595570395
46.1049 0.00181258936734
46.1988 0.00052950266844
46.2927 -0.00074547744179
46.3866 -0.00185612039264
46.4805 -0.00271250701687
46.5744 -0.00329319396718
46.6683 -0.00362996728902
46.7622 -0.00378487285656
46.8561 -0.00382921481269
46.95 -0.00383041861297
47.0439 -0.00383041861297
47.1378 -0.00383041861297
47.2317 -0.00383041861297
47.3256 -0.00383041861297
47.4195 -0.00383041861297
47.5134 -0.00383041861297
47.6073 -0.00383041861297
47.7012 -0.00383041861297
47.7951 -0.00383041861297
47.889 -0.00383041861297
47.9829 -0.00383041861297
48.0768 -0.00383041861297
48.1707 -0.00383041861297
48.2646 -0.00383041861297
48.3585 -0.00383041861297
48.4524 -0.00383041861297
48.5463 -0.00383041861297
48.6402 -0.00383041861297
48.7341 -0.00383041861297
48.828 -0.00383041861297
48.9219 -0.00383041861297
49.0158 -0.00383041861297
49.1097 -0.00383041861297
49.2036 -0.00383041861297
49.2975 -0.00383041861297
49.3914 -0.00383041861297
49.4853 -0.00383041861297
49.5792 -0.00383041861297
49.6731 -0.00383041861297
49.767 -0.00383041861297
49.8609 -0.00383041861297
49.9548 -0.00383041861297
50.0487 -0.00383041861297
50.1426 -0.00383041861297
50.2365 -0.00383041861297
50.3304 -0.00383041861297
50.4243 -0.00383041861297
50.5182 -0.00383041861297
50.6121 -0.00383041861297
50.706 -0.00383041861297
50.7999 -0.00383041861297
50.8938 -0.00383041861297
50.9877 -0.00383041861297
51.0816 -0.00383041861297
51.1755 -0.00383041861297
51.2694 -0.00383041861297
51.3633 -0.00383041861297
51.4572 -0.00383041861297
51.5511 -0.00383041861297
51.645 -0.00383041861297
51.7389 -0.00383041861297
51.8328 -0.00383041861297
51.9267 -0.00383041861297
52.0206 -0.00383041861297
52.1145 -0.00383041861297
52.2084 -0.00383041861297
52.3023 -0.00383041861297
52.3962 -0.00383041861297
52.4901 -0.00383041861297
52.584 -0.00383041861297
52.6779 -0.00383041861297
52.7718 -0.00383041861297
52.8657 -0.00383041861297
52.9596 -0.00383041861297
53.0535 -0.00383041861297
53.1474 -0.00383041861297
53.2413 -0.00383041861297
53.3352 -0.00383041861297
53.4291 -0.00383041861297
53.523 -0.00383041861297
53.6169 -0.00383041861297
53.7108 -0.00383041861297
53.8047 -0.00383041861297
53.8986 -0.00383041861297
53.9925 -0.00383041861297
54.0864 -0.00383041861297
54.1803 -0.00383041861297
54.2742 -0.00383041861297
54.3681 -0.00383041861297
54.462 -0.00383041861297
54.5559 -0.00383041861297
54.6498 -0.00383041861297
54.7437 -0.00383041861297
54.8376 -0.00383041861297
54.9315 -0.00383041861297
55.0254 -0.00383041861297
55.1193 -0.00383041861297
55.2132 -0.00383041861297
55.3071 -0.00383041861297
55.401 -0.00383041861297
55.4949 -0.00383041861297
55.5888 -0.00383041861297
55.6827 -0.00383041861297
55.7766 -0.00383041861297
55.8705 -0.00383041861297
55.9644 -0.00383041861297
56.0583 -0.00383041861297
56.1522 -0.00383041861297
56.2461 -0.00383041861297
56.34 -0.00383041861297
56.4339 -0.00383041861297
56.5278 -0.00383041861297
56.6217 -0.00383041861297
56.7156 -0.00383041861297
56.8095 -0.00383041861297
56.9034 -0.00383041861297
56.9973 -0.00383041861297
57.0912 -0.00383041861297
57.1851 -0.00383041861297
57.279 -0.00383041861297
57.3729 -0.00383041861297
57.4668 -0.00383041861297
57.5607 -0.00383041861297
57.6546 -0.00383041861297
57.7485 -0.00383041861297
57.8424 -0.00383041861297
57.9363 -0.00383041861297
58.0302 -0.00383041861297
58.1241 -0.00383041861297
58.218 -0.00383041861297
58.3119 -0.00383041861297
58.4058 -0.00383041861297
58.4997 -0.00383041861297
58.5936 -0.00383041861297
58.6875 -0.00383041861297
58.7814 -0.00383041861297
58.8753 -0.00383041861297
58.9692 -0.00383041861297
59.0631 -0.00383041861297
59.157 -0.00383041861297
59.2509 -0.00383041861297
59.3448 -0.00383041861297
59.4387 -0.00383041861297
59.5326 -0.00383041861297
59.6265 -0.00383041861297
59.7204 -0.00383041861297
59.8143 -0.00383041861297
59.9082 -0.00383041861297
60.0021 -0.00383041861297
60.096 -0.00383041861297
60.1899 -0.00383041861297
60.2838 -0.00383041861297
60.3777 -0.00383041861297
60.4716 -0.00383041861297
60.5655 -0.00383041861297
60.6594 -0.00383041861297
60.7533 -0.00383041861297
60.8472 -0.00383041861297
60.9411 -0.00383041861297
61.035 -0.00383041861297
61.1289 -0.00383041861297
61.2228 -0.00383041861297
61.3167 -0.00383041861297
61.4106 -0.00383041861297
61.5045 -0.00383041861297
61.5984 -0.00383041861297
61.6923 -0.00383041861297
61.7862 -0.00383041861297
61.8801 -0.00383041861297
61.974 -0.00383041861297
62.0679 -0.00383041861297
62.1618 -0.00383041861297
62.2557 -0.00383041861297
62.3496 -0.00383041861297
62.4435 -0.00383041861297
62.5374 -0.00383041861297
62.6313 -0.00383041861297
62.7252 -0.00383041861297
62.8191 -0.00383041861297
62.913 -0.00383041861297
63.0069 -0.00383041861297
63.1008 -0.00383041861297
63.1947 -0.00383041861297
63.2886 -0.00383041861297
63.3825 -0.00383041861297
63.4764 -0.00383041861297
63.5703 -0.00383041861297
63.6642 -0.00383041861297
63.7581 -0.00383041861297
63.852 -0.00383041861297
63.9459 -0.00383041861297
64.0398 -0.00383041861297
64.1337 -0.00383041861297
64.2276 -0.00383041861297
64.3215 -0.00383041861297
64.4154 -0.00383041861297
64.5093 -0.00383041861297
64.6032 -0.00383041861297
64.6971 -0.00383041861297
64.791 -0.00383041861297
64.8849 -0.00383041861297
64.9788 -0.00383041861297
65.0727 -0.00383041861297
65.1666 -0.00383041861297
65.2605 -0.00383041861297
65.3544 -0.00383041861297
65.4483 -0.00383041861297
65.5422 -0.00383041861297
65.6361 -0.00383041861297
65.73 -0.00383041861297
65.8239 -0.00383041861297
65.9178 -0.00383041861297
66.0117 -0.00383041861297
66.1056 -0.00383041861297
66.1995 -0.00383041861297
66.2934 -0.00383041861297
66.3873 -0.00383041861297
66.4812 -0.00383041861297
66.5751 -0.00383041861297
66.669 -0.00383041861297
66.7629 -0.00383041861297
66.8568 -0.00383041861297
66.9507 -0.00383041861297
67.0446 -0.00383041861297
67.1385 -0.00383041861297
67.2324 -0.00383041861297
67.3263 -0.00383041861297
67.4202 -0.00383041861297
67.5141 -0.00383041861297
67.608 -0.00383041861297
67.7019 -0.00383041861297
67.7958 -0.00383041861297
67.8897 -0.00383041861297
67.9836 -0.00383041861297
68.0775 -0.00383041861297
68.1714 -0.00383041861297
68.2653 -0.00383041861297
68.3592 -0.00383041861297
68.4531 -0.00383041861297
68.547 -0.00383041861297
68.6409 -0.00383041861297
68.7348 -0.00383041861297
68.8287 -0.00383041861297
68.9226 -0.00383041861297
69.0165 -0.00383041861297
69.1104 -0.00383041861297
69.2043 -0.00383041861297
69.2982 -0.00383041861297
69.3921 -0.00383041861297
69.486 -0.00383041861297
69.5799 -0.00383041861297
69.6738 -0.00383041861297
69.7677 -0.00383041861297
69.8616 -0.00383041861297
69.9555 -0.00383041861297
70.0494 -0.00383041861297
70.1433 -0.00383041861297
70.2372 -0.00383041861297
70.3311 -0.00383041861297
70.425 -0.00383041861297
70.5189 -0.00383041861297
70.6128 -0.00383041861297
70.7067 -0.00383041861297
70.8006 -0.00383041861297
70.8945 -0.00383041861297
70.9884 -0.00383041861297
71.0823 -0.00383041861297
71.1762 -0.00383041861297
71.2701 -0.00383041861297
71.364 -0.00383041861297
71.4579 -0.00383041861297
71.5518 -0.00383041861297
71.6457 -0.00383041861297
71.7396 -0.00383041861297
71.8335 -0.00383041861297
71.9274 -0.00383041861297
72.0213 -0.00383041861297
72.1152 -0.00383041861297
72.2091 -0.00383041861297
72.303 -0.00383041861297
72.3969 -0.00383041861297
72.4908 -0.00383041861297
72.5847 -0.00383041861297
72.6786 -0.00383041861297
72.7725 -0.00383041861297
72.8664 -0.00383041861297
72.9603 -0.00383041861297
73.0542 -0.00383041861297
73.1481 -0.00383041861297
73.242 -0.00383041861297
73.3359 -0.00383041861297
73.4298 -0.00383041861297
73.5237 -0.00383041861297
73.6176 -0.00383041861297
73.7115 -0.00383041861297
73.8054 -0.00383041861297
73.8993 -0.00383041861297
73.9932 -0.00383041861297
74.0871 -0.00383041861297
74.181 -0.00383041861297
74.2749 -0.00383041861297
74.3688 -0.00383041861297
74.4627 -0.00383041861297
74.5566 -0.00383041861297
74.6505 -0.00383041861297
74.7444 -0.00383041861297
74.8383 -0.00383041861297
74.9322 -0.00383041861297
75.0261 -0.00383041861297
75.12 -0.00383041861297
75.2139 -0.00383041861297
75.3078 -0.00383041861297
75.4017 -0.00383041861297
75.4956 -0.00383041861297
75.5895 -0.00383041861297
75.6834 -0.00383041861297
75.7773 -0.00383041861297
75.8712 -0.00383041861297
75.9651 -0.00383041861297
76.059 -0.00383041861297
76.1529 -0.00383041861297
76.2468 -0.00383041861297
76.3407 -0.00383041861297
76.4346 -0.00383041861297
76.5285 -0.00383041861297
76.6224 -0.00383041861297
76.7163 -0.00383041861297
76.8102 -0.00383041861297
76.9041 -0.00383041861297
76.998 -0.00383041861297
77.0919 -0.00383041861297
77.1858 -0.00383041861297
77.2797 -0.00383041861297
77.3736 -0.00383041861297
77.4675 -0.00383041861297
77.5614 -0.00383041861297
77.6553 -0.00383041861297
77.7492 -0.00383041861297
77.8431 -0.00383041861297
77.937 -0.00383041861297
78.0309 -0.00383041861297
78.1248 -0.00383041861297
78.2187 -0.00383041861297
78.3126 -0.00383041861297
78.4065 -0.00383041861297
78.5004 -0.00383041861297
78.5943 -0.00383041861297
78.6882 -0.00383041861297
78.7821 -0.00383041861297
78.876 -0.00383041861297
78.9699 -0.00383041861297
79.0638 -0.00383041861297
79.1577 -0.00383041861297
79.2516 -0.00383041861297
79.3455 -0.00383041861297
79.4394 -0.00383041861297
79.5333 -0.00383041861297
79.6272 -0.00383041861297
79.7211 -0.00383041861297
79.815 -0.00383041861297
79.9089 -0.00383041861297
80.0028 -0.00383041861297
80.0967 -0.00383041861297
80.1906 -0.00383041861297
80.2845 -0.00383041861297
80.3784 -0.00383041861297
80.4723 -0.00383041861297
80.5662 -0.00383041861297
80.6601 -0.00383041861297
80.754 -0.00383041861297
80.8479 -0.00383041861297
80.9418 -0.00383041861297
81.0357 -0.00383041861297
81.1296 -0.00383041861297
81.2235 -0.00383041861297
81.3174 -0.00383041861297
81.4113 -0.00383041861297
81.5052 -0.00383041861297
81.5991 -0.00383041861297
81.693 -0.00383041861297
81.7869 -0.00383041861297
81.8808 -0.00383041861297
81.9747 -0.00383041861297
82.0686 -0.00383041861297
82.1625 -0.00383041861297
82.2564 -0.00383041861297
82.3503 -0.00383041861297
82.4442 -0.00383041861297
82.5381 -0.00383041861297
82.632 -0.00383041861297
82.7259 -0.00383041861297
82.8198 -0.00383041861297
82.9137 -0.00383041861297
83.0076 -0.00383041861297
83.1015 -0.00383041861297
83.1954 -0.00383041861297
83.2893 -0.00383041861297
83.3832 -0.00383041861297
83.4771 -0.00383041861297
83.571 -0.00383041861297
83.6649 -0.00383041861297
83.7588 -0.00383041861297
83.8527 -0.00383041861297
83.9466 -0.00383041861297
84.0405 -0.00383041861297
84.1344 -0.00383041861297
84.2283 -0.00383041861297
84.3222 -0.00383041861297
84.4161 -0.00383041861297
84.51 -0.00383041861297
84.6039 -0.00383041861297
84.6978 -0.00383041861297
84.7917 -0.00383041861297
84.8856 -0.00383041861297
84.9795 -0.00383041861297
85.0734 -0.00383041861297
85.1673 -0.00383041861297
85.2612 -0.00383041861297
85.3551 -0.00383041861297
85.449 -0.00383041861297
85.5429 -0.00383041861297
85.6368 -0.00383041861297
85.7307 -0.00383041861297
85.8246 -0.00383041861297
85.9185 -0.00383041861297
86.0124 -0.00383041861297
86.1063 -0.00383041861297
86.2002 -0.00383041861297
86.2941 -0.00383041861297
86.388 -0.00383041861297
86.4819 -0.00383041861297
86.5758 -0.00383041861297
86.6697 -0.00383041861297
86.7636 -0.00383041861297
86.8575 -0.00383041861297
86.9514 -0.00383041861297
87.0453 -0.00383041861297
87.1392 -0.00383041861297
87.2331 -0.00383041861297
87.327 -0.00383041861297
87.4209 -0.00383041861297
87.5148 -0.00383041861297
87.6087 -0.00383041861297
87.7026 -0.00383041861297
87.7965 -0.00383041861297
87.8904 -0.00383041861297
87.9843 -0.00383041861297
88.0782 -0.00383041861297
88.1721 -0.00383041861297
88.266 -0.00383041861297
88.3599 -0.00383041861297
88.4538 -0.00383041861297
88.5477 -0.00383041861297
88.6416 -0.00383041861297
88.7355 -0.00383041861297
88.8294 -0.00383041861297
88.9233 -0.00383041861297
89.0172 -0.00383041861297
89.1111 -0.00383041861297
89.205 -0.00383041861297
89.2989 -0.00383041861297
89.3928 -0.00383041861297
89.4867 -0.00383041861297
89.5806 -0.00383041861297
89.6745 -0.00383041861297
89.7684 -0.00383041861297
89.8623 -0.00383041861297
89.9562 -0.00383041861297
90.0501 -0.00383041861297
90.144 -0.00383041861297
90.2379 -0.00383041861297
90.3318 -0.00383041861297
90.4257 -0.00383041861297
90.5196 -0.00383041861297
90.6135 -0.00383041861297
90.7074 -0.00383041861297
90.8013 -0.00383041861297
90.8952 -0.00383041861297
90.9891 -0.00383041861297
91.083 -0.00383041861297
91.1769 -0.00383041861297
91.2708 -0.00383041861297
91.3647 -0.00383041861297
91.4586 -0.00383041861297
91.5525 -0.00383041861297
91.6464 -0.00383041861297
91.7403 -0.00383041861297
91.8342 -0.00383041861297
91.9281 -0.00383041861297
92.022 -0.00383041861297
92.1159 -0.00383041861297
92.2098 -0.00383041861297
92.3037 -0.00383041861297
92.3976 -0.00383041861297
92.4915 -0.00383041861297
92.5854 -0.00383041861297
92.6793 -0.00383041861297
92.7732 -0.00383041861297
92.8671 -0.00383041861297
92.961 -0.00383041861297
93.0549 -0.00383041861297
93.1488 -0.00383041861297
93.2427 -0.00383041861297
93.3366 -0.00383041861297
93.4305 -0.00383041861297
93.5244 -0.00383041861297
93.6183 -0.00383041861297
93.7122 -0.00383041861297
93.8061 -0.00383041861297
93.9 -0.00383041861297
93.9939 -0.00383041861297
94.0878 -0.00383041861297
94.1817 -0.00383041861297
94.2756 -0.00383041861297
94.3695 -0.00383041861297
94.4634 -0.00383041861297
94.5573 -0.00383041861297
94.6512 -0.00383041861297
94.7451 -0.00383041861297
94.839 -0.00383041861297
94.9329 -0.00383041861297
95.0268 -0.00383041861297
95.1207 -0.00383041861297
95.2146 -0.00383041861297
95.3085 -0.00383041861297
95.4024 -0.00383041861297
95.4963 -0.00383041861297
95.5902 -0.00383041861297
95.6841 -0.00383041861297
95.778 -0.00383041861297
95.8719 -0.00383041861297
95.9658 -0.00383041861297
96.0597 -0.00383041861297
