0 0.00241208
0.0995343 -0.0256616
0.199069 -0.0337543
0.298603 -0.00671758
0.398137 0.0549544
0.497671 0.133801
0.597206 0.202476
0.69674 0.235323
0.796274 0.218214
0.895808 0.151774
0.995343 0.0471795
1.09488 -0.0818823
1.19441 -0.225512
1.29395 -0.378066
1.39348 -0.532711
1.49301 -0.673977
1.59255 -0.773679
1.69208 -0.793783
1.79162 -0.695802
1.89115 -0.452893
1.99069 -0.0599922
2.09022 0.460568
2.18975 1.05727
2.28929 1.64916
2.38882 2.1264
2.48836 2.35513
2.58789 2.19353
2.68742 1.52496
2.78696 0.306872
2.88649 -1.37708
2.98603 -3.28403
3.08556 -5.02233
3.1851 -6.11936
3.28463 -6.14009
3.38416 -4.82669
3.4837 -2.21289
3.58323 1.33231
3.68277 5.1584
3.7823 8.47869
3.88184 10.5684
3.98137 10.9548
4.0809 9.53909
4.18044 6.6126
4.27997 2.76382
4.37951 -1.28861
4.47904 -4.881
4.57858 -7.54989
4.67811 -9.09849
4.77764 -9.57643
4.87718 -9.19507
4.97671 -8.21891
5.07625 -6.87489
5.17578 -5.30713
5.27532 -3.58177
5.37485 -1.72662
5.47438 0.220917
5.57392 2.18249
5.67345 4.03662
5.77299 5.64301
5.87252 6.87815
5.97206 7.66379
6.07159 7.97539
6.17112 7.82914
6.27066 7.25788
6.37019 6.29124
6.46973 4.95272
6.56926 3.27628
6.6688 1.33331
6.76833 -0.746976
6.86786 -2.77931
6.9674 -4.55256
7.06693 -5.88041
7.16647 -6.65312
7.266 -6.86799
7.36553 -6.62373
7.46507 -6.07914
7.5646 -5.39259
7.66414 -4.66742
7.76367 -3.92605
7.86321 -3.12253
7.96274 -2.18567
8.06227 -1.07155
8.16181 0.199352
8.26134 1.53648
8.36088 2.806
8.46041 3.87571
8.55995 4.65679
8.65948 5.12435
8.75901 5.31058
8.85855 5.2777
8.95808 5.08619
9.05762 4.77356
9.15715 4.35078
9.25669 3.81332
9.35622 3.1566
9.45575 2.38577
9.55529 1.51561
9.65482 0.563915
9.75436 -0.453534
9.85389 -1.51998
9.95343 -2.60653
10.053 -3.65966
10.1525 -4.59717
10.252 -5.31935
10.3516 -5.73396
10.4511 -5.78563
10.5506 -5.47649
10.6502 -4.8679
10.7497 -4.0619
10.8492 -3.17015
10.9488 -2.28357
11.0483 -1.45449
11.1478 -0.696375
11.2474 0.00279835
11.3469 0.662506
11.4464 1.29637
11.546 1.90792
11.6455 2.49355
11.745 3.047
11.8446 3.56015
11.9441 4.0192
12.0436 4.39973
12.1432 4.66607
12.2427 4.77809
12.3422 4.70365
12.4418 4.4308
12.5413 3.9729
12.6409 3.36342
12.7404 2.64301
12.8399 1.84601
12.9395 0.993929
13.039 0.0995397
13.1385 -0.821434
13.2381 -1.7387
13.3376 -2.60394
13.4371 -3.35915
13.5367 -3.95327
13.6362 -4.35873
13.7357 -4.57881
13.8353 -4.64159
13.9348 -4.58348
14.0343 -4.43102
14.1339 -4.19055
14.2334 -3.85074
14.3329 -3.3962
14.4325 -2.82397
14.532 -2.15387
14.6315 -1.42698
14.7311 -0.693535
14.8306 0.00303393
14.9301 0.637486
15.0297 1.20435
15.1292 1.71025
15.2287 2.16256
15.3283 2.56125
15.4278 2.89824
15.5273 3.16337
15.6269 3.35218
15.7264 3.46978
15.8259 3.52809
15.9255 3.53798
16.025 3.50132
16.1245 3.4083
16.2241 3.24182
16.3236 2.98693
16.4232 2.63992
16.5227 2.21212
16.6222 1.72643
16.7218 1.20892
16.8213 0.680461
16.9208 0.152765
17.0204 -0.369441
17.1199 -0.882523
17.2194 -1.37858
17.319 -1.84429
17.4185 -2.26465
17.518 -2.62881
17.6176 -2.93411
17.7171 -3.18506
17.8166 -3.38771
17.9162 -3.5427
18.0157 -3.64124
18.1152 -3.66692
18.2148 -3.60254
18.3143 -3.4383
18.4138 -3.17683
18.5134 -2.83223
18.6129 -2.42401
18.7124 -1.96949
18.812 -1.47918
18.9115 -0.957376
19.011 -0.407381
19.1106 0.162535
19.2101 0.736216
19.3096 1.29182
19.4092 1.80785
19.5087 2.2694
19.6082 2.67089
19.7078 3.01364
19.8073 3.30002
19.9069 3.52771
20.0064 3.68771
20.1059 3.76735
20.2055 3.75642
20.305 3.65257
20.4045 3.46291
20.5041 3.20063
20.6036 2.87893
20.7031 2.50592
20.8027 2.0838
20.9022 1.6127
21.0017 1.09699
21.1013 0.550154
21.2008 -0.00507305
21.3003 -0.541646
21.3999 -1.03592
21.4994 -1.47418
21.5989 -1.85471
21.6985 -2.18467
21.798 -2.47378
21.8975 -2.72824
21.9971 -2.94774
22.0966 -3.12643
22.1961 -3.25635
22.2957 -3.33072
22.3952 -3.34532
22.4947 -3.2975
22.5943 -3.18462
22.6938 -3.0037
22.7933 -2.75324
22.8929 -2.43647
22.9924 -2.06376
23.0919 -1.65231
23.1915 -1.22235
23.291 -0.791534
23.3905 -0.370206
23.4901 0.0399367
23.5896 0.443047
23.6892 0.84368
23.7887 1.24159
23.8882 1.62939
23.9878 1.99412
24.0873 2.3213
24.1868 2.59924
24.2864 2.82114
24.3859 2.9843
24.4854 3.08761
24.585 3.12936
24.6845 3.10713
24.784 3.01985
24.8836 2.87064
24.9831 2.66823
25.0826 2.42564
25.1822 2.15648
25.2817 1.87057
25.3812 1.5714
25.4808 1.25676
25.5803 0.922225
25.6798 0.565644
25.7794 0.190197
25.8789 -0.195319
25.9784 -0.578832
26.078 -0.948345
26.1775 -1.29436
26.277 -1.61027
26.3766 -1.89119
26.4761 -2.13242
26.5756 -2.32911
26.6752 -2.47753
26.7747 -2.57691
26.8742 -2.63042
26.9738 -2.64413
27.0733 -2.62394
27.1729 -2.57226
27.2724 -2.48627
27.3719 -2.35925
27.4715 -2.18464
27.571 -1.96086
27.6705 -1.69441
27.7701 -1.39941
27.8696 -1.0937
27.9691 -0.793289
28.0687 -0.507739
28.1682 -0.238653
28.2677 0.0184731
28.3673 0.270289
28.4668 0.521707
28.5663 0.77387
28.6659 1.02445
28.7654 1.26934
28.8649 1.50429
28.9645 1.72531
29.064 1.9279
29.1635 2.106
29.2631 2.25191
29.3626 2.35752
29.4621 2.41664
29.5617 2.42672
29.6612 2.38924
29.7607 2.3082
29.8603 2.1878
29.9598 2.03072
30.0593 1.83819
30.1589 1.61191
30.2584 1.35658
30.3579 1.08134
30.4575 0.798869
30.557 0.522172
30.6566 0.260649
30.7561 0.0173341
30.8556 -0.211104
30.9552 -0.431581
31.0547 -0.650408
31.1542 -0.869819
31.2538 -1.08684
31.3533 -1.29479
31.4528 -1.48635
31.5524 -1.65628
31.6519 -1.80237
31.7514 -1.92428
31.851 -2.02129
31.9505 -2.09042
32.05 -2.12633
32.1496 -2.12293
32.2491 -2.07605
32.3486 -1.98549
32.4482 -1.85549
32.5477 -1.6934
32.6472 -1.50739
32.7468 -1.30437
32.8463 -1.08911
32.9458 -0.864576
33.0454 -0.633075
33.1449 -0.39723
33.2444 -0.160243
33.344 0.0745009
33.4435 0.304009
33.543 0.52587
33.6426 0.737863
33.7421 0.937278
33.8416 1.12048
33.9412 1.28314
34.0407 1.42104
34.1402 1.53101
34.2398 1.61133
34.3393 1.66152
34.4389 1.68153
34.5384 1.67118
34.6379 1.63027
34.7375 1.55955
34.837 1.46184
34.9365 1.3427
35.0361 1.20982
35.1356 1.07116
35.2351 0.93273
35.3347 0.796853
35.4342 0.662027
35.5337 0.524304
35.6333 0.379612
35.7328 0.225905
35.8323 0.0641965
35.9319 -0.101769
36.0314 -0.266776
36.1309 -0.425491
36.2305 -0.573239
36.33 -0.706056
36.4295 -0.820406
36.5291 -0.913139
36.6286 -0.981984
36.7281 -1.02638
36.8277 -1.04805
36.9272 -1.05075
37.0267 -1.03911
37.1263 -1.01703
37.2258 -0.986457
37.3253 -0.947172
37.4249 -0.89774
37.5244 -0.836999
37.6239 -0.765227
37.7235 -0.684318
37.823 -0.59694
37.9226 -0.505276
38.0221 -0.410237
38.1216 -0.311689
38.2212 -0.209584
38.3207 -0.105248
38.4202 -0.00192928
38.5198 0.0958788
38.6193 0.184044
38.7188 0.260442
38.8184 0.325638
38.9179 0.382157
39.0174 0.432702
39.117 0.478335
39.2165 0.517672
39.316 0.547576
39.4156 0.564925
39.5151 0.568418
39.6146 0.559377
39.7142 0.541078
39.8137 0.517061
39.9132 0.489429
40.0128 0.458155
40.1123 0.421756
40.2118 0.378866
40.3114 0.329701
40.4109 0.276497
40.5104 0.222676
40.61 0.171259
40.7095 0.123543
40.809 0.0788479
40.9086 0.0354718
41.0081 -0.0077597
41.1076 -0.0503443
41.2072 -0.0900779
41.3067 -0.12417
41.4062 -0.150792
41.5058 -0.170087
41.6053 -0.183996
41.7049 -0.195001
41.8044 -0.204577
41.9039 -0.212309
42.0035 -0.216231
42.103 -0.214179
42.2025 -0.205311
42.3021 -0.190858
42.4016 -0.173626
42.5011 -0.156565
42.6007 -0.141276
42.7002 -0.127379
42.7997 -0.113106
42.8993 -0.0967243
42.9988 -0.0778895
43.0983 -0.0580747
43.1979 -0.0398052
43.2974 -0.0251914
43.3969 -0.0146848
43.4965 -0.00684735
43.596 0.000713988
43.6955 0.00982525
43.7951 0.0205829
43.8946 0.0312759
43.9941 0.0394407
44.0937 0.0433935
44.1932 0.0432854
44.2927 0.0410287
44.3923 0.0391421
44.4918 0.0392401
44.5913 0.0411045
44.6909 0.0429128
44.7904 0.0424715
44.8899 0.038675
44.9895 0.0322759
45.089 0.025482
45.1886 0.0206358
45.2881 0.0188017
45.3876 0.0191474
45.4872 0.019504
45.5867 0.0177562
45.6862 0.0131919
45.7858 0.00697031
45.8853 0.00141569
45.9848 -0.00141907
46.0844 -0.00102233
46.1839 0.00126563
46.2834 0.00309311
46.383 0.00256193
46.4825 -0.000598155
46.582 -0.00487727
46.6816 -0.00794685
46.7811 -0.00813079
46.8806 -0.00546552
46.9802 -0.00168711
47.0797 0.000844442
47.1792 0.000609585
47.2788 -0.00213361
47.3783 -0.00552412
47.4778 -0.00727343
47.5774 -0.00610553
47.6769 -0.00256099
47.7764 0.00133624
47.876 0.00333952
47.9755 0.00237863
48.075 -0.000777256
48.1746 -0.00400564
48.2741 -0.00516047
48.3736 -0.00341356
48.4732 0.000230369
48.5727 0.00356532
48.6723 0.00456587
48.7718 0.00265432
48.8713 -0.000938416
48.9709 -0.00394262
49.0704 -0.0044677
49.1699 -0.00218126
49.2695 0.0014869
49.369 0.00424214
49.4685 0.00436129
49.5681 0.00176976
49.6676 -0.00191323
49.7671 -0.00438815
49.8667 -0.00411273
49.9662 -0.00126468
50.0657 0.00237149
50.1653 0.00452149
50.2648 0.00384304
50.3643 0.000763366
50.4639 -0.00278997
50.5634 -0.00459556
50.6629 -0.00352684
50.7625 -0.00025493
50.862 0.0031728
50.9615 0.00461379
51.0611 0.00316948
51.1606 -0.000254397
51.2601 -0.0035158
51.3597 -0.0045764
51.4592 -0.00277545
51.5587 0.000758606
51.6583 0.00381514
51.7578 0.0044841
51.8573 0.00234953
51.9569 -0.00125179
52.0564 -0.00406748
52.1559 -0.00433819
52.2555 -0.00189687
52.355 0.00172819
52.4546 0.00427001
52.5541 0.00414058
52.6536 0.00142288
52.7532 -0.00218226
52.8527 -0.00442053
52.9522 -0.00389376
53.0518 -0.000933189
53.1513 0.00260873
53.2508 0.00451743
53.3504 0.00360077
53.4499 0.00043361
53.5494 -0.00300268
53.649 -0.00455972
53.7485 -0.0032652
53.848 6.99588e-05
53.9476 0.00335956
54.0471 0.00454703
54.1466 0.00289108
54.2462 -0.000571589
54.3457 -0.00367524
54.4452 -0.00447964
54.5448 -0.0024829
54.6443 0.00106539
54.7438 0.00394611
54.8434 0.00435845
54.9429 0.00204552
55.0424 -0.00154556
55.142 -0.00416906
55.2415 -0.00418497
55.341 -0.00158413
55.4406 0.00200648
55.5401 0.00434153
55.6396 0.00396131
55.7392 0.0011042
55.8387 -0.00244276
55.9383 -0.00446156
56.0378 -0.00369015
56.1373 -0.00061137
56.2369 0.00284928
56.3364 0.00452777
56.4359 0.00337474
56.5355 0.000111462
56.635 -0.00322128
56.7345 -0.00453943
56.8341 -0.00301879
56.9336 0.000389647
57.0331 0.00355441
57.1327 0.00449641
57.2322 0.00262651
57.3317 -0.000886061
57.4313 -0.00384475
57.5308 -0.00439922
57.6303 -0.0022025
57.7299 0.00137194
57.8294 0.00408887
57.9289 0.00424899
58.0285 0.00175175
58.128 -0.00184157
58.2275 -0.00428388
58.3271 -0.00404747
58.4266 -0.00127954
58.5261 0.0022894
58.6257 0.00442745
58.7252 0.00379696
58.8247 0.000791411
58.9243 -0.00271016
59.0238 -0.00451785
59.1233 -0.00350038
59.2229 -0.00029308
59.3224 0.00309886
59.422 0.00455392
59.5215 0.00316115
59.621 -0.000209601
59.7206 -0.00345087
59.8201 -0.00453517
59.9196 -0.00278317
60.0192 0.000710728
60.1187 0.00376198
60.2182 0.00446171
60.3178 0.00237083
60.4173 -0.0012044
60.5168 -0.00402846
60.6164 -0.00433428
60.7159 -0.0019289
60.8154 0.00168479
60.915 0.00424705
61.0145 0.00415424
61.114 0.0014625
61.2136 -0.00214622
61.3131 -0.00441505
61.4126 -0.00392358
61.5122 -0.000977049
61.6117 0.00258319
61.7112 0.00453033
61.8108 0.00364484
61.9103 0.000478196
62.0098 -0.00299049
62.1094 -0.00459137
62.2089 -0.00332114
62.3084 2.82332e-05
62.408 0.00336322
62.5075 0.00459725
62.607 0.00295613
62.7066 -0.000536309
62.8061 -0.00369686
62.9056 -0.00454769
63.0052 -0.00255393
63.1047 0.00104006
63.2043 0.00398733
63.3038 0.00444303
63.4033 0.00211913
63.5029 -0.00153354
63.6024 -0.00423102
63.7019 -0.00428425
63.8015 -0.00165668
63.901 0.0020109
64.0005 0.00442483
64.1001 0.00407298
64.1996 0.00117189
64.2991 -0.00246643
64.3987 -0.00456624
64.4982 -0.00381141
64.5977 -0.000670348
64.6973 0.00289468
64.7968 0.0046533
64.8963 0.00350236
64.9959 0.000157864
65.0954 -0.00329043
65.1949 -0.00468468
65.2945 -0.00314919
65.394 0.000359599
65.4935 0.00364886
65.5931 0.00465968
65.6926 0.00275579
65.7921 -0.000875984
65.8917 -0.0039655
65.9912 -0.00457823
66.0907 -0.00232652
66.1903 0.00138521
66.2898 0.00423636
66.3893 0.00444093
66.4889 0.0018662
66.5884 -0.00188124
66.688 -0.00445795
66.7875 -0.00424899
66.887 -0.00138002
66.9866 0.00235815
67.0861 0.0046273
67.1856 0.00400429
67.2852 0.000873511
67.3847 -0.00281018
67.4842 -0.00474203
67.5838 -0.00370929
67.6833 -0.000352471
67.7828 0.00323183
67.8824 0.00480037
67.9819 0.00336707
68.0814 -0.000177089
68.181 -0.0036179
68.2805 -0.00480116
68.38 -0.00298126
68.4796 0.000709016
68.5791 0.00396355
68.6786 0.00474391
68.7782 0.00255603
68.8777 -0.00123708
68.9772 -0.00426436
69.0768 -0.00462878
69.1763 -0.00209601
69.2758 0.00175503
69.3754 0.00451638
69.4749 0.00445659
69.5744 0.0016063
69.674 -0.00225669
69.7735 -0.00471621
69.873 -0.00422883
69.9726 -0.00109236
70.0721 0.00273602
70.1716 0.00486097
70.2712 0.00394761
70.3707 0.000559988
70.4703 -0.00318715
70.5698 -0.00494842
70.6693 -0.0036157
70.7689 -1.52482e-05
70.8684 0.00360449
70.9679 0.00497691
71.0675 0.00323645
71.167 -0.000535595
71.2665 -0.00398278
71.3661 -0.00494549
71.4656 -0.00281381
71.5651 0.00108614
71.6647 0.00431714
71.7642 0.00485384
71.8637 0.00235224
71.9633 -0.00162992
72.0628 -0.00460315
72.1623 -0.00470234
72.2619 -0.00185671
72.3614 0.00216048
72.4609 0.00483687
72.5605 0.00449206
72.66 0.00133262
72.7595 -0.00267143
72.8591 -0.00501492
72.9586 -0.00422473
73.0581 -0.000785768
73.1577 0.00315653
73.2572 0.00513451
73.3567 0.00390278
73.4563 0.000222268
73.5558 -0.00360976
73.6553 -0.00519347
73.7549 -0.00352924
73.8544 0.00035149
73.954 0.00402538
74.0535 0.00519031
74.153 0.00310782
74.2526 -0.000928922
74.3521 -0.00439801
74.4516 -0.00512421
74.5512 -0.00264277
74.6507 0.00150331
74.7502 0.00472267
74.8498 0.00499504
74.9493 0.00213893
75.0488 -0.00206789
75.1484 -0.00499487
75.2479 -0.00480339
75.3474 -0.00160162
75.447 0.00261591
75.5465 0.00521063
75.646 0.00455056
75.7456 0.00103661
75.8451 -0.00314069
75.9446 -0.00536656
76.0442 -0.00423858
76.1437 -0.000450095
76.2432 0.00363573
76.3428 0.0054599
76.4423 0.00387013
76.5418 -0.000151417
76.6414 -0.00409478
76.7409 -0.00548854
76.8404 -0.00344862
76.94 0.000761143
77.0395 0.00451186
77.139 0.00545107
77.2386 0.00297808
77.3381 -0.0013721
77.4377 -0.00488138
77.5372 -0.00534678
77.6367 -0.00246314
77.7363 0.00197717
77.8358 0.00519822
77.9353 0.00517572
78.0349 0.00190904
78.1344 -0.0025692
78.2339 -0.00545772
78.3335 -0.00493868
78.433 -0.00132152
78.5325 0.00314103
78.6321 0.00565579
78.7316 0.00463719
78.8311 0.000706813
78.9307 -0.00368564
79.0302 -0.00578898
79.1297 -0.00427355
79.2293 -7.15526e-05
79.3288 0.00419613
79.4283 0.00585446
79.5279 0.00385077
79.6274 -0.000577271
79.7269 -0.00466591
79.8265 -0.00585013
79.926 -0.00337258
80.0255 0.00123238
80.1251 0.00508868
80.2246 0.00577461
80.3241 0.00284339
80.4237 -0.00188631
80.5232 -0.00545855
80.6227 -0.00562728
80.7223 -0.00226829
80.8218 0.00253142
80.9213 0.00577009
81.0209 0.0054083
81.1204 0.00165293
81.22 -0.00316004
81.3195 -0.0060184
81.419 -0.00511862
81.5186 -0.00100357
81.6181 0.00376452
81.7176 0.00619919
81.8172 0.00476001
81.9167 0.00032695
82.0162 -0.00433731
82.1158 -0.0063088
82.2153 -0.004335
82.3148 0.00036975
82.4144 0.00487103
82.5139 0.00634428
82.6134 0.00384693
82.713 -0.00107896
82.8125 -0.00535857
82.912 -0.0063034
83.0116 -0.00329987
83.1111 0.0017928
83.2106 0.00579317
83.3102 0.00618474
83.4097 0.00269866
83.5092 -0.00250317
83.6088 -0.00616847
83.7083 -0.00598767
83.8078 -0.00204881
83.9074 0.00320179
84.0069 0.00647861
84.1064 0.00571239
84.206 0.00135652
84.3055 -0.00388033
84.405 -0.00671826
84.5046 -0.00535995
84.6041 -0.000628576
84.7037 0.00453046
84.8032 0.00688275
84.9027 0.00493226
85.0023 -0.000127682
85.1018 -0.00514393
85.2013 -0.00696807
85.3009 -0.00443206
85.4004 0.000904414
85.4999 0.00571268
85.5995 0.00697095
85.699 0.00386295
85.7985 -0.00169336
85.8981 -0.00622889
85.9976 -0.0068889
86.0971 -0.00322936
86.1967 0.00248589
86.2962 0.00668509
86.3957 0.00672026
86.4953 0.00253649
86.5948 -0.00327313
86.6943 -0.00707424
86.7939 -0.00646421
86.8934 -0.00179033
86.9929 0.00404599
87.0925 0.00738977
87.192 0.00612085
87.2915 0.00099759
87.3911 -0.00479525
87.4906 -0.00762569
87.5901 -0.00569113
87.6897 -0.000165649
87.7892 0.00551168
87.8887 0.00777666
87.9883 0.00517696
88.0878 -0.000697488
88.1873 -0.0061861
88.2869 -0.00783802
88.3864 -0.00458114
88.486 0.00158325
88.5855 0.00680947
88.685 0.00780588
88.7846 0.00390738
88.8841 -0.00248258
88.9836 -0.00737296
89.0832 -0.00767715
89.1827 -0.00316028
89.2822 0.00338598
89.3818 0.00786808
89.4813 0.00744958
89.5808 0.00234532
89.6804 -0.00428362
89.7799 -0.0082867
89.8794 -0.00712185
89.979 -0.0014688
90.0785 0.00516539
90.178 0.00862115
90.2776 0.0066935
90.3771 0.000537849
90.4766 -0.00602098
90.5762 -0.00886433
90.6757 -0.00616505
90.7752 0.000439667
90.8748 0.00683998
90.9743 0.00900971
91.0738 0.00553795
91.1734 -0.00145517
91.2729 -0.00761197
91.3724 -0.00905145
91.472 -0.0048146
91.5715 0.00249944
91.671 0.00832654
91.7706 0.00898443
91.8701 0.00399833
91.9697 -0.00356267
92.0692 -0.00897344
92.1687 -0.00880426
92.2683 -0.00309342
92.3678 0.00463454
92.4673 0.00954263
92.5669 0.0085074
92.6664 0.00210504
92.7659 -0.00570426
92.8655 -0.0100243
92.965 -0.0080911
93.0645 -0.00103921
93.1641 0.0067607
93.2636 0.0104091
93.3631 0.00755346
93.4627 -9.72172e-05
93.5622 -0.00779242
93.6617 -0.010688
93.7613 -0.00689344
93.8608 0.00129662
93.9603 0.00878772
94.0599 0.0108523
94.1594 0.00611078
94.2589 -0.00255068
94.3585 -0.0097348
94.458 -0.0108939
94.5575 -0.00520605
94.6571 0.00385045
94.7566 0.0106217
94.8561 0.0108052
94.9557 0.00418054
95.0552 -0.00518644
95.1547 -0.0114365
95.2543 -0.0105789
95.3538 -0.0030362
95.4534 0.00654874
95.5529 0.0121673
95.6524 0.0102084
95.752 0.00177552
95.8515 -0.00792706
95.951 -0.0128021
96.0506 -0.00968728
96.1501 -0.000401412
96.2496 0.00931096
96.3492 0.0133292
96.4487 0.00900928
96.5482 -0.00108304
96.6478 -0.0106899
96.7473 -0.0137368
96.8468 -0.0081683
96.9464 0.00267481
97.0459 0.0120535
97.1454 0.0140132
97.245 0.00715793
97.3445 -0.00437135
97.444 -0.0133917
97.5436 -0.0141464
97.6431 -0.0059711
97.7426 0.00617108
97.8422 0.0146952
97.9417 0.0141244
98.0412 0.00459939
98.1408 -0.00807421
98.2403 -0.0159558
98.3398 -0.0139345
98.4394 -0.00303211
98.5389 0.0100839
98.6384 0.0171667
98.738 0.013563
98.8375 0.00125474
98.937 -0.0122079
99.0366 -0.0183243
99.1361 -0.0129945
99.2357 0.000753521
99.3352 0.0144622
99.4347 0.0194292
99.5343 0.0122106
99.6338 -0.003024
99.7333 -0.0168755
99.8329 -0.0204895
99.9324 -0.0111878
100.032 0.00560629
100.131 0.0194999
100.231 0.0215269
100.331 0.00989368
100.43 -0.0085836
100.53 -0.0224309
100.629 -0.0225894
100.729 -0.00827838
100.828 0.0121059
100.928 0.0258536
101.027 0.0237805
101.127 0.00625546
101.226 -0.0164718
101.326 -0.0301594
101.425 -0.0253404
101.525 -0.00364964
101.624 0.0224005
101.724 0.0365123
101.824 0.0286917
