0.0 0.0115995737321
0.1 0.0354454629365
0.2 0.0752643560771
0.3 0.121262720535
0.4 0.152979688648
0.5 0.146954946988
0.6 0.0887524635271
0.7 -0.017401066185
0.8 -0.147419378146
0.9 -0.265929893832
1.0 -0.340457319684
1.1 -0.35433695309
1.2 -0.312754244562
1.3 -0.240085122367
1.4 -0.170260844091
1.5 -0.133494332732
1.6 -0.142872935703
1.7 -0.184549151336
1.8 -0.215765572196
1.9 -0.17408858726
2.0 0.0022961158583
2.1 0.348279917507
2.2 0.848084937512
2.3 1.42308053493
2.4 1.93741433652
2.5 2.22240830818
2.6 2.11470143922
2.7 1.49948674481
2.8 0.350274965687
2.9 -1.24174924161
3.0 -3.05565154252
3.1 -4.75423294967
3.2 -5.93062272014
3.3 -6.18921494969
3.4 -5.25034952196
3.5 -3.05463948175
3.6 0.166698330701
3.7 3.88946597865
3.8 7.38301516988
3.9 9.87925808385
4.0 10.7822847831
4.1 9.84895092137
4.2 7.26923395752
4.3 3.60793874687
4.4 -0.37476527796
4.5 -3.95439735424
4.6 -6.634400074
4.7 -8.23087746449
4.8 -8.83354400672
4.9 -8.68168483799
5.0 -8.02419180166
5.1 -7.02619995908
5.2 -5.75008702408
5.3 -4.19773020002
5.4 -2.37561777605
5.5 -0.343877632535
5.6 1.77148099145
5.7 3.80098605733
5.8 5.57154350589
5.9 6.9436058606
6.0 7.83211662184
6.1 8.2075732907
6.2 8.08182205927
6.3 7.48777030016
6.4 6.46315001997
6.5 5.04629590134
6.6 3.28678575563
6.7 1.26636200587
6.8 -0.88176248386
6.9 -2.97015432879
7.0 -4.78113960683
7.1 -6.11541292964
7.2 -6.84879150228
7.3 -6.97230214602
7.4 -6.59460414864
7.5 -5.90145488546
7.6 -5.08718719986
7.7 -4.28727232644
7.8 -3.54104807541
7.9 -2.79926727042
8.0 -1.9698766145
8.1 -0.978460645344
8.2 0.184731870731
8.3 1.45031309862
8.4 2.69047085343
8.5 3.76221650009
8.6 4.55307363007
8.7 5.0112822686
8.8 5.15153123304
8.9 5.03798362019
9.0 4.75445664648
9.1 4.37455906881
9.2 3.94218928361
9.3 3.46683933859
9.4 2.93159576356
9.5 2.30751497253
9.6 1.56776317739
9.7 0.697920870255
9.8 -0.29738039255
9.9 -1.38962924776
10.0 -2.52301235297
10.1 -3.61500201951
10.2 -4.56495911897
10.3 -5.27234972109
10.4 -5.66068805815
10.5 -5.69829430924
10.6 -5.40633608873
10.7 -4.84973112887
10.8 -4.11474400748
10.9 -3.28357579619
11.0 -2.41695017149
11.1 -1.55033005866
11.2 -0.701478652478
11.3 0.11843400697
11.4 0.897969578414
11.5 1.62572980565
11.6 2.29479572522
11.7 2.90532758595
11.8 3.46116429342
11.9 3.96116624643
12.0 4.39046287667
12.1 4.71771202707
12.2 4.90141522698
12.3 4.90325361832
12.4 4.70237880447
12.5 4.30385399972
12.6 3.73725278968
12.7 3.04617347894
12.8 2.2737026049
12.9 1.45068228306
13.0 0.592235481425
13.1 -0.295993367359
13.2 -1.20526953516
13.3 -2.11169442436
13.4 -2.97163289285
13.5 -3.72813038342
13.6 -4.32608382142
13.7 -4.72895823935
13.8 -4.92854961172
13.9 -4.94276296787
14.0 -4.80289247602
14.1 -4.53771771544
14.2 -4.16331440404
14.3 -3.68376170875
14.4 -3.10116626804
14.5 -2.42782594533
14.6 -1.692386271
14.7 -0.935964122501
14.8 -0.20063663086
14.9 0.482724297058
15.0 1.10031034226
15.1 1.65225819955
15.2 2.14344491645
15.3 2.57436756854
15.4 2.9374884182
15.5 3.22049511879
15.6 3.41360187479
15.7 3.51593622039
15.8 3.53713641766
15.9 3.49344149968
16.0 3.40068700851
16.1 3.26801396546
16.2 3.0953201675
16.3 2.87531827915
16.4 2.59881660297
16.5 2.26055391544
16.6 1.86299302522
16.7 1.41666758345
16.8 0.937347249442
16.9 0.44168210045
17.0 -0.0565048923024
17.1 -0.54770744194
17.2 -1.02581093493
17.3 -1.48591668354
17.4 -1.92260037285
17.5 -2.32964616834
17.6 -2.70095288461
17.7 -3.03126157603
17.8 -3.31544698426
17.9 -3.54637174966
18.0 -3.71282326518
18.1 -3.79961993657
18.2 -3.79096059636
18.3 -3.67600905186
18.4 -3.45393151247
18.5 -3.13544011556
18.6 -2.73962494849
18.7 -2.28748903943
18.8 -1.79550379679
18.9 -1.27248610409
19.0 -0.721188876069
19.1 -0.143382864571
19.2 0.454565762448
19.3 1.05862076268
19.4 1.64791733884
19.5 2.19880819609
19.6 2.68992965633
19.7 3.10593163751
19.8 3.43850744686
19.9 3.68483009727
20.0 3.84468016276
20.1 3.91795339534
20.2 3.90380382889
20.3 3.80170110269
20.4 3.6136394233
20.5 3.34611435682
20.6 3.01058430508
20.7 2.62192296064
20.8 2.19545003742
20.9 1.74390986879
21.0 1.2757969201
21.1 0.795683196579
21.2 0.306140595806
21.3 -0.189879026812
21.4 -0.687333784625
21.5 -1.1785387117
21.6 -1.65351139153
21.7 -2.10064380064
21.8 -2.50738434529
21.9 -2.86109773638
22.0 -3.15045859442
22.1 -3.36737507601
22.2 -3.50878018498
22.3 -3.57724016858
22.4 -3.57964575076
22.5 -3.52420105773
22.6 -3.41693933301
22.7 -3.25940118745
22.8 -3.04860896609
22.9 -2.77933928727
23.0 -2.44759550765
23.1 -2.05371167761
23.2 -1.60385674346
23.3 -1.10956305384
23.4 -0.585771223541
23.5 -0.0483681567184
23.6 0.487814964616
23.7 1.00995126372
23.8 1.50703601102
23.9 1.96896415779
24.0 2.38554108678
24.1 2.74610438047
24.2 3.04013213997
24.3 3.25870326748
24.4 3.39619527838
24.5 3.4514300417
24.6 3.42773711777
24.7 3.331962271
24.8 3.17296434205
24.9 2.96029660995
25.0 2.70348866263
25.1 2.41186156368
25.2 2.09447672674
25.3 1.75984843107
25.4 1.41536384308
25.5 1.06667396477
25.6 0.717401703459
25.7 0.369337749186
25.8 0.0230435296166
25.9 -0.321346497167
26.0 -0.663291832368
26.1 -1.00107026823
26.2 -1.33116038576
26.3 -1.6479753956
26.4 -1.94415526086
26.5 -2.21143002157
26.6 -2.44174038672
26.7 -2.62810806168
26.8 -2.76491945331
26.9 -2.84776822046
27.0 -2.87342552933
27.1 -2.84045788513
27.2 -2.75040918364
27.3 -2.60871297443
27.4 -2.42424969519
27.5 -2.20708872969
27.6 -1.96518595708
27.7 -1.70181968815
27.8 -1.41552082636
27.9 -1.10300384043
28.0 -0.763810868019
28.1 -0.404179976735
28.2 -0.037871536641
28.3 0.31673196825
28.4 0.641939786801
28.5 0.925948095439
28.6 1.1656060871
28.7 1.36584497279
28.8 1.53650903713
28.9 1.68827901273
29.0 1.82927993789
29.1 1.96316786151
29.2 2.08866790756
29.3 2.20016366109
29.4 2.289010013
29.5 2.34541247848
29.6 2.36067130352
29.7 2.32932334995
29.8 2.25050442082
29.9 2.12798336063
30.0 1.96881555499
30.1 1.78105291795
30.2 1.57178327559
30.3 1.34594997915
30.4 1.10612373366
30.5 0.853381951887
30.6 0.588598190307
30.7 0.313516972727
30.8 0.031186232107
30.9 -0.254346738169
31.0 -0.538822221354
31.1 -0.818537799061
31.2 -1.09056898751
31.3 -1.35216180501
31.4 -1.59949653889
31.5 -1.82649561997
31.6 -2.02450748301
31.7 -2.18335764349
31.8 -2.29353618106
31.9 -2.34859647853
32.0 -2.34663246356
32.1 -2.29016710723
32.2 -2.18467137461
32.3 -2.03668613631
32.4 -1.85264943556
32.5 -1.63895289458
32.6 -1.40285273512
32.7 -1.15324511815
32.8 -0.90038975737
32.9 -0.654372600133
33.0 -0.422965585473
33.1 -0.210005599302
33.2 -0.0151872396397
33.3 0.164601988461
33.4 0.333107431561
33.5 0.492809493825
33.6 0.644194298902
33.7 0.786379661366
33.8 0.918506031146
33.9 1.04088235959
34.0 1.15504058141
34.1 1.26251337795
34.2 1.36295377892
34.3 1.45271368015
34.4 1.52488153848
34.5 1.57106024558
34.6 1.58420969538
34.7 1.56122806047
34.8 1.50401087713
34.9 1.41851163709
35.0 1.31238820126
35.1 1.19251791202
35.2 1.06357709762
35.3 0.928090968436
35.4 0.787414546489
35.5 0.642642859601
35.6 0.494751217809
35.7 0.344060129648
35.8 0.189779366458
35.9 0.0304011610889
36.0 -0.134931865322
36.1 -0.304773812314
36.2 -0.474491091004
36.3 -0.636823603655
36.4 -0.783708523817
36.5 -0.90843991653
36.6 -1.00710554833
36.7 -1.07876361819
36.8 -1.12458859123
36.9 -1.14670044862
37.0 -1.1473360616
37.1 -1.12857958396
37.2 -1.09243372636
37.3 -1.04088962412
37.4 -0.97584420063
37.5 -0.898977736743
37.6 -0.811788884554
37.7 -0.715837229681
37.8 -0.61302676992
37.9 -0.505688039284
38.0 -0.396354138467
38.1 -0.287359451705
38.2 -0.180525839799
38.3 -0.077135113929
38.4 0.0218205006364
38.5 0.115304236977
38.6 0.202048168821
38.7 0.280628478704
38.8 0.349747280244
38.9 0.408556685456
39.0 0.456859274762
39.1 0.495095179304
39.2 0.524120991635
39.3 0.54486083405
39.4 0.557954727481
39.5 0.563539715738
39.6 0.561262598556
39.7 0.550534264441
39.8 0.530922521534
39.9 0.502504496098
40.0 0.46601675382
40.1 0.422752021391
40.2 0.374289488882
40.3 0.322221240092
40.4 0.268004178367
40.5 0.21295793529
40.6 0.158329660098
40.7 0.105325292747
40.8 0.0550651168578
40.9 0.00849867721537
41.0 -0.033655712076
41.1 -0.0709153862206
41.2 -0.103006694621
41.3 -0.129854709963
41.4 -0.151604746545
41.5 -0.168637757796
41.6 -0.18152076109
41.7 -0.190870321775
41.8 -0.197175424332
41.9 -0.200670131878
42.0 -0.201328434946
42.1 -0.198984409166
42.2 -0.19350973234
42.3 -0.184955997657
42.4 -0.173602400643
42.5 -0.159910655471
42.6 -0.144434832431
42.7 -0.127739644248
42.8 -0.110354188984
42.9 -0.0927563031031
43.0 -0.0753679900666
43.1 -0.058548242879
43.2 -0.042583599988
43.3 -0.0276849073292
43.4 -0.0139962927325
43.5 -0.00161431600971
43.6 0.00939078268546
43.7 0.0189602649362
43.8 0.0270432368386
43.9 0.0336039184061
44.0 0.0386354944588
44.1 0.0421737585907
44.2 0.0443037140963
44.3 0.0451552836607
44.4 0.0448895351359
44.5 0.0436815497117
44.6 0.0417070115547
44.7 0.0391359321647
44.8 0.0361313686674
44.9 0.0328478900663
45.0 0.0294261889281
45.1 0.0259849086995
45.2 0.0226142944138
45.3 0.0193757535366
45.4 0.0163075620451
45.5 0.0134332036197
45.6 0.0107681276439
45.7 0.00832308132293
45.8 0.00610512488518
45.9 0.00411848017439
46.0 0.00236610960584
46.1 0.000851052935775
46.2 -0.000424023975493
46.3 -0.00145945579619
46.4 -0.00226205206459
46.5 -0.00284733289266
46.6 -0.00323916378125
46.7 -0.00346692915118
46.8 -0.00356153744643
46.9 -0.00355175706894
47.0 -0.00346184679795
47.1 -0.00331074235062
47.2 -0.00311257793992
47.3 -0.00287808054858
47.4 -0.00261625467077
47.5 -0.00233576013599
47.6 -0.00204555872005
47.7 -0.00175476619805
47.8 -0.00147201688393
47.9 -0.00120479713188
48.0 -0.000959060367965
48.1 -0.000739151157772
48.2 -0.000547873309755
48.3 -0.000386549309973
48.4 -0.00025505692604
48.5 -0.000151932139818
48.6 -7.46091877077e-05
48.7 -1.97736131663e-05
48.8 1.62641641476e-05
48.9 3.72563137236e-05
49.0 4.67892956725e-05
49.1 4.81210859473e-05
49.2 4.40667189084e-05
49.3 3.69354148853e-05
49.4 2.85262955694e-05
49.5 2.01708421104e-05
49.6 1.27925869166e-05
49.7 6.95928327381e-06
49.8 2.92508130555e-06
49.9 6.77353117362e-07
50.0 0.0
50.1 0.0
50.2 0.0
50.3 0.0
50.4 0.0
50.5 0.0
50.6 0.0
50.7 0.0
50.8 0.0
50.9 0.0
51.0 0.0
51.1 0.0
51.2 0.0
51.3 0.0
51.4 0.0
51.5 0.0
51.6 0.0
51.7 0.0
51.8 0.0
51.9 0.0
52.0 0.0
52.1 0.0
52.2 0.0
52.3 0.0
52.4 0.0
52.5 0.0
52.6 0.0
52.7 0.0
52.8 0.0
52.9 0.0
53.0 0.0
53.1 0.0
53.2 0.0
53.3 0.0
53.4 0.0
53.5 0.0
53.6 0.0
53.7 0.0
53.8 0.0
53.9 0.0
54.0 0.0
54.1 0.0
54.2 0.0
54.3 0.0
54.4 0.0
54.5 0.0
54.6 0.0
54.7 0.0
54.8 0.0
54.9 0.0
55.0 0.0
55.1 0.0
55.2 0.0
55.3 0.0
55.4 0.0
55.5 0.0
55.6 0.0
55.7 0.0
55.8 0.0
55.9 0.0
56.0 0.0
56.1 0.0
56.2 0.0
56.3 0.0
56.4 0.0
56.5 0.0
56.6 0.0
56.7 0.0
56.8 0.0
56.9 0.0
57.0 0.0
57.1 0.0
57.2 0.0
57.3 0.0
57.4 0.0
57.5 0.0
57.6 0.0
57.7 0.0
57.8 0.0
57.9 0.0
58.0 0.0
58.1 0.0
58.2 0.0
58.3 0.0
58.4 0.0
58.5 0.0
58.6 0.0
58.7 0.0
58.8 0.0
58.9 0.0
59.0 0.0
59.1 0.0
59.2 0.0
59.3 0.0
59.4 0.0
59.5 0.0
59.6 0.0
59.7 0.0
59.8 0.0
59.9 0.0
60.0 0.0
60.1 0.0
60.2 0.0
60.3 0.0
60.4 0.0
60.5 0.0
60.6 0.0
60.7 0.0
60.8 0.0
60.9 0.0
61.0 0.0
61.1 0.0
61.2 0.0
61.3 0.0
61.4 0.0
61.5 0.0
61.6 0.0
61.7 0.0
61.8 0.0
61.9 0.0
62.0 0.0
62.1 0.0
62.2 0.0
62.3 0.0
62.4 0.0
62.5 0.0
62.6 0.0
62.7 0.0
62.8 0.0
62.9 0.0
63.0 0.0
63.1 0.0
63.2 0.0
63.3 0.0
63.4 0.0
63.5 0.0
63.6 0.0
63.7 0.0
63.8 0.0
63.9 0.0
64.0 0.0
64.1 0.0
64.2 0.0
64.3 0.0
64.4 0.0
64.5 0.0
64.6 0.0
64.7 0.0
64.8 0.0
64.9 0.0
65.0 0.0
65.1 0.0
65.2 0.0
65.3 0.0
65.4 0.0
65.5 0.0
65.6 0.0
65.7 0.0
65.8 0.0
65.9 0.0
66.0 0.0
66.1 0.0
66.2 0.0
66.3 0.0
66.4 0.0
66.5 0.0
66.6 0.0
66.7 0.0
66.8 0.0
66.9 0.0
67.0 0.0
67.1 0.0
67.2 0.0
67.3 0.0
67.4 0.0
67.5 0.0
67.6 0.0
67.7 0.0
67.8 0.0
67.9 0.0
68.0 0.0
68.1 0.0
68.2 0.0
68.3 0.0
68.4 0.0
68.5 0.0
68.6 0.0
68.7 0.0
68.8 0.0
68.9 0.0
69.0 0.0
69.1 0.0
69.2 0.0
69.3 0.0
69.4 0.0
69.5 0.0
69.6 0.0
69.7 0.0
69.8 0.0
69.9 0.0
70.0 0.0
70.1 0.0
70.2 0.0
70.3 0.0
70.4 0.0
70.5 0.0
70.6 0.0
70.7 0.0
70.8 0.0
70.9 0.0
71.0 0.0
71.1 0.0
71.2 0.0
71.3 0.0
71.4 0.0
71.5 0.0
71.6 0.0
71.7 0.0
71.8 0.0
71.9 0.0
72.0 0.0
72.1 0.0
72.2 0.0
72.3 0.0
72.4 0.0
72.5 0.0
72.6 0.0
72.7 0.0
72.8 0.0
72.9 0.0
73.0 0.0
73.1 0.0
73.2 0.0
73.3 0.0
73.4 0.0
73.5 0.0
73.6 0.0
73.7 0.0
73.8 0.0
73.9 0.0
74.0 0.0
74.1 0.0
74.2 0.0
74.3 0.0
74.4 0.0
74.5 0.0
74.6 0.0
74.7 0.0
74.8 0.0
74.9 0.0
75.0 0.0
75.1 0.0
75.2 0.0
75.3 0.0
75.4 0.0
75.5 0.0
75.6 0.0
75.7 0.0
75.8 0.0
75.9 0.0
76.0 0.0
76.1 0.0
76.2 0.0
76.3 0.0
76.4 0.0
76.5 0.0
76.6 0.0
76.7 0.0
76.8 0.0
76.9 0.0
77.0 0.0
77.1 0.0
77.2 0.0
77.3 0.0
77.4 0.0
77.5 0.0
77.6 0.0
77.7 0.0
77.8 0.0
77.9 0.0
78.0 0.0
78.1 0.0
78.2 0.0
78.3 0.0
78.4 0.0
78.5 0.0
78.6 0.0
78.7 0.0
78.8 0.0
78.9 0.0
79.0 0.0
79.1 0.0
79.2 0.0
79.3 0.0
79.4 0.0
79.5 0.0
79.6 0.0
79.7 0.0
79.8 0.0
79.9 0.0
80.0 0.0
80.1 0.0
80.2 0.0
80.3 0.0
80.4 0.0
80.5 0.0
80.6 0.0
80.7 0.0
80.8 0.0
80.9 0.0
81.0 0.0
81.1 0.0
81.2 0.0
81.3 0.0
81.4 0.0
81.5 0.0
81.6 0.0
81.7 0.0
81.8 0.0
81.9 0.0
82.0 0.0
82.1 0.0
82.2 0.0
82.3 0.0
82.4 0.0
82.5 0.0
82.6 0.0
82.7 0.0
82.8 0.0
82.9 0.0
83.0 0.0
83.1 0.0
83.2 0.0
83.3 0.0
83.4 0.0
83.5 0.0
83.6 0.0
83.7 0.0
83.8 0.0
83.9 0.0
84.0 0.0
84.1 0.0
84.2 0.0
84.3 0.0
84.4 0.0
84.5 0.0
84.6 0.0
84.7 0.0
84.8 0.0
84.9 0.0
85.0 0.0
85.1 0.0
85.2 0.0
85.3 0.0
85.4 0.0
85.5 0.0
85.6 0.0
85.7 0.0
85.8 0.0
85.9 0.0
86.0 0.0
86.1 0.0
86.2 0.0
86.3 0.0
86.4 0.0
86.5 0.0
86.6 0.0
86.7 0.0
86.8 0.0
86.9 0.0
87.0 0.0
87.1 0.0
87.2 0.0
87.3 0.0
87.4 0.0
87.5 0.0
87.6 0.0
87.7 0.0
87.8 0.0
87.9 0.0
88.0 0.0
88.1 0.0
88.2 0.0
88.3 0.0
88.4 0.0
88.5 0.0
88.6 0.0
88.7 0.0
88.8 0.0
88.9 0.0
89.0 0.0
89.1 0.0
89.2 0.0
89.3 0.0
89.4 0.0
89.5 0.0
89.6 0.0
89.7 0.0
89.8 0.0
89.9 0.0
90.0 0.0
90.1 0.0
90.2 0.0
90.3 0.0
90.4 0.0
90.5 0.0
90.6 0.0
90.7 0.0
90.8 0.0
90.9 0.0
91.0 0.0
91.1 0.0
91.2 0.0
91.3 0.0
91.4 0.0
91.5 0.0
91.6 0.0
91.7 0.0
91.8 0.0
91.9 0.0
92.0 0.0
92.1 0.0
92.2 0.0
92.3 0.0
92.4 0.0
92.5 0.0
92.6 0.0
92.7 0.0
92.8 0.0
92.9 0.0
93.0 0.0
93.1 0.0
93.2 0.0
93.3 0.0
93.4 0.0
93.5 0.0
93.6 0.0
93.7 0.0
93.8 0.0
93.9 0.0
94.0 0.0
94.1 0.0
94.2 0.0
94.3 0.0
94.4 0.0
94.5 0.0
94.6 0.0
94.7 0.0
94.8 0.0
94.9 0.0
95.0 0.0
95.1 0.0
95.2 0.0
95.3 0.0
95.4 0.0
95.5 0.0
95.6 0.0
95.7 0.0
95.8 0.0
95.9 0.0
96.0 0.0
96.1 0.0
96.2 0.0
96.3 0.0
96.4 0.0
96.5 0.0
96.6 0.0
96.7 0.0
96.8 0.0
96.9 0.0
97.0 0.0
97.1 0.0
97.2 0.0
97.3 0.0
97.4 0.0
97.5 0.0
97.6 0.0
97.7 0.0
97.8 0.0
97.9 0.0
98.0 0.0
98.1 0.0
98.2 0.0
98.3 0.0
98.4 0.0
98.5 0.0
98.6 0.0
98.7 0.0
98.8 0.0
98.9 0.0
99.0 0.0
99.1 0.0
99.2 0.0
99.3 0.0
99.4 0.0
99.5 0.0
99.6 0.0
99.7 0.0
99.8 0.0
99.9 0.0
100.0 0.0
100.1 0.0
100.2 0.0
100.3 0.0
100.4 0.0
100.5 0.0
100.6 0.0
100.7 0.0
100.8 0.0
100.9 0.0
101.0 0.0
101.1 0.0
101.2 0.0
101.3 0.0
101.4 0.0
101.5 0.0
101.6 0.0
101.7 0.0
101.8 0.0
101.9 0.0
102.0 0.0
102.1 0.0
102.2 0.0
102.3 0.0
