0.0 0.0241766877043
0.09465 0.452319852147
0.1893 0.850542374151
0.28395 1.15474204949
0.3786 1.31809551068
0.47325 1.3268284583
0.5679 1.20211266214
0.66255 0.988167161942
0.7572 0.732546402183
0.85185 0.467359718835
0.9465 0.2003993403
1.04115 -0.0794662826538
1.1358 -0.385775941085
1.23045 -0.714662556616
1.3251 -1.0313340453
1.41975 -1.27135129627
1.5144 -1.35893710031
1.60905 -1.23497091442
1.7037 -0.879013049643
1.79835 -0.313915529679
1.893 0.40221529045
1.98765 1.18460736696
2.0823 1.92632190433
2.17695 2.50140568523
2.2716 2.76966878463
2.36625 2.58843524237
2.4609 1.84063586858
2.55555 0.480592162989
2.6502 -1.41816563967
2.74485 -3.63647899839
2.8395 -5.81887459297
2.93415 -7.51973397373
3.0288 -8.2809298021
3.12345 -7.73261968194
3.2181 -5.70412325661
3.31275 -2.31812115148
3.4074 1.97433901252
3.50205 6.45360424278
3.5967 10.2844062125
3.69135 12.7179065124
3.786 13.2782453436
3.88065 11.8764556235
3.9753 8.82017870687
4.06995 4.72005414731
4.1646 0.32348713778
4.25925 -3.67301374062
4.3539 -6.77628728925
4.44855 -8.77043440742
4.5432 -9.69784346784
4.63785 -9.767555579
4.7325 -9.23551327753
4.82715 -8.30488208652
4.9218 -7.07992163387
5.01645 -5.58077446147
5.1111 -3.79890549089
5.20575 -1.75770613132
5.3004 0.452322053457
5.39505 2.67572556547
5.4897 4.7245161588
5.58435 6.42316440924
5.679 7.64718251591
5.77365 8.34190425625
5.8683 8.51713667628
5.96295 8.22305563894
6.0576 7.52043794057
6.15225 6.4601754622
6.2469 5.081537429
6.34155 3.42839708483
6.4362 1.57283080819
6.53085 -0.368924662255
6.6255 -2.24036106631
6.72015 -3.87126546955
6.8148 -5.11822629937
6.90945 -5.90299621427
7.0041 -6.23299597936
7.09875 -6.19552225886
7.1934 -5.9273302909
7.28805 -5.56981481726
7.3827 -5.22476704842
7.47735 -4.92540806165
7.572 -4.63231300645
7.66665 -4.25536496773
7.7613 -3.69325027311
7.85595 -2.87540033012
7.9506 -1.79077548125
8.04525 -0.493666430405
8.1399 0.913519615385
8.23455 2.31141213825
8.3292 3.59545891605
8.42385 4.6966954294
8.5185 5.58563222241
8.61315 6.26057006839
8.7078 6.72764569081
8.80245 6.98241557273
8.8971 7.00119597386
8.99175 6.74582706751
9.0864 6.17974710015
9.18105 5.28833592366
9.2757 4.09452370161
9.37035 2.66291229616
9.465 1.09096297543
9.55965 -0.508775992108
9.6543 -2.02827584529
9.74895 -3.37882400215
9.8436 -4.49799373878
9.93825 -5.34991016371
10.0329 -5.92210163626
10.12755 -6.22181836787
10.2222 -6.27277223571
10.31685 -6.11144565744
10.4115 -5.78150646343
10.50615 -5.32570775656
10.6008 -4.77666102406
10.69545 -4.14987293384
10.7901 -3.44283963755
10.88475 -2.64204738535
10.9794 -1.73618853248
11.07405 -0.73062752762
11.1687 0.343116901929
11.26335 1.42760286689
11.358 2.45025500747
11.45265 3.34085155613
11.5473 4.04869806824
11.64195 4.55270877108
11.7366 4.8610557268
11.83125 5.00175193355
11.9259 5.0091521178
12.02055 4.91234300194
12.1152 4.72956577349
12.20985 4.46925540705
12.3045 4.13491616343
12.39915 3.72964492949
12.4938 3.25728425835
12.58845 2.7200710664
12.6831 2.11542614898
12.77775 1.43553652613
12.8724 0.671969609706
12.96705 -0.175546193873
13.0617 -1.09005160257
13.15635 -2.03295000427
13.251 -2.94755232754
13.34565 -3.77020317724
13.4403 -4.44485937288
13.53495 -4.93514389995
13.6296 -5.2289993846
13.72425 -5.33459755004
13.8189 -5.27032750462
13.91355 -5.05435079579
14.0082 -4.69901433114
14.10285 -4.21249287163
14.1975 -3.60595424465
14.29215 -2.90147747197
14.3868 -2.13551924865
14.48145 -1.35510707354
14.5761 -0.607845810677
14.67075 0.0698276038377
14.7654 0.660680758459
14.86005 1.16735992122
14.9547 1.6056979212
15.04935 1.99420642954
15.144 2.3449199382
15.23865 2.65966451889
15.3333 2.93269960093
15.42795 3.15725893861
15.5226 3.33163047009
15.61725 3.46101187415
15.7119 3.55403756078
15.80655 3.61606704142
15.9012 3.6432778714
15.99585 3.62126243171
16.0905 3.52940736029
16.18515 3.34918664799
16.2798 3.07234549379
16.37445 2.7049449801
16.4691 2.2653523268
16.56375 1.77733664333
16.6584 1.26182220422
16.75305 0.731329502421
16.8477 0.189525855099
16.94235 -0.364448034978
17.037 -0.929605420784
17.13165 -1.49822141474
17.2263 -2.05482728961
17.32095 -2.57919301376
17.4156 -3.05125094838
17.51025 -3.45509876951
17.6049 -3.78011068592
17.69955 -4.0191697311
17.7942 -4.1658908069
17.88885 -4.21332001929
17.9835 -4.15560153181
18.07815 -3.99208371608
18.1728 -3.73149504848
18.26745 -3.39328894167
18.3621 -3.00444198044
18.45675 -2.59232258057
18.5514 -2.17647859041
18.64605 -1.76307736092
18.7407 -1.34471841497
18.83535 -0.905886012337
18.93 -0.4316539875
19.02465 0.0842424368632
19.1193 0.635435268423
19.21395 1.20442754624
19.3086 1.76828131286
19.40325 2.30532898719
19.4979 2.79958668995
19.59255 3.24108868564
19.6872 3.62271040614
19.78185 3.93592668003
19.8765 4.16839042368
19.97115 4.30505148195
20.0658 4.33246409523
20.16045 4.24410850974
20.2551 4.04395199803
20.34975 3.74637716943
20.4444 3.37247372154
20.53905 2.94449030593
20.6337 2.48102305857
20.72835 1.99491576941
20.823 1.49426586959
20.91765 0.985284160211
21.0123 0.474947053154
21.10695 -0.0281986938924
21.2016 -0.515382214802
21.29625 -0.979978332991
21.3909 -1.41909478738
21.48555 -1.83303298528
21.5802 -2.22259852683
21.67485 -2.5856318448
21.7695 -2.91476638264
21.86415 -3.19790103358
21.9588 -3.42145558487
22.05345 -3.57494098851
22.1481 -3.65458149011
22.24275 -3.66413490502
22.3374 -3.61247325241
22.43205 -3.50915661108
22.5267 -3.36026197332
22.62135 -3.16656357652
22.716 -2.92489292602
22.81065 -2.63181955757
22.9053 -2.28759306336
22.99995 -1.89821115644
23.0946 -1.47455612781
23.18925 -1.02917936164
23.2839 -0.572616588909
23.37855 -0.11137272729
23.4732 0.351222905024
23.56785 0.811723775443
23.6625 1.26271693355
23.75715 1.69076760313
23.8518 2.07771270456
23.94645 2.4051795517
24.0411 2.66049390517
24.13575 2.84127770332
24.2304 2.95647931759
24.32505 3.0231307174
24.4197 3.06003888587
24.51435 3.08097715729
24.609 3.09011758202
24.70365 3.0813949398
24.7983 3.04175467517
24.89295 2.95664099287
24.9876 2.81533557403
25.08225 2.61412037677
25.1769 2.35643323321
25.27155 2.05057967393
25.3662 1.70650302126
25.46085 1.33323066985
25.5555 0.937970802502
25.65015 0.526842799156
25.7448 0.106408152678
25.83945 -0.315105776627
25.9341 -0.727673764691
26.02875 -1.1205390698
26.1234 -1.48393516171
26.21805 -1.81061689923
26.3127 -2.09650470526
26.40735 -2.34021839402
26.502 -2.541806797
26.59665 -2.7013098126
26.6913 -2.81779805539
26.78595 -2.88926650121
26.8806 -2.91337123069
26.97525 -2.88866829471
27.0699 -2.81585177233
27.16455 -2.69851295018
27.2592 -2.54310673458
27.35385 -2.35804832515
27.4485 -2.15211810778
27.54315 -1.93258212105
27.6378 -1.7035887001
27.73245 -1.46541483219
27.8271 -1.21495491242
27.92175 -0.947473471117
28.0164 -0.659177395069
28.11105 -0.349777875695
28.2057 -0.0240960235042
28.30035 0.307977290167
28.395 0.633281047996
28.48965 0.938317313876
28.5843 1.21236097648
28.67895 1.44967862709
28.7736 1.6498662517
28.86825 1.81642776436
28.9629 1.95428616808
29.05755 2.06734121024
29.1522 2.15708189145
29.24685 2.22270418616
29.3415 2.26244498623
29.43615 2.27527954436
29.5308 2.26201009626
29.62545 2.2251453959
29.7201 2.16763782683
29.81475 2.09116491564
29.9094 1.99490181945
30.00405 1.87550327717
30.0987 1.72841870155
30.19335 1.55000667677
30.288 1.33952417308
30.38265 1.10012794778
30.4773 0.838495459216
30.57195 0.563304710028
30.6666 0.283293699049
30.76125 0.0057299608304
30.8559 -0.264165200419
30.95055 -0.522804089937
31.0452 -0.767267379863
31.13985 -0.994426567083
31.2345 -1.20065967996
31.32915 -1.38228956588
31.4238 -1.53646358253
31.51845 -1.66195498447
31.6131 -1.75940593806
31.70775 -1.83081419009
31.8024 -1.87844165218
31.89705 -1.90361179464
31.9917 -1.9059351862
32.08635 -1.88333649631
32.181 -1.83293490688
32.27565 -1.75249378311
32.3703 -1.64193612992
32.46495 -1.50439000638
32.5596 -1.34637506089
32.65425 -1.17700154936
32.7489 -1.00633936819
32.84355 -0.84335104721
32.9382 -0.693919202433
33.03285 -0.559508863387
33.1275 -0.436879398664
33.22215 -0.319011434361
33.3168 -0.197085600302
33.41145 -0.0630256541522
33.5061 0.0880928986403
33.60075 0.256471439947
33.6954 0.437321337768
33.79005 0.621955950828
33.8847 0.799851512554
33.97935 0.960983806644
34.074 1.0977089655
34.16865 1.20569500957
34.2633 1.28381720205
34.35795 1.33332345893
34.4526 1.35678659976
34.54725 1.35731069714
34.6419 1.33819851505
34.73655 1.30296490213
34.8312 1.25536965284
34.92585 1.19915222618
35.0205 1.13737092026
35.11515 1.07155743711
35.2098 1.00111883046
35.30445 0.923415441285
35.3991 0.834690785728
35.49375 0.731634596896
35.5884 0.613014907901
35.68305 0.480701583293
35.7777 0.339601137882
35.87235 0.196460457673
35.967 0.0579823223067
36.06165 -0.0709966194847
36.1563 -0.188532784533
36.25095 -0.295416632342
36.3456 -0.393949342114
36.44025 -0.486228518487
36.5349 -0.572706138324
36.62955 -0.651632311133
36.7242 -0.719586809757
36.81885 -0.772818573045
36.9135 -0.80877620947
37.00815 -0.827160454096
37.1028 -0.830070341608
37.19745 -0.821227378045
37.2921 -0.804656479324
37.38675 -0.783407651717
37.4814 -0.758839786022
37.57605 -0.730701426049
37.6707 -0.697873671859
37.76535 -0.659357665405
37.86 -0.615015367761
37.95465 -0.56572861347
38.0493 -0.512943050783
38.14395 -0.457863957179
38.2386 -0.400731834134
38.33325 -0.340560226463
38.4279 -0.275497335296
38.52255 -0.203685305718
38.6172 -0.124268362331
38.71185 -0.0381373619498
38.8065 0.0518884258606
38.90115 0.14151115863
38.9958 0.225861504972
39.09045 0.300532471003
39.1851 0.362394745861
39.27975 0.409966127132
39.3744 0.443296432327
39.46905 0.463506185916
39.5637 0.47221400474
39.65835 0.471076810413
39.753 0.461569370733
39.84765 0.444999488303
39.9423 0.422653129728
40.03695 0.395929578872
40.1316 0.366363611385
40.22625 0.335509902333
40.3209 0.304740182102
40.41555 0.27504105361
40.5102 0.246890004736
40.60485 0.220244880467
40.6995 0.194636357985
40.79415 0.169326801944
40.8888 0.143497969034
40.98345 0.116443146145
41.0781 0.0877490354301
41.17275 0.0574486756115
41.2674 0.0261126660412
41.36205 -0.00516322236903
41.4567 -0.034904950108
41.55135 -0.0615365990036
41.646 -0.0837312338444
41.74065 -0.100739416831
41.8353 -0.112587595726
41.92995 -0.120069548143
42.0246 -0.12451958186
42.11925 -0.127432260963
42.2139 -0.130049321596
42.30855 -0.133046355412
42.4032 -0.13641400686
42.49785 -0.139556300294
42.5925 -0.141552297267
42.68715 -0.141477518751
42.7818 -0.138676193325
42.87645 -0.132911418665
42.9711 -0.124376866923
43.06575 -0.113603498178
43.1604 -0.101318174449
43.25505 -0.0883046309736
43.3497 -0.0752929571467
43.44435 -0.0628800001415
43.539 -0.051473396965
43.63365 -0.0412577219592
43.7283 -0.0321928982188
43.82295 -0.0240594559529
43.9176 -0.0165548842796
44.01225 -0.00942325782884
44.1069 -0.00257844378023
44.20155 0.00382674745956
44.2962 0.00941963865805
44.39085 0.0137176751245
44.4855 0.0162955118089
44.58015 0.0169502232091
44.6748 0.0158036116574
44.76945 0.0133031674022
44.8641 0.0101210029142
44.95875 0.00698711676828
45.0534 0.00451458537293
45.14805 0.00307223930958
45.2427 0.00273797912243
45.33735 0.00333431936161
45.432 0.00452067958389
45.52665 0.00590412240765
45.6213 0.00713376436756
45.71595 0.00795878798696
45.8106 0.0082472229423
45.90525 0.00797504413303
45.9999 0.00719957123454
46.09455 0.00602905240746
46.1892 0.00459542783479
46.28385 0.00303298779483
46.3785 0.0014633714461
46.47315 -1.34005832538e-05
46.5678 -0.00132258658911
46.66245 -0.00241452609304
46.7571 -0.00326274033304
46.85175 -0.00386241327884
46.9464 -0.00423011223564
47.04105 -0.00440374956184
47.1357 -0.00444045713461
47.23035 -0.00441027535096
47.325 -0.00438548088354
47.41965 -0.00438548088354
47.5143 -0.00438548088354
47.60895 -0.00438548088354
47.7036 -0.00438548088354
47.79825 -0.00438548088354
47.8929 -0.00438548088354
47.98755 -0.00438548088354
48.0822 -0.00438548088354
48.17685 -0.00438548088354
48.2715 -0.00438548088354
48.36615 -0.00438548088354
48.4608 -0.00438548088354
48.55545 -0.00438548088354
48.6501 -0.00438548088354
48.74475 -0.00438548088354
48.8394 -0.00438548088354
48.93405 -0.00438548088354
49.0287 -0.00438548088354
49.12335 -0.00438548088354
49.218 -0.00438548088354
49.31265 -0.00438548088354
49.4073 -0.00438548088354
49.50195 -0.00438548088354
49.5966 -0.00438548088354
49.69125 -0.00438548088354
49.7859 -0.00438548088354
49.88055 -0.00438548088354
49.9752 -0.00438548088354
50.06985 -0.00438548088354
50.1645 -0.00438548088354
50.25915 -0.00438548088354
50.3538 -0.00438548088354
50.44845 -0.00438548088354
50.5431 -0.00438548088354
50.63775 -0.00438548088354
50.7324 -0.00438548088354
50.82705 -0.00438548088354
50.9217 -0.00438548088354
51.01635 -0.00438548088354
51.111 -0.00438548088354
51.20565 -0.00438548088354
51.3003 -0.00438548088354
51.39495 -0.00438548088354
51.4896 -0.00438548088354
51.58425 -0.00438548088354
51.6789 -0.00438548088354
51.77355 -0.00438548088354
51.8682 -0.00438548088354
51.96285 -0.00438548088354
52.0575 -0.00438548088354
52.15215 -0.00438548088354
52.2468 -0.00438548088354
52.34145 -0.00438548088354
52.4361 -0.00438548088354
52.53075 -0.00438548088354
52.6254 -0.00438548088354
52.72005 -0.00438548088354
52.8147 -0.00438548088354
52.90935 -0.00438548088354
53.004 -0.00438548088354
53.09865 -0.00438548088354
53.1933 -0.00438548088354
53.28795 -0.00438548088354
53.3826 -0.00438548088354
53.47725 -0.00438548088354
53.5719 -0.00438548088354
53.66655 -0.00438548088354
53.7612 -0.00438548088354
53.85585 -0.00438548088354
53.9505 -0.00438548088354
54.04515 -0.00438548088354
54.1398 -0.00438548088354
54.23445 -0.00438548088354
54.3291 -0.00438548088354
54.42375 -0.00438548088354
54.5184 -0.00438548088354
54.61305 -0.00438548088354
54.7077 -0.00438548088354
54.80235 -0.00438548088354
54.897 -0.00438548088354
54.99165 -0.00438548088354
55.0863 -0.00438548088354
55.18095 -0.00438548088354
55.2756 -0.00438548088354
55.37025 -0.00438548088354
55.4649 -0.00438548088354
55.55955 -0.00438548088354
55.6542 -0.00438548088354
55.74885 -0.00438548088354
55.8435 -0.00438548088354
55.93815 -0.00438548088354
56.0328 -0.00438548088354
56.12745 -0.00438548088354
56.2221 -0.00438548088354
56.31675 -0.00438548088354
56.4114 -0.00438548088354
56.50605 -0.00438548088354
56.6007 -0.00438548088354
56.69535 -0.00438548088354
56.79 -0.00438548088354
56.88465 -0.00438548088354
56.9793 -0.00438548088354
57.07395 -0.00438548088354
57.1686 -0.00438548088354
57.26325 -0.00438548088354
57.3579 -0.00438548088354
57.45255 -0.00438548088354
57.5472 -0.00438548088354
57.64185 -0.00438548088354
57.7365 -0.00438548088354
57.83115 -0.00438548088354
57.9258 -0.00438548088354
58.02045 -0.00438548088354
58.1151 -0.00438548088354
58.20975 -0.00438548088354
58.3044 -0.00438548088354
58.39905 -0.00438548088354
58.4937 -0.00438548088354
58.58835 -0.00438548088354
58.683 -0.00438548088354
58.77765 -0.00438548088354
58.8723 -0.00438548088354
58.96695 -0.00438548088354
59.0616 -0.00438548088354
59.15625 -0.00438548088354
59.2509 -0.00438548088354
59.34555 -0.00438548088354
59.4402 -0.00438548088354
59.53485 -0.00438548088354
59.6295 -0.00438548088354
59.72415 -0.00438548088354
59.8188 -0.00438548088354
59.91345 -0.00438548088354
60.0081 -0.00438548088354
60.10275 -0.00438548088354
60.1974 -0.00438548088354
60.29205 -0.00438548088354
60.3867 -0.00438548088354
60.48135 -0.00438548088354
60.576 -0.00438548088354
60.67065 -0.00438548088354
60.7653 -0.00438548088354
60.85995 -0.00438548088354
60.9546 -0.00438548088354
61.04925 -0.00438548088354
61.1439 -0.00438548088354
61.23855 -0.00438548088354
61.3332 -0.00438548088354
61.42785 -0.00438548088354
61.5225 -0.00438548088354
61.61715 -0.00438548088354
61.7118 -0.00438548088354
61.80645 -0.00438548088354
61.9011 -0.00438548088354
61.99575 -0.00438548088354
62.0904 -0.00438548088354
62.18505 -0.00438548088354
62.2797 -0.00438548088354
62.37435 -0.00438548088354
62.469 -0.00438548088354
62.56365 -0.00438548088354
62.6583 -0.00438548088354
62.75295 -0.00438548088354
62.8476 -0.00438548088354
62.94225 -0.00438548088354
63.0369 -0.00438548088354
63.13155 -0.00438548088354
63.2262 -0.00438548088354
63.32085 -0.00438548088354
63.4155 -0.00438548088354
63.51015 -0.00438548088354
63.6048 -0.00438548088354
63.69945 -0.00438548088354
63.7941 -0.00438548088354
63.88875 -0.00438548088354
63.9834 -0.00438548088354
64.07805 -0.00438548088354
64.1727 -0.00438548088354
64.26735 -0.00438548088354
64.362 -0.00438548088354
64.45665 -0.00438548088354
64.5513 -0.00438548088354
64.64595 -0.00438548088354
64.7406 -0.00438548088354
64.83525 -0.00438548088354
64.9299 -0.00438548088354
65.02455 -0.00438548088354
65.1192 -0.00438548088354
65.21385 -0.00438548088354
65.3085 -0.00438548088354
65.40315 -0.00438548088354
65.4978 -0.00438548088354
65.59245 -0.00438548088354
65.6871 -0.00438548088354
65.78175 -0.00438548088354
65.8764 -0.00438548088354
65.97105 -0.00438548088354
66.0657 -0.00438548088354
66.16035 -0.00438548088354
66.255 -0.00438548088354
66.34965 -0.00438548088354
66.4443 -0.00438548088354
66.53895 -0.00438548088354
66.6336 -0.00438548088354
66.72825 -0.00438548088354
66.8229 -0.00438548088354
66.91755 -0.00438548088354
67.0122 -0.00438548088354
67.10685 -0.00438548088354
67.2015 -0.00438548088354
67.29615 -0.00438548088354
67.3908 -0.00438548088354
67.48545 -0.00438548088354
67.5801 -0.00438548088354
67.67475 -0.00438548088354
67.7694 -0.00438548088354
67.86405 -0.00438548088354
67.9587 -0.00438548088354
68.05335 -0.00438548088354
68.148 -0.00438548088354
68.24265 -0.00438548088354
68.3373 -0.00438548088354
68.43195 -0.00438548088354
68.5266 -0.00438548088354
68.62125 -0.00438548088354
68.7159 -0.00438548088354
68.81055 -0.00438548088354
68.9052 -0.00438548088354
68.99985 -0.00438548088354
69.0945 -0.00438548088354
69.18915 -0.00438548088354
69.2838 -0.00438548088354
69.37845 -0.00438548088354
69.4731 -0.00438548088354
69.56775 -0.00438548088354
69.6624 -0.00438548088354
69.75705 -0.00438548088354
69.8517 -0.00438548088354
69.94635 -0.00438548088354
70.041 -0.00438548088354
70.13565 -0.00438548088354
70.2303 -0.00438548088354
70.32495 -0.00438548088354
70.4196 -0.00438548088354
70.51425 -0.00438548088354
70.6089 -0.00438548088354
70.70355 -0.00438548088354
70.7982 -0.00438548088354
70.89285 -0.00438548088354
70.9875 -0.00438548088354
71.08215 -0.00438548088354
71.1768 -0.00438548088354
71.27145 -0.00438548088354
71.3661 -0.00438548088354
71.46075 -0.00438548088354
71.5554 -0.00438548088354
71.65005 -0.00438548088354
71.7447 -0.00438548088354
71.83935 -0.00438548088354
71.934 -0.00438548088354
72.02865 -0.00438548088354
72.1233 -0.00438548088354
72.21795 -0.00438548088354
72.3126 -0.00438548088354
72.40725 -0.00438548088354
72.5019 -0.00438548088354
72.59655 -0.00438548088354
72.6912 -0.00438548088354
72.78585 -0.00438548088354
72.8805 -0.00438548088354
72.97515 -0.00438548088354
73.0698 -0.00438548088354
73.16445 -0.00438548088354
73.2591 -0.00438548088354
73.35375 -0.00438548088354
73.4484 -0.00438548088354
73.54305 -0.00438548088354
73.6377 -0.00438548088354
73.73235 -0.00438548088354
73.827 -0.00438548088354
73.92165 -0.00438548088354
74.0163 -0.00438548088354
74.11095 -0.00438548088354
74.2056 -0.00438548088354
74.30025 -0.00438548088354
74.3949 -0.00438548088354
74.48955 -0.00438548088354
74.5842 -0.00438548088354
74.67885 -0.00438548088354
74.7735 -0.00438548088354
74.86815 -0.00438548088354
74.9628 -0.00438548088354
75.05745 -0.00438548088354
75.1521 -0.00438548088354
75.24675 -0.00438548088354
75.3414 -0.00438548088354
75.43605 -0.00438548088354
75.5307 -0.00438548088354
75.62535 -0.00438548088354
75.72 -0.00438548088354
75.81465 -0.00438548088354
75.9093 -0.00438548088354
76.00395 -0.00438548088354
76.0986 -0.00438548088354
76.19325 -0.00438548088354
76.2879 -0.00438548088354
76.38255 -0.00438548088354
76.4772 -0.00438548088354
76.57185 -0.00438548088354
76.6665 -0.00438548088354
76.76115 -0.00438548088354
76.8558 -0.00438548088354
76.95045 -0.00438548088354
77.0451 -0.00438548088354
77.13975 -0.00438548088354
77.2344 -0.00438548088354
77.32905 -0.00438548088354
77.4237 -0.00438548088354
77.51835 -0.00438548088354
77.613 -0.00438548088354
77.70765 -0.00438548088354
77.8023 -0.00438548088354
77.89695 -0.00438548088354
77.9916 -0.00438548088354
78.08625 -0.00438548088354
78.1809 -0.00438548088354
78.27555 -0.00438548088354
78.3702 -0.00438548088354
78.46485 -0.00438548088354
78.5595 -0.00438548088354
78.65415 -0.00438548088354
78.7488 -0.00438548088354
78.84345 -0.00438548088354
78.9381 -0.00438548088354
79.03275 -0.00438548088354
79.1274 -0.00438548088354
79.22205 -0.00438548088354
79.3167 -0.00438548088354
79.41135 -0.00438548088354
79.506 -0.00438548088354
79.60065 -0.00438548088354
79.6953 -0.00438548088354
79.78995 -0.00438548088354
79.8846 -0.00438548088354
79.97925 -0.00438548088354
80.0739 -0.00438548088354
80.16855 -0.00438548088354
80.2632 -0.00438548088354
80.35785 -0.00438548088354
80.4525 -0.00438548088354
80.54715 -0.00438548088354
80.6418 -0.00438548088354
80.73645 -0.00438548088354
80.8311 -0.00438548088354
80.92575 -0.00438548088354
81.0204 -0.00438548088354
81.11505 -0.00438548088354
81.2097 -0.00438548088354
81.30435 -0.00438548088354
81.399 -0.00438548088354
81.49365 -0.00438548088354
81.5883 -0.00438548088354
81.68295 -0.00438548088354
81.7776 -0.00438548088354
81.87225 -0.00438548088354
81.9669 -0.00438548088354
82.06155 -0.00438548088354
82.1562 -0.00438548088354
82.25085 -0.00438548088354
82.3455 -0.00438548088354
82.44015 -0.00438548088354
82.5348 -0.00438548088354
82.62945 -0.00438548088354
82.7241 -0.00438548088354
82.81875 -0.00438548088354
82.9134 -0.00438548088354
83.00805 -0.00438548088354
83.1027 -0.00438548088354
83.19735 -0.00438548088354
83.292 -0.00438548088354
83.38665 -0.00438548088354
83.4813 -0.00438548088354
83.57595 -0.00438548088354
83.6706 -0.00438548088354
83.76525 -0.00438548088354
83.8599 -0.00438548088354
83.95455 -0.00438548088354
84.0492 -0.00438548088354
84.14385 -0.00438548088354
84.2385 -0.00438548088354
84.33315 -0.00438548088354
84.4278 -0.00438548088354
84.52245 -0.00438548088354
84.6171 -0.00438548088354
84.71175 -0.00438548088354
84.8064 -0.00438548088354
84.90105 -0.00438548088354
84.9957 -0.00438548088354
85.09035 -0.00438548088354
85.185 -0.00438548088354
85.27965 -0.00438548088354
85.3743 -0.00438548088354
85.46895 -0.00438548088354
85.5636 -0.00438548088354
85.65825 -0.00438548088354
85.7529 -0.00438548088354
85.84755 -0.00438548088354
85.9422 -0.00438548088354
86.03685 -0.00438548088354
86.1315 -0.00438548088354
86.22615 -0.00438548088354
86.3208 -0.00438548088354
86.41545 -0.00438548088354
86.5101 -0.00438548088354
86.60475 -0.00438548088354
86.6994 -0.00438548088354
86.79405 -0.00438548088354
86.8887 -0.00438548088354
86.98335 -0.00438548088354
87.078 -0.00438548088354
87.17265 -0.00438548088354
87.2673 -0.00438548088354
87.36195 -0.00438548088354
87.4566 -0.00438548088354
87.55125 -0.00438548088354
87.6459 -0.00438548088354
87.74055 -0.00438548088354
87.8352 -0.00438548088354
87.92985 -0.00438548088354
88.0245 -0.00438548088354
88.11915 -0.00438548088354
88.2138 -0.00438548088354
88.30845 -0.00438548088354
88.4031 -0.00438548088354
88.49775 -0.00438548088354
88.5924 -0.00438548088354
88.68705 -0.00438548088354
88.7817 -0.00438548088354
88.87635 -0.00438548088354
88.971 -0.00438548088354
89.06565 -0.00438548088354
89.1603 -0.00438548088354
89.25495 -0.00438548088354
89.3496 -0.00438548088354
89.44425 -0.00438548088354
89.5389 -0.00438548088354
89.63355 -0.00438548088354
89.7282 -0.00438548088354
89.82285 -0.00438548088354
89.9175 -0.00438548088354
90.01215 -0.00438548088354
90.1068 -0.00438548088354
90.20145 -0.00438548088354
90.2961 -0.00438548088354
90.39075 -0.00438548088354
90.4854 -0.00438548088354
90.58005 -0.00438548088354
90.6747 -0.00438548088354
90.76935 -0.00438548088354
90.864 -0.00438548088354
90.95865 -0.00438548088354
91.0533 -0.00438548088354
91.14795 -0.00438548088354
91.2426 -0.00438548088354
91.33725 -0.00438548088354
91.4319 -0.00438548088354
91.52655 -0.00438548088354
91.6212 -0.00438548088354
91.71585 -0.00438548088354
91.8105 -0.00438548088354
91.90515 -0.00438548088354
91.9998 -0.00438548088354
92.09445 -0.00438548088354
92.1891 -0.00438548088354
92.28375 -0.00438548088354
92.3784 -0.00438548088354
92.47305 -0.00438548088354
92.5677 -0.00438548088354
92.66235 -0.00438548088354
92.757 -0.00438548088354
92.85165 -0.00438548088354
92.9463 -0.00438548088354
93.04095 -0.00438548088354
93.1356 -0.00438548088354
93.23025 -0.00438548088354
93.3249 -0.00438548088354
93.41955 -0.00438548088354
93.5142 -0.00438548088354
93.60885 -0.00438548088354
93.7035 -0.00438548088354
93.79815 -0.00438548088354
93.8928 -0.00438548088354
93.98745 -0.00438548088354
94.0821 -0.00438548088354
94.17675 -0.00438548088354
94.2714 -0.00438548088354
94.36605 -0.00438548088354
94.4607 -0.00438548088354
94.55535 -0.00438548088354
94.65 -0.00438548088354
94.74465 -0.00438548088354
94.8393 -0.00438548088354
94.93395 -0.00438548088354
95.0286 -0.00438548088354
95.12325 -0.00438548088354
95.2179 -0.00438548088354
95.31255 -0.00438548088354
95.4072 -0.00438548088354
95.50185 -0.00438548088354
95.5965 -0.00438548088354
95.69115 -0.00438548088354
95.7858 -0.00438548088354
95.88045 -0.00438548088354
95.9751 -0.00438548088354
96.06975 -0.00438548088354
96.1644 -0.00438548088354
96.25905 -0.00438548088354
96.3537 -0.00438548088354
96.44835 -0.00438548088354
96.543 -0.00438548088354
96.63765 -0.00438548088354
96.7323 -0.00438548088354
96.82695 -0.00438548088354
