0.0 -0.00508173937683
0.1 -0.027454282382
0.2 -0.0640010565268
0.3 -0.104938120569
0.4 -0.128427710654
0.5 -0.106664779563
0.6 -0.0187064461302
0.7 0.135380902673
0.8 0.326726409269
0.9 0.501952053503
1.0 0.599738141666
1.1 0.573291769855
1.2 0.408482228927
1.3 0.128931067859
1.4 -0.213981195824
1.5 -0.560012554396
1.6 -0.856883245504
1.7 -1.06595267049
1.8 -1.15571313478
1.9 -1.0916011293
2.0 -0.835061700323
2.1 -0.359777894489
2.2 0.319312614092
2.3 1.11977473558
2.4 1.88580815599
2.5 2.41197538443
2.6 2.49240521401
2.7 1.98047470458
2.8 0.840664108817
2.9 -0.821008619327
3.0 -2.75346520009
3.1 -4.58449798926
3.2 -5.87326078606
3.3 -6.19349946736
3.4 -5.24315080138
3.5 -2.95913784723
3.6 0.402594605247
3.7 4.26703584517
3.8 7.8458793145
3.9 10.3343537045
4.0 11.1408083545
4.1 10.0669472462
4.2 7.36736353462
4.3 3.66115854753
4.4 -0.271962794551
4.5 -3.73094928098
4.6 -6.27538559386
4.7 -7.78719594486
4.8 -8.40597356047
4.9 -8.38702002726
5.0 -7.95746137636
5.1 -7.23303852591
5.2 -6.21783733303
5.3 -4.86584298003
5.4 -3.15899111474
5.5 -1.15949068458
5.6 0.983245446353
5.7 3.06507915063
5.8 4.87798943371
5.9 6.25737504895
6.0 7.111775321
6.1 7.42987781981
6.2 7.26597416049
6.3 6.70970262231
6.4 5.85068903418
6.5 4.7522273272
6.6 3.44647928769
6.7 1.95445372584
6.8 0.320258387782
6.9 -1.36129716087
7.0 -2.94394656707
7.1 -4.26270720934
7.2 -5.18716095204
7.3 -5.66839169609
7.4 -5.75364585109
7.5 -5.55898755533
7.6 -5.21263415656
7.7 -4.79737297703
7.8 -4.32064051204
7.9 -3.72581773556
8.0 -2.93686160108
8.1 -1.91225723448
8.2 -0.681342999098
8.3 0.653409558057
8.4 1.94720160033
8.5 3.06079797067
8.6 3.90355701421
8.7 4.45423625966
8.8 4.75369718444
8.9 4.875944733
9.0 4.8917333995
9.1 4.8398027076
9.2 4.71552057447
9.3 4.47844021802
9.4 4.07281250278
9.5 3.45136393103
9.6 2.59360041
9.7 1.51423682114
9.8 0.262333614561
9.9 -1.08532537405
10.0 -2.43324908322
10.1 -3.6775147632
10.2 -4.71804659662
10.3 -5.47321546604
10.4 -5.89442178795
10.5 -5.97560234038
10.6 -5.75249601682
10.7 -5.29008376546
10.8 -4.66224858437
10.9 -3.93191652748
11.0 -3.13982318505
11.1 -2.30540608246
11.2 -1.43695071961
11.3 -0.543903868904
11.4 0.355476391609
11.5 1.23394067696
11.6 2.06053131437
11.7 2.80677239826
11.8 3.4500626417
11.9 3.97357115443
12.0 4.36465151082
12.1 4.61440741107
12.2 4.71950737784
12.3 4.68507558944
12.4 4.52614296124
12.5 4.26551826592
12.6 3.92769576301
12.7 3.53057017655
12.8 3.07827988463
12.9 2.55876903731
13.0 1.94838304135
13.1 1.22319595358
13.2 0.3736170513
13.3 -0.583490380567
13.4 -1.60096226855
13.5 -2.60861499872
13.6 -3.5295696072
13.7 -4.29899620918
13.8 -4.87719443538
13.9 -5.25173674793
14.0 -5.42917059261
14.1 -5.42223154466
14.2 -5.24040348884
14.3 -4.88885636125
14.4 -4.37512744308
14.5 -3.71800964424
14.6 -2.95200304669
14.7 -2.12384976672
14.8 -1.28281504525
14.9 -0.470091320868
15.0 0.287230670488
15.1 0.975434483224
15.2 1.5886693208
15.3 2.12300309426
15.4 2.57373672425
15.5 2.93687892271
15.6 3.21279152505
15.7 3.40881394975
15.8 3.53859497298
15.9 3.61799727448
16.0 3.65938973902
16.1 3.66692457668
16.2 3.63486485622
16.3 3.54967304202
16.4 3.39506851683
16.5 3.15815790939
16.6 2.83437467523
16.7 2.42946718376
16.8 1.95800922588
16.9 1.43938813352
17.0 0.893236737616
17.1 0.336246988516
17.2 -0.218759861537
17.3 -0.762048048424
17.4 -1.28582872367
17.5 -1.78381872596
17.6 -2.25142334084
17.7 -2.6855013271
17.8 -3.0827335829
17.9 -3.43677039586
18.0 -3.73570980103
18.1 -3.96190704708
18.2 -4.09510318445
18.3 -4.11795117426
18.4 -4.02149286837
18.5 -3.80806051667
18.6 -3.49049382941
18.7 -3.08849662237
18.8 -2.62413938828
18.9 -2.11832132418
19.0 -1.58884439521
19.1 -1.0496452418
19.2 -0.510468840887
19.3 0.0231750061986
19.4 0.549277242785
19.5 1.06731321941
19.6 1.57519439195
19.7 2.06636200528
19.8 2.52850072827
19.9 2.94470554894
20.0 3.29673354609
20.1 3.56899752273
20.2 3.75177608568
20.3 3.84268722545
20.4 3.84628715847
20.5 3.77220095453
20.6 3.63234260571
20.7 3.43778744493
20.8 3.19598264867
20.9 2.90917333011
21.0 2.57484401655
21.1 2.18835702122
21.2 1.7469620061
21.3 1.25353051366
21.4 0.718335884054
21.5 0.158091862765
21.6 -0.407203128097
21.7 -0.958089527042
21.8 -1.47853323178
21.9 -1.95702781867
22.0 -2.38607852066
22.1 -2.76087107764
22.2 -3.07794161738
22.3 -3.33427714471
22.4 -3.52690173956
22.5 -3.6528710563
22.6 -3.70962203511
22.7 -3.69558736363
22.8 -3.61081690179
22.9 -3.45722737435
23.0 -3.2382584506
23.1 -2.95814925032
23.2 -2.62145034138
23.3 -2.23335658913
23.4 -1.80087814417
23.5 -1.33411164557
23.6 -0.84652291426
23.7 -0.353572895093
23.8 0.129982976071
23.9 0.592877709028
24.0 1.02877881416
24.1 1.43569287045
24.2 1.81375181924
24.3 2.16259779268
24.4 2.47957728938
24.5 2.75928248189
24.6 2.99420897923
24.7 3.1759623847
24.8 3.2966201614
24.9 3.35017452795
25.0 3.33401538405
25.1 3.25008159481
25.2 3.10497686311
25.3 2.9084921716
25.4 2.67073467931
25.5 2.39902236088
25.6 2.09616320149
25.7 1.76123505085
25.8 1.39268832411
25.9 0.992254828715
26.0 0.56759897599
26.1 0.132256799702
26.2 -0.297175773954
26.3 -0.705245741283
26.4 -1.08126557193
26.5 -1.42081906531
26.6 -1.7247533516
26.7 -1.99643413838
26.8 -2.23867136472
26.9 -2.45160612271
27.0 -2.63218501526
27.1 -2.77504743383
27.2 -2.87410186379
27.3 -2.92396755399
27.4 -2.92077117996
27.5 -2.86229359828
27.6 -2.74786557722
27.7 -2.57848715112
27.8 -2.35735720833
27.9 -2.09054032256
28.0 -1.78718912829
28.1 -1.45883218473
28.2 -1.11772007974
28.3 -0.774803653016
28.4 -0.438203379307
28.5 -0.112801009936
28.6 0.199025462012
28.7 0.496094150138
28.8 0.777298178554
28.9 1.04112751957
29.0 1.28576182897
29.1 1.50931520484
29.2 1.70987695584
29.3 1.88534885529
29.4 2.03338063626
29.5 2.15167293166
29.6 2.23857733424
29.7 2.29358350896
29.8 2.31726501159
29.9 2.31061463829
30.0 2.27416876909
30.1 2.20738582272
30.2 2.10907367881
30.3 1.97840681292
30.4 1.8157296248
30.5 1.62303350041
30.6 1.40378543731
30.7 1.16233915151
30.8 0.903316782245
30.9 0.631199015624
31.0 0.350117134435
31.1 0.0637609005713
31.2 -0.224548891756
31.3 -0.511433691844
31.4 -0.792599682227
31.5 -1.06186694081
31.6 -1.3107835054
31.7 -1.52948611682
31.8 -1.70886357241
31.9 -1.84320652654
32.0 -1.931990693
32.1 -1.97970518001
32.2 -1.99364989296
32.3 -1.98078673837
32.4 -1.94528242279
32.5 -1.88794200761
32.6 -1.80757417087
32.7 -1.7032026316
32.8 -1.57566010685
32.9 -1.42767130714
33.0 -1.26261978371
33.1 -1.08305947053
33.2 -0.890132754002
33.3 -0.684386093004
33.4 -0.467517085148
33.5 -0.243963328364
33.6 -0.0213066220902
33.7 0.190878650364
33.8 0.383280187039
33.9 0.5492192425
34.0 0.686146835502
34.1 0.795728336953
34.2 0.882623083711
34.3 0.952584732508
34.4 1.01069645984
34.5 1.06037306868
34.6 1.10332704101
34.7 1.1402234745
34.8 1.17146316158
34.9 1.19756345183
35.0 1.21891890524
35.1 1.23513082135
35.2 1.24435961626
35.3 1.24313384153
35.4 1.22678421189
35.5 1.19034865991
35.6 1.12961472755
35.7 1.0420003585
35.8 0.927133224161
35.9 0.787114341344
36.0 0.626459740305
36.1 0.451660600565
36.2 0.270319431179
36.3 0.0899762999232
36.4 -0.0830458936804
36.5 -0.244354535709
36.6 -0.391491008042
36.7 -0.523308172562
36.8 -0.639135205738
36.9 -0.738225947219
37.0 -0.819758719313
37.1 -0.883271792669
37.2 -0.929140378929
37.3 -0.958704408523
37.4 -0.973912389161
37.5 -0.976659397818
37.6 -0.968160320844
37.7 -0.948641122419
37.8 -0.917439257397
37.9 -0.873429367912
38.0 -0.815618963348
38.1 -0.743767591688
38.2 -0.658896073222
38.3 -0.563535617919
38.4 -0.461566339432
38.5 -0.357585002
38.6 -0.255934089791
38.7 -0.159726436764
38.8 -0.0702706424769
38.9 0.012838567725
39.0 0.0910004934757
39.1 0.165588954253
39.2 0.237085137673
39.3 0.30470450148
39.4 0.366596095363
39.5 0.420433676085
39.6 0.464093686733
39.7 0.496156968887
39.8 0.516114535249
39.9 0.524303767976
40.0 0.521682536133
40.1 0.509556111761
40.2 0.489337178259
40.3 0.462378745015
40.4 0.42989045056
40.5 0.392929398673
40.6 0.352442038371
40.7 0.309324215429
40.8 0.264467229707
40.9 0.218770180465
41.0 0.173117663493
41.1 0.128337808883
41.2 0.0851620017787
41.3 0.0442035260863
41.4 0.00596152597671
41.5 -0.0291556804864
41.6 -0.0608029624769
41.7 -0.0886834351157
41.8 -0.112556501889
41.9 -0.132265982395
42.0 -0.147772543417
42.1 -0.159170183827
42.2 -0.166674290793
42.3 -0.170584553446
42.4 -0.171239608098
42.5 -0.168982749017
42.6 -0.164148406356
42.7 -0.15706504138
42.8 -0.148061825854
42.9 -0.137468802081
43.0 -0.125609489731
43.1 -0.112792705605
43.2 -0.0993106901357
43.3 -0.0854443362615
43.4 -0.071469541854
43.5 -0.0576573020008
43.6 -0.0442649946633
43.7 -0.0315231695495
43.8 -0.0196255982573
43.9 -0.00872801980065
44.0 0.00104505396654
44.1 0.00959155250378
44.2 0.0168285177433
44.3 0.0226983774737
44.4 0.0271831634539
44.5 0.0303199318203
44.6 0.0322088481764
44.7 0.0330077585531
44.8 0.0329125255419
44.9 0.0321284723633
45.0 0.0308420650739
45.1 0.0292016067019
45.2 0.0273114766782
45.3 0.0252386945744
45.4 0.0230263898888
45.5 0.0207079421481
45.6 0.0183176460171
45.7 0.0158966508424
45.8 0.013494668777
45.9 0.0111681284703
46.0 0.00897511840912
46.1 0.00696782186031
46.2 0.00518433272594
46.3 0.00364274291462
46.4 0.00234004416448
46.5 0.00125649294744
46.6 0.000363659764389
46.7 -0.000367116921427
46.8 -0.000958900872683
46.9 -0.00142730942752
47.0 -0.00178204140992
47.1 -0.00203000603572
47.2 -0.00217827212971
47.3 -0.00223583914468
47.4 -0.00221411694057
47.5 -0.00212651072774
47.6 -0.00198757608553
47.7 -0.00181205201926
47.8 -0.00161393034
47.9 -0.00140566564069
48.0 -0.00119762678948
48.1 -0.000997862719713
48.2 -0.000812178344971
48.3 -0.000644427298898
48.4 -0.000496881301827
48.5 -0.000370557131807
48.6 -0.000265452275929
48.7 -0.000180712425971
48.8 -0.000114786646179
48.9 -6.56092497766e-05
49.0 -3.08049446608e-05
49.1 -7.88238079558e-06
49.2 5.61738288212e-06
49.3 1.2023961565e-05
49.4 1.34723824332e-05
49.5 1.18451657744e-05
49.6 8.71430094873e-06
49.7 5.29522468254e-06
49.8 2.42985347063e-06
49.9 6.05096518288e-07
50.0 0.0
50.1 0.0
50.2 0.0
50.3 0.0
50.4 0.0
50.5 0.0
50.6 0.0
50.7 0.0
50.8 0.0
50.9 0.0
51.0 0.0
51.1 0.0
51.2 0.0
51.3 0.0
51.4 0.0
51.5 0.0
51.6 0.0
51.7 0.0
51.8 0.0
51.9 0.0
52.0 0.0
52.1 0.0
52.2 0.0
52.3 0.0
52.4 0.0
52.5 0.0
52.6 0.0
52.7 0.0
52.8 0.0
52.9 0.0
53.0 0.0
53.1 0.0
53.2 0.0
53.3 0.0
53.4 0.0
53.5 0.0
53.6 0.0
53.7 0.0
53.8 0.0
53.9 0.0
54.0 0.0
54.1 0.0
54.2 0.0
54.3 0.0
54.4 0.0
54.5 0.0
54.6 0.0
54.7 0.0
54.8 0.0
54.9 0.0
55.0 0.0
55.1 0.0
55.2 0.0
55.3 0.0
55.4 0.0
55.5 0.0
55.6 0.0
55.7 0.0
55.8 0.0
55.9 0.0
56.0 0.0
56.1 0.0
56.2 0.0
56.3 0.0
56.4 0.0
56.5 0.0
56.6 0.0
56.7 0.0
56.8 0.0
56.9 0.0
57.0 0.0
57.1 0.0
57.2 0.0
57.3 0.0
57.4 0.0
57.5 0.0
57.6 0.0
57.7 0.0
57.8 0.0
57.9 0.0
58.0 0.0
58.1 0.0
58.2 0.0
58.3 0.0
58.4 0.0
58.5 0.0
58.6 0.0
58.7 0.0
58.8 0.0
58.9 0.0
59.0 0.0
59.1 0.0
59.2 0.0
59.3 0.0
59.4 0.0
59.5 0.0
59.6 0.0
59.7 0.0
59.8 0.0
59.9 0.0
60.0 0.0
60.1 0.0
60.2 0.0
60.3 0.0
60.4 0.0
60.5 0.0
60.6 0.0
60.7 0.0
60.8 0.0
60.9 0.0
61.0 0.0
61.1 0.0
61.2 0.0
61.3 0.0
61.4 0.0
61.5 0.0
61.6 0.0
61.7 0.0
61.8 0.0
61.9 0.0
62.0 0.0
62.1 0.0
62.2 0.0
62.3 0.0
62.4 0.0
62.5 0.0
62.6 0.0
62.7 0.0
62.8 0.0
62.9 0.0
63.0 0.0
63.1 0.0
63.2 0.0
63.3 0.0
63.4 0.0
63.5 0.0
63.6 0.0
63.7 0.0
63.8 0.0
63.9 0.0
64.0 0.0
64.1 0.0
64.2 0.0
64.3 0.0
64.4 0.0
64.5 0.0
64.6 0.0
64.7 0.0
64.8 0.0
64.9 0.0
65.0 0.0
65.1 0.0
65.2 0.0
65.3 0.0
65.4 0.0
65.5 0.0
65.6 0.0
65.7 0.0
65.8 0.0
65.9 0.0
66.0 0.0
66.1 0.0
66.2 0.0
66.3 0.0
66.4 0.0
66.5 0.0
66.6 0.0
66.7 0.0
66.8 0.0
66.9 0.0
67.0 0.0
67.1 0.0
67.2 0.0
67.3 0.0
67.4 0.0
67.5 0.0
67.6 0.0
67.7 0.0
67.8 0.0
67.9 0.0
68.0 0.0
68.1 0.0
68.2 0.0
68.3 0.0
68.4 0.0
68.5 0.0
68.6 0.0
68.7 0.0
68.8 0.0
68.9 0.0
69.0 0.0
69.1 0.0
69.2 0.0
69.3 0.0
69.4 0.0
69.5 0.0
69.6 0.0
69.7 0.0
69.8 0.0
69.9 0.0
70.0 0.0
70.1 0.0
70.2 0.0
70.3 0.0
70.4 0.0
70.5 0.0
70.6 0.0
70.7 0.0
70.8 0.0
70.9 0.0
71.0 0.0
71.1 0.0
71.2 0.0
71.3 0.0
71.4 0.0
71.5 0.0
71.6 0.0
71.7 0.0
71.8 0.0
71.9 0.0
72.0 0.0
72.1 0.0
72.2 0.0
72.3 0.0
72.4 0.0
72.5 0.0
72.6 0.0
72.7 0.0
72.8 0.0
72.9 0.0
73.0 0.0
73.1 0.0
73.2 0.0
73.3 0.0
73.4 0.0
73.5 0.0
73.6 0.0
73.7 0.0
73.8 0.0
73.9 0.0
74.0 0.0
74.1 0.0
74.2 0.0
74.3 0.0
74.4 0.0
74.5 0.0
74.6 0.0
74.7 0.0
74.8 0.0
74.9 0.0
75.0 0.0
75.1 0.0
75.2 0.0
75.3 0.0
75.4 0.0
75.5 0.0
75.6 0.0
75.7 0.0
75.8 0.0
75.9 0.0
76.0 0.0
76.1 0.0
76.2 0.0
76.3 0.0
76.4 0.0
76.5 0.0
76.6 0.0
76.7 0.0
76.8 0.0
76.9 0.0
77.0 0.0
77.1 0.0
77.2 0.0
77.3 0.0
77.4 0.0
77.5 0.0
77.6 0.0
77.7 0.0
77.8 0.0
77.9 0.0
78.0 0.0
78.1 0.0
78.2 0.0
78.3 0.0
78.4 0.0
78.5 0.0
78.6 0.0
78.7 0.0
78.8 0.0
78.9 0.0
79.0 0.0
79.1 0.0
79.2 0.0
79.3 0.0
79.4 0.0
79.5 0.0
79.6 0.0
79.7 0.0
79.8 0.0
79.9 0.0
80.0 0.0
80.1 0.0
80.2 0.0
80.3 0.0
80.4 0.0
80.5 0.0
80.6 0.0
80.7 0.0
80.8 0.0
80.9 0.0
81.0 0.0
81.1 0.0
81.2 0.0
81.3 0.0
81.4 0.0
81.5 0.0
81.6 0.0
81.7 0.0
81.8 0.0
81.9 0.0
82.0 0.0
82.1 0.0
82.2 0.0
82.3 0.0
82.4 0.0
82.5 0.0
82.6 0.0
82.7 0.0
82.8 0.0
82.9 0.0
83.0 0.0
83.1 0.0
83.2 0.0
83.3 0.0
83.4 0.0
83.5 0.0
83.6 0.0
83.7 0.0
83.8 0.0
83.9 0.0
84.0 0.0
84.1 0.0
84.2 0.0
84.3 0.0
84.4 0.0
84.5 0.0
84.6 0.0
84.7 0.0
84.8 0.0
84.9 0.0
85.0 0.0
85.1 0.0
85.2 0.0
85.3 0.0
85.4 0.0
85.5 0.0
85.6 0.0
85.7 0.0
85.8 0.0
85.9 0.0
86.0 0.0
86.1 0.0
86.2 0.0
86.3 0.0
86.4 0.0
86.5 0.0
86.6 0.0
86.7 0.0
86.8 0.0
86.9 0.0
87.0 0.0
87.1 0.0
87.2 0.0
87.3 0.0
87.4 0.0
87.5 0.0
87.6 0.0
87.7 0.0
87.8 0.0
87.9 0.0
88.0 0.0
88.1 0.0
88.2 0.0
88.3 0.0
88.4 0.0
88.5 0.0
88.6 0.0
88.7 0.0
88.8 0.0
88.9 0.0
89.0 0.0
89.1 0.0
89.2 0.0
89.3 0.0
89.4 0.0
89.5 0.0
89.6 0.0
89.7 0.0
89.8 0.0
89.9 0.0
90.0 0.0
90.1 0.0
90.2 0.0
90.3 0.0
90.4 0.0
90.5 0.0
90.6 0.0
90.7 0.0
90.8 0.0
90.9 0.0
91.0 0.0
91.1 0.0
91.2 0.0
91.3 0.0
91.4 0.0
91.5 0.0
91.6 0.0
91.7 0.0
91.8 0.0
91.9 0.0
92.0 0.0
92.1 0.0
92.2 0.0
92.3 0.0
92.4 0.0
92.5 0.0
92.6 0.0
92.7 0.0
92.8 0.0
92.9 0.0
93.0 0.0
93.1 0.0
93.2 0.0
93.3 0.0
93.4 0.0
93.5 0.0
93.6 0.0
93.7 0.0
93.8 0.0
93.9 0.0
94.0 0.0
94.1 0.0
94.2 0.0
94.3 0.0
94.4 0.0
94.5 0.0
94.6 0.0
94.7 0.0
94.8 0.0
94.9 0.0
95.0 0.0
95.1 0.0
95.2 0.0
95.3 0.0
95.4 0.0
95.5 0.0
95.6 0.0
95.7 0.0
95.8 0.0
95.9 0.0
96.0 0.0
96.1 0.0
96.2 0.0
96.3 0.0
96.4 0.0
96.5 0.0
96.6 0.0
96.7 0.0
96.8 0.0
96.9 0.0
97.0 0.0
97.1 0.0
97.2 0.0
97.3 0.0
97.4 0.0
97.5 0.0
97.6 0.0
97.7 0.0
97.8 0.0
97.9 0.0
98.0 0.0
98.1 0.0
98.2 0.0
98.3 0.0
98.4 0.0
98.5 0.0
98.6 0.0
98.7 0.0
98.8 0.0
98.9 0.0
99.0 0.0
99.1 0.0
99.2 0.0
99.3 0.0
99.4 0.0
99.5 0.0
99.6 0.0
99.7 0.0
99.8 0.0
99.9 0.0
100.0 0.0
100.1 0.0
100.2 0.0
100.3 0.0
100.4 0.0
100.5 0.0
100.6 0.0
100.7 0.0
100.8 0.0
100.9 0.0
101.0 0.0
101.1 0.0
101.2 0.0
101.3 0.0
101.4 0.0
101.5 0.0
101.6 0.0
101.7 0.0
101.8 0.0
101.9 0.0
102.0 0.0
102.1 0.0
102.2 0.0
102.3 0.0
