0.0 -0.00253789239263
0.1 -0.0170776911093
0.2 -0.0393510040076
0.3 -0.0614054286697
0.4 -0.0676815265814
0.5 -0.0400816074937
0.6 0.0326896796387
0.7 0.145701407226
0.8 0.273723679155
0.9 0.376145221273
1.0 0.410252947977
1.1 0.347572032899
1.2 0.185576600487
1.3 -0.0511458660595
1.4 -0.320699465147
1.5 -0.578834013674
1.6 -0.79012003709
1.7 -0.9288468544
1.8 -0.970324529112
1.9 -0.881133910202
2.0 -0.619937716114
2.1 -0.155361159159
2.2 0.50375122008
2.3 1.28061977991
2.4 2.02262095755
2.5 2.52332469144
2.6 2.5720672688
2.7 2.01705683678
2.8 0.822640575195
2.9 -0.896087330084
3.0 -2.87059133937
3.1 -4.71015874422
3.2 -5.9653630345
3.3 -6.21935872651
3.4 -5.19628332483
3.5 -2.8642512108
3.6 0.501235841622
3.7 4.32861182878
3.8 7.85414195446
3.9 10.3033556563
4.0 11.0999552106
4.1 10.0322849007
4.2 7.31505363574
4.3 3.51960026694
4.4 -0.603545187924
4.5 -4.34290221218
4.6 -7.20324104365
4.7 -8.98137389285
4.8 -9.72793122235
4.9 -9.63268397284
5.0 -8.8987412782
5.1 -7.66434968565
5.2 -5.99694915701
5.3 -3.94318679712
5.4 -1.59251641496
5.5 0.887974658185
5.6 3.26775105041
5.7 5.30703135022
5.8 6.82190758141
5.9 7.72884095811
6.0 8.05011553114
6.1 7.88143495404
6.2 7.33911623319
6.3 6.51122860111
6.4 5.43338754412
6.5 4.09829161865
6.6 2.49317435438
6.7 0.646754503225
6.8 -1.33782738879
6.9 -3.28241485792
7.0 -4.96984232955
7.1 -6.2036834857
7.2 -6.86685721736
7.3 -6.95368808461
7.4 -6.56185953883
7.5 -5.84915800328
7.6 -4.97552442572
7.7 -4.05581981602
7.8 -3.14099524314
7.9 -2.22998645441
8.0 -1.30023240305
8.1 -0.338448787737
8.2 0.642841050876
8.3 1.60719009944
8.4 2.5084756381
8.5 3.30671370854
8.6 3.97675019427
8.7 4.50740057958
8.8 4.89454883818
8.9 5.13400753993
9.0 5.21815505174
9.1 5.13665874096
9.2 4.87885831237
9.3 4.4352645774
9.4 3.79770021351
9.5 2.96000110694
9.6 1.92198397905
9.7 0.697797278431
9.8 -0.673397541994
9.9 -2.11936055869
10.0 -3.53501640134
10.1 -4.794424949
10.2 -5.77324744255
10.3 -6.37544776441
10.4 -6.5550860064
10.5 -6.32509623061
10.6 -5.74982837983
10.7 -4.92474873145
10.8 -3.95177095523
10.9 -2.91957609055
11.0 -1.89455263345
11.1 -0.921875198419
11.2 -0.031365529682
11.3 0.758098137289
11.4 1.43861695978
11.5 2.0159276064
11.6 2.50989690684
11.7 2.94899916345
11.8 3.35902911417
11.9 3.75072634572
12.0 4.11265792295
12.1 4.41340775561
12.2 4.61224290505
12.3 4.67297606742
12.4 4.57435906156
12.5 4.31269028039
12.6 3.89685158875
12.7 3.34003983376
12.8 2.65383818089
12.9 1.84841471047
13.0 0.938733070056
13.1 -0.0471074601066
13.2 -1.06292168539
13.3 -2.04705114303
13.4 -2.93302918643
13.5 -3.66457822949
13.6 -4.20862161239
13.7 -4.56045251546
13.8 -4.73868833279
13.9 -4.77251777944
14.0 -4.68750593568
14.1 -4.4967809481
14.2 -4.20137128768
14.3 -3.79841940659
14.4 -3.2917998311
14.5 -2.69871413399
14.6 -2.04860664192
14.7 -1.37548057412
14.8 -0.708470732037
14.9 -0.0661065392683
15.0 0.543073685953
15.1 1.11505548681
15.2 1.64434329706
15.3 2.1215180261
15.4 2.53559592446
15.5 2.87899472097
15.6 3.15120268604
15.7 3.35825845843
15.8 3.50804305689
15.9 3.604175147
16.0 3.64222697982
16.1 3.61059335761
16.2 3.49565048845
16.3 3.28851096381
16.4 2.98998968053
16.5 2.61154288078
16.6 2.17210881005
16.7 1.69273282418
16.8 1.19166337527
16.9 0.682018255903
17.0 0.172590386795
17.1 -0.329284086554
17.2 -0.814833571291
17.3 -1.27281189221
17.4 -1.69101939658
17.5 -2.05953651398
17.6 -2.3737361171
17.7 -2.63516402773
17.8 -2.84954354085
17.9 -3.02281892059
18.0 -3.15731268594
18.1 -3.25000669524
18.2 -3.29369482682
18.3 -3.28008977259
18.4 -3.20295321768
18.5 -3.05957161675
18.6 -2.85018197277
18.7 -2.57635279869
18.8 -2.23990222519
18.9 -1.8433602753
19.0 -1.39173552002
19.1 -0.894333954406
19.2 -0.36527688002
19.3 0.177825411573
19.4 0.716480757589
19.5 1.23398035376
19.6 1.71704014253
19.7 2.15605587809
19.8 2.54435399766
19.9 2.87713777279
20.0 3.15065161094
20.1 3.36169119027
20.2 3.50731305852
20.3 3.58459015302
20.4 3.5904222484
20.5 3.52155091767
20.6 3.37493877162
20.7 3.14857950534
20.8 2.84268671578
20.9 2.46109249628
21.0 2.01254309639
21.1 1.51141566874
21.2 0.977311347557
21.3 0.433172186686
21.4 -0.0979193211744
21.5 -0.59644693343
21.6 -1.04943322768
21.7 -1.45155646401
21.8 -1.80399171792
21.9 -2.11151352667
22.0 -2.37910194559
22.1 -2.60937480415
22.2 -2.80162330809
22.3 -2.95240510644
22.4 -3.05700882142
22.5 -3.11093367085
22.6 -3.11080508913
22.7 -3.05461849871
22.8 -2.9415809636
22.9 -2.77194603214
23.0 -2.54711952005
23.1 -2.27006521263
23.2 -1.94579316106
23.3 -1.58158224255
23.4 -1.18664814823
23.5 -0.771225219161
23.6 -0.345383428331
23.7 0.0818557302842
23.8 0.502615725487
23.9 0.909421777432
24.0 1.29414664888
24.1 1.64750650974
24.2 1.95974576026
24.3 2.2224168653
24.4 2.43035670022
24.5 2.58265854937
24.6 2.68193337273
24.7 2.73219588911
24.8 2.73662197283
24.9 2.69655058538
25.0 2.61230031798
25.1 2.48514606329
25.2 2.318991603
25.3 2.12045709437
25.4 1.89717235105
25.5 1.65529751434
25.6 1.39783557758
25.7 1.12479057856
25.8 0.835029535269
25.9 0.528655365541
26.0 0.208489513484
26.1 -0.120019812337
26.2 -0.450063039401
26.3 -0.774826632253
26.4 -1.08801362578
26.5 -1.38339345089
26.6 -1.65405247439
26.7 -1.89224182602
26.8 -2.09023518785
26.9 -2.24181070379
27.0 -2.34346077501
27.1 -2.3945799707
27.2 -2.39657008851
27.3 -2.35153848075
27.4 -2.26153652857
27.5 -2.12890528087
27.6 -1.95751935456
27.7 -1.75405652632
27.8 -1.52829573866
27.9 -1.29194336745
28.0 -1.05631016724
28.1 -0.829825928978
28.2 -0.61650398875
28.3 -0.415988132182
28.4 -0.225008355157
28.5 -0.0393963143998
28.6 0.144358333017
28.7 0.328612105243
28.8 0.514991413911
28.9 0.704984878266
29.0 0.899860374209
29.1 1.09956190579
29.2 1.30103629239
29.3 1.49702906649
29.4 1.67636913882
29.5 1.82608542033
29.6 1.93472253514
29.7 1.99550513475
29.8 2.00796751422
29.9 1.97735549253
30.0 1.91215006171
30.1 1.8207874234
30.2 1.70933667085
30.3 1.58076708796
30.4 1.43564924533
30.5 1.27389658872
30.6 1.09634055499
30.7 0.905298672871
30.8 0.703940583622
30.9 0.49495380706
31.0 0.279412595134
31.1 0.056667184854
31.2 -0.174462860221
31.3 -0.41363273147
31.4 -0.657046990383
31.5 -0.896729891201
31.6 -1.12156678837
31.7 -1.31985335352
31.8 -1.48232623521
31.9 -1.60437664548
32.0 -1.68653130045
32.1 -1.73312428265
32.2 -1.74992166844
32.3 -1.74185216024
32.4 -1.71177117423
32.5 -1.66053505726
32.6 -1.58799601421
32.7 -1.494203354
32.8 -1.3802084465
32.9 -1.2482428165
33.0 -1.10139090522
33.1 -0.943032228052
33.2 -0.776292854188
33.3 -0.603651961603
33.4 -0.426796314794
33.5 -0.246792580399
33.6 -0.0645749804101
33.7 0.11840762285
33.8 0.299691517387
33.9 0.475754259036
34.0 0.642523872156
34.1 0.796209180892
34.2 0.933996341181
34.3 1.05421886348
34.4 1.15594027474
34.5 1.23827017393
34.6 1.29989660694
34.7 1.33914589785
34.8 1.35450600879
34.9 1.34524823946
35.0 1.31176539547
35.1 1.25549832814
35.2 1.17862833168
35.3 1.08382750934
35.4 0.974209749625
35.5 0.8533598079
35.6 0.725178700535
35.7 0.593403249164
35.8 0.460950102486
35.9 0.329462714378
36.0 0.199404694341
36.1 0.0707425563138
36.2 -0.0561062328583
36.3 -0.179567081813
36.4 -0.296828564469
36.5 -0.404430525038
36.6 -0.499215510135
36.7 -0.579185998689
36.8 -0.643904609457
36.9 -0.694325131394
37.0 -0.732196505551
37.1 -0.759325941825
37.2 -0.776990301929
37.3 -0.78568081279
37.4 -0.785213204345
37.5 -0.775090379902
37.6 -0.754917809617
37.7 -0.724678870785
37.8 -0.684779003284
37.9 -0.635912321883
38.0 -0.578905164082
38.1 -0.514679512178
38.2 -0.444360935876
38.3 -0.369416986592
38.4 -0.291661334842
38.5 -0.213042954567
38.6 -0.135301117495
38.7 -0.0596839919152
38.8 0.0130919709385
38.9 0.0826135714044
39.0 0.148416056916
39.1 0.209716616781
39.2 0.265379145735
39.3 0.314099737918
39.4 0.354681043685
39.5 0.386250758831
39.6 0.408360940757
39.7 0.420999070201
39.8 0.424573515407
39.9 0.419895821668
40.0 0.408124800144
40.1 0.390626496791
40.2 0.368755139614
40.3 0.343629216993
40.4 0.316002074805
40.5 0.286282324547
40.6 0.254677233926
40.7 0.221372098598
40.8 0.186659386651
40.9 0.150982878096
41.0 0.114918443607
41.1 0.0791340311957
41.2 0.0443523780102
41.3 0.0113096782748
41.4 -0.019305862227
41.5 -0.0469326424314
41.6 -0.07120203782
41.7 -0.0919566835187
41.8 -0.109207469038
41.9 -0.123051400611
42.0 -0.13359397474
42.1 -0.140912699402
42.2 -0.145070362466
42.3 -0.146158664896
42.4 -0.144342058538
42.5 -0.13987995072
42.6 -0.133121983514
42.7 -0.124483494171
42.8 -0.114411757547
42.9 -0.103351405305
43.0 -0.0917146351918
43.1 -0.0798602678831
43.2 -0.0680838946268
43.3 -0.0566181401583
43.4 -0.0456389534924
43.5 -0.0352734679434
43.6 -0.0256077971781
43.7 -0.0166963544009
43.8 -0.00857440309002
43.9 -0.00127201740031
44.0 0.00517626143602
44.1 0.0107318205186
44.2 0.0153632201923
44.3 0.0190624322534
44.4 0.0218568866706
44.5 0.0238106905261
44.6 0.0250148461015
44.7 0.025572002546
44.8 0.0255826899221
44.9 0.0251371788415
45.0 0.0243130322202
45.1 0.0231760612521
45.2 0.021782564013
45.3 0.0201820613239
45.4 0.0184205120752
45.5 0.0165436462186
45.6 0.0145993553191
45.7 0.012638011679
45.8 0.0107103696183
45.9 0.00886375450076
46.0 0.00713786630853
46.1 0.00556149158688
46.2 0.00415098061298
46.3 0.00291082384313
46.4 0.001836157741
46.5 0.000916526151075
46.6 0.00013981466842
46.7 -0.000504797172122
46.8 -0.00102560499666
46.9 -0.00142886411356
47.0 -0.00172032103992
47.1 -0.00190689422797
47.2 -0.00199783552892
47.3 -0.00200512079176
47.4 -0.00194312401623
47.5 -0.0018277356669
47.6 -0.00167510781874
47.7 -0.00150027359533
47.8 -0.00131597772319
47.9 -0.00113204049942
48.0 -0.000955384689135
48.1 -0.000790570602517
48.2 -0.000640494966937
48.3 -0.000506936045078
48.4 -0.000390825312622
48.5 -0.00029233156221
48.6 -0.000210918835166
48.7 -0.000145474351976
48.8 -9.44924664576e-05
48.9 -5.62458900748e-05
49.0 -2.88999233233e-05
49.1 -1.05802530816e-05
49.2 5.68260716925e-07
49.3 6.31027151022e-06
49.4 8.24525832432e-06
49.5 7.75167765996e-06
49.6 5.96125987223e-06
49.7 3.75720188757e-06
49.8 1.78353735383e-06
49.9 4.59342882374e-07
50.0 0.0
50.1 0.0
50.2 0.0
50.3 0.0
50.4 0.0
50.5 0.0
50.6 0.0
50.7 0.0
50.8 0.0
50.9 0.0
51.0 0.0
51.1 0.0
51.2 0.0
51.3 0.0
51.4 0.0
51.5 0.0
51.6 0.0
51.7 0.0
51.8 0.0
51.9 0.0
52.0 0.0
52.1 0.0
52.2 0.0
52.3 0.0
52.4 0.0
52.5 0.0
52.6 0.0
52.7 0.0
52.8 0.0
52.9 0.0
53.0 0.0
53.1 0.0
53.2 0.0
53.3 0.0
53.4 0.0
53.5 0.0
53.6 0.0
53.7 0.0
53.8 0.0
53.9 0.0
54.0 0.0
54.1 0.0
54.2 0.0
54.3 0.0
54.4 0.0
54.5 0.0
54.6 0.0
54.7 0.0
54.8 0.0
54.9 0.0
55.0 0.0
55.1 0.0
55.2 0.0
55.3 0.0
55.4 0.0
55.5 0.0
55.6 0.0
55.7 0.0
55.8 0.0
55.9 0.0
56.0 0.0
56.1 0.0
56.2 0.0
56.3 0.0
56.4 0.0
56.5 0.0
56.6 0.0
56.7 0.0
56.8 0.0
56.9 0.0
57.0 0.0
57.1 0.0
57.2 0.0
57.3 0.0
57.4 0.0
57.5 0.0
57.6 0.0
57.7 0.0
57.8 0.0
57.9 0.0
58.0 0.0
58.1 0.0
58.2 0.0
58.3 0.0
58.4 0.0
58.5 0.0
58.6 0.0
58.7 0.0
58.8 0.0
58.9 0.0
59.0 0.0
59.1 0.0
59.2 0.0
59.3 0.0
59.4 0.0
59.5 0.0
59.6 0.0
59.7 0.0
59.8 0.0
59.9 0.0
60.0 0.0
60.1 0.0
60.2 0.0
60.3 0.0
60.4 0.0
60.5 0.0
60.6 0.0
60.7 0.0
60.8 0.0
60.9 0.0
61.0 0.0
61.1 0.0
61.2 0.0
61.3 0.0
61.4 0.0
61.5 0.0
61.6 0.0
61.7 0.0
61.8 0.0
61.9 0.0
62.0 0.0
62.1 0.0
62.2 0.0
62.3 0.0
62.4 0.0
62.5 0.0
62.6 0.0
62.7 0.0
62.8 0.0
62.9 0.0
63.0 0.0
63.1 0.0
63.2 0.0
63.3 0.0
63.4 0.0
63.5 0.0
63.6 0.0
63.7 0.0
63.8 0.0
63.9 0.0
64.0 0.0
64.1 0.0
64.2 0.0
64.3 0.0
64.4 0.0
64.5 0.0
64.6 0.0
64.7 0.0
64.8 0.0
64.9 0.0
65.0 0.0
65.1 0.0
65.2 0.0
65.3 0.0
65.4 0.0
65.5 0.0
65.6 0.0
65.7 0.0
65.8 0.0
65.9 0.0
66.0 0.0
66.1 0.0
66.2 0.0
66.3 0.0
66.4 0.0
66.5 0.0
66.6 0.0
66.7 0.0
66.8 0.0
66.9 0.0
67.0 0.0
67.1 0.0
67.2 0.0
67.3 0.0
67.4 0.0
67.5 0.0
67.6 0.0
67.7 0.0
67.8 0.0
67.9 0.0
68.0 0.0
68.1 0.0
68.2 0.0
68.3 0.0
68.4 0.0
68.5 0.0
68.6 0.0
68.7 0.0
68.8 0.0
68.9 0.0
69.0 0.0
69.1 0.0
69.2 0.0
69.3 0.0
69.4 0.0
69.5 0.0
69.6 0.0
69.7 0.0
69.8 0.0
69.9 0.0
70.0 0.0
70.1 0.0
70.2 0.0
70.3 0.0
70.4 0.0
70.5 0.0
70.6 0.0
70.7 0.0
70.8 0.0
70.9 0.0
71.0 0.0
71.1 0.0
71.2 0.0
71.3 0.0
71.4 0.0
71.5 0.0
71.6 0.0
71.7 0.0
71.8 0.0
71.9 0.0
72.0 0.0
72.1 0.0
72.2 0.0
72.3 0.0
72.4 0.0
72.5 0.0
72.6 0.0
72.7 0.0
72.8 0.0
72.9 0.0
73.0 0.0
73.1 0.0
73.2 0.0
73.3 0.0
73.4 0.0
73.5 0.0
73.6 0.0
73.7 0.0
73.8 0.0
73.9 0.0
74.0 0.0
74.1 0.0
74.2 0.0
74.3 0.0
74.4 0.0
74.5 0.0
74.6 0.0
74.7 0.0
74.8 0.0
74.9 0.0
75.0 0.0
75.1 0.0
75.2 0.0
75.3 0.0
75.4 0.0
75.5 0.0
75.6 0.0
75.7 0.0
75.8 0.0
75.9 0.0
76.0 0.0
76.1 0.0
76.2 0.0
76.3 0.0
76.4 0.0
76.5 0.0
76.6 0.0
76.7 0.0
76.8 0.0
76.9 0.0
77.0 0.0
77.1 0.0
77.2 0.0
77.3 0.0
77.4 0.0
77.5 0.0
77.6 0.0
77.7 0.0
77.8 0.0
77.9 0.0
78.0 0.0
78.1 0.0
78.2 0.0
78.3 0.0
78.4 0.0
78.5 0.0
78.6 0.0
78.7 0.0
78.8 0.0
78.9 0.0
79.0 0.0
79.1 0.0
79.2 0.0
79.3 0.0
79.4 0.0
79.5 0.0
79.6 0.0
79.7 0.0
79.8 0.0
79.9 0.0
80.0 0.0
80.1 0.0
80.2 0.0
80.3 0.0
80.4 0.0
80.5 0.0
80.6 0.0
80.7 0.0
80.8 0.0
80.9 0.0
81.0 0.0
81.1 0.0
81.2 0.0
81.3 0.0
81.4 0.0
81.5 0.0
81.6 0.0
81.7 0.0
81.8 0.0
81.9 0.0
82.0 0.0
82.1 0.0
82.2 0.0
82.3 0.0
82.4 0.0
82.5 0.0
82.6 0.0
82.7 0.0
82.8 0.0
82.9 0.0
83.0 0.0
83.1 0.0
83.2 0.0
83.3 0.0
83.4 0.0
83.5 0.0
83.6 0.0
83.7 0.0
83.8 0.0
83.9 0.0
84.0 0.0
84.1 0.0
84.2 0.0
84.3 0.0
84.4 0.0
84.5 0.0
84.6 0.0
84.7 0.0
84.8 0.0
84.9 0.0
85.0 0.0
85.1 0.0
85.2 0.0
85.3 0.0
85.4 0.0
85.5 0.0
85.6 0.0
85.7 0.0
85.8 0.0
85.9 0.0
86.0 0.0
86.1 0.0
86.2 0.0
86.3 0.0
86.4 0.0
86.5 0.0
86.6 0.0
86.7 0.0
86.8 0.0
86.9 0.0
87.0 0.0
87.1 0.0
87.2 0.0
87.3 0.0
87.4 0.0
87.5 0.0
87.6 0.0
87.7 0.0
87.8 0.0
87.9 0.0
88.0 0.0
88.1 0.0
88.2 0.0
88.3 0.0
88.4 0.0
88.5 0.0
88.6 0.0
88.7 0.0
88.8 0.0
88.9 0.0
89.0 0.0
89.1 0.0
89.2 0.0
89.3 0.0
89.4 0.0
89.5 0.0
89.6 0.0
89.7 0.0
89.8 0.0
89.9 0.0
90.0 0.0
90.1 0.0
90.2 0.0
90.3 0.0
90.4 0.0
90.5 0.0
90.6 0.0
90.7 0.0
90.8 0.0
90.9 0.0
91.0 0.0
91.1 0.0
91.2 0.0
91.3 0.0
91.4 0.0
91.5 0.0
91.6 0.0
91.7 0.0
91.8 0.0
91.9 0.0
92.0 0.0
92.1 0.0
92.2 0.0
92.3 0.0
92.4 0.0
92.5 0.0
92.6 0.0
92.7 0.0
92.8 0.0
92.9 0.0
93.0 0.0
93.1 0.0
93.2 0.0
93.3 0.0
93.4 0.0
93.5 0.0
93.6 0.0
93.7 0.0
93.8 0.0
93.9 0.0
94.0 0.0
94.1 0.0
94.2 0.0
94.3 0.0
94.4 0.0
94.5 0.0
94.6 0.0
94.7 0.0
94.8 0.0
94.9 0.0
95.0 0.0
95.1 0.0
95.2 0.0
95.3 0.0
95.4 0.0
95.5 0.0
95.6 0.0
95.7 0.0
95.8 0.0
95.9 0.0
96.0 0.0
96.1 0.0
96.2 0.0
96.3 0.0
96.4 0.0
96.5 0.0
96.6 0.0
96.7 0.0
96.8 0.0
96.9 0.0
97.0 0.0
97.1 0.0
97.2 0.0
97.3 0.0
97.4 0.0
97.5 0.0
97.6 0.0
97.7 0.0
97.8 0.0
97.9 0.0
98.0 0.0
98.1 0.0
98.2 0.0
98.3 0.0
98.4 0.0
98.5 0.0
98.6 0.0
98.7 0.0
98.8 0.0
98.9 0.0
99.0 0.0
99.1 0.0
99.2 0.0
99.3 0.0
99.4 0.0
99.5 0.0
99.6 0.0
99.7 0.0
99.8 0.0
99.9 0.0
100.0 0.0
100.1 0.0
100.2 0.0
100.3 0.0
100.4 0.0
100.5 0.0
100.6 0.0
100.7 0.0
100.8 0.0
100.9 0.0
101.0 0.0
101.1 0.0
101.2 0.0
101.3 0.0
101.4 0.0
101.5 0.0
101.6 0.0
101.7 0.0
101.8 0.0
101.9 0.0
102.0 0.0
102.1 0.0
102.2 0.0
102.3 0.0
