0.0 -0.124644891815
0.09578 0.209153314187
0.19156 0.535423253065
0.28734 0.801195723574
0.38312 0.964834733819
0.4789 1.01090675509
0.57468 0.953890240459
0.67046 0.829621053915
0.76624 0.678443042236
0.86202 0.527071697574
0.9578 0.377689766582
1.05358 0.209933831183
1.14936 -0.00490279468343
1.24514 -0.283097242171
1.34092 -0.610135629409
1.4367 -0.934754726715
1.53248 -1.18071657383
1.62826 -1.27214118102
1.72404 -1.15819328632
1.81982 -0.824300008575
1.9156 -0.291245573073
2.01138 0.388659364495
2.10716 1.13424031965
2.20294 1.83807586828
2.29872 2.36948862373
2.3945 2.5811989541
2.49028 2.3292382141
2.58606 1.51125079406
2.68184 0.113630441782
2.77762 -1.75100655353
2.8734 -3.82985961524
2.96918 -5.74563570006
3.06496 -7.04587759063
3.16074 -7.28858227743
3.25652 -6.15961669926
3.3523 -3.59751721736
3.44808 0.123161431978
3.54386 4.40012955729
3.63964 8.41996426163
3.73542 11.3529565315
3.8312 12.5651311854
3.92698 11.7816281783
4.02276 9.1527556972
4.11854 5.2047019802
4.21432 0.691811788122
4.3101 -3.60255217408
4.40588 -7.05362165384
4.50166 -9.31413108514
4.59744 -10.3342875524
4.69322 -10.2910601068
4.789 -9.46733018016
4.88478 -8.13357093943
4.98056 -6.47544873034
5.07634 -4.58535611244
5.17212 -2.50474226346
5.2679 -0.283133466991
5.36368 1.98054679424
5.45946 4.13232633607
5.55524 5.99091249917
5.65102 7.3925826107
5.7468 8.23248694973
5.84258 8.48565071334
5.93836 8.20056531579
6.03414 7.46995581505
6.12992 6.39331944749
6.2257 5.049168992
6.32148 3.48942503328
6.41726 1.75665178151
6.51304 -0.0872182582385
6.60882 -1.93829936076
6.7046 -3.64965517953
6.80038 -5.05666800351
6.89616 -6.02027877838
6.99194 -6.47013855514
7.08772 -6.42909142434
7.1835 -6.00822319604
7.27928 -5.37352868997
7.37506 -4.69570301306
7.47084 -4.10036957937
7.56662 -3.63554135303
7.6624 -3.26677580183
7.75818 -2.90053486598
7.85396 -2.42576531664
7.94974 -1.75722242687
8.04552 -0.864504705012
8.1413 0.222242839833
8.23708 1.42849736278
8.33286 2.66309329759
8.42864 3.84418803434
8.52442 4.91338057345
8.6202 5.83476637142
8.71598 6.58273765552
8.81176 7.12682286145
8.90754 7.42216952092
9.00332 7.41088636837
9.0991 7.03444126181
9.19488 6.25268272567
9.29066 5.0623270341
9.38644 3.50787685814
9.48222 1.68106474345
9.578 -0.2905147821
9.67378 -2.26136302828
9.76956 -4.08716439239
9.86534 -5.64085069532
9.96112 -6.82430768338
10.0569 -7.57646948439
10.15268 -7.87849418825
10.24846 -7.75517326861
10.34424 -7.27051914851
10.44002 -6.51607865203
10.5358 -5.5929225529
10.63158 -4.59120947461
10.72736 -3.57328491701
10.82314 -2.56616899181
10.91892 -1.56643235169
11.0147 -0.555720447161
11.11048 0.479301272367
11.20626 1.53073734945
11.30204 2.56349672158
11.39782 3.52163248297
11.4936 4.34375152129
11.58938 4.98040885562
11.68516 5.40588848409
11.78094 5.61999027967
11.87672 5.64062393936
11.9725 5.49228023862
12.06828 5.1966600106
12.16406 4.76960582539
12.25984 4.22445506774
12.35562 3.57824815236
12.4514 2.85582832528
12.54718 2.0884381914
12.64296 1.30698826228
12.73874 0.53366194725
12.83452 -0.223100272689
12.9303 -0.966721297899
13.02608 -1.70382782528
13.12186 -2.43273020759
13.21764 -3.13485463237
13.31342 -3.77381569393
13.4092 -4.3031893636
13.50498 -4.67979923408
13.60076 -4.87666826706
13.69654 -4.8900524814
13.79232 -4.73794640856
13.8881 -4.451517072
13.98388 -4.06398753102
14.07966 -3.60209404514
14.17544 -3.0832787217
14.27122 -2.51848332994
14.367 -1.91760998729
14.46278 -1.29384045425
14.55856 -0.664325623077
14.65434 -0.0472988140745
14.75012 0.542130546236
14.8459 1.09462794979
14.94168 1.6060577905
15.03746 2.07418436293
15.13324 2.49491912128
15.22902 2.86065914103
15.3248 3.1619046317
15.42058 3.39120890441
15.51636 3.54692852796
15.61214 3.63420180384
15.70792 3.66215949589
15.8037 3.63865520489
15.89948 3.56543703993
15.99526 3.43665852454
16.09104 3.24188671378
16.18682 2.97225715742
16.2826 2.62657367193
16.37838 2.21404355392
16.47416 1.75209187007
16.56994 1.26036882691
16.66572 0.754167149275
16.7615 0.240809404578
16.85728 -0.279071640414
16.95306 -0.806162629084
17.04884 -1.3361144375
17.14462 -1.85589447029
17.2404 -2.34506732416
17.33618 -2.78149905533
17.43196 -3.14850851531
17.52774 -3.43964487275
17.62352 -3.65852729794
17.7193 -3.81385125824
17.81508 -3.91227720331
17.91086 -3.95303945334
18.00664 -3.92714159173
18.10242 -3.82149076586
18.1982 -3.62565939913
18.29398 -3.33760670657
18.38976 -2.96536386443
18.48554 -2.52398067394
18.58132 -2.0296563663
18.6771 -1.49447805334
18.77288 -0.924753239343
18.86866 -0.323814845996
18.96444 0.302413996867
19.06022 0.940439111478
19.156 1.56791032902
19.25178 2.15717802477
19.34756 2.68221315858
19.44334 3.12555944455
19.53912 3.48189907927
19.6349 3.75652393917
19.73068 3.95958001793
19.82646 4.09902144065
19.92224 4.17570742356
20.01802 4.18280618294
20.1138 4.10938170756
20.20958 3.94598362168
20.30536 3.68929711639
20.40114 3.34374645574
20.49692 2.91980956581
20.5927 2.43059989565
20.68848 1.88901881429
20.78426 1.30713518501
20.88004 0.697866181083
20.97582 0.0774773482796
21.0716 -0.533204199729
21.16738 -1.11031801186
21.26316 -1.63115516793
21.35894 -2.0793632898
21.45472 -2.44883018509
21.5505 -2.7444163396
21.64628 -2.97913484797
21.74206 -3.1689484768
21.83784 -3.3272656251
21.93362 -3.46107557472
22.0294 -3.56966464
22.12518 -3.64562808224
22.22096 -3.67711176643
22.31674 -3.65021420267
22.41252 -3.55108198911
22.5083 -3.36791131292
22.60408 -3.09329561527
22.69986 -2.72694860226
22.79564 -2.27806334712
22.89142 -1.76601806355
22.9872 -1.21831218279
23.08298 -0.665607081454
23.17876 -0.135132736581
23.27454 0.355229923058
23.37032 0.799814288609
23.4661 1.20369106086
23.56188 1.57736559687
23.65766 1.92984799581
23.75344 2.26302386374
23.84922 2.5696527538
23.945 2.83566388185
24.04078 3.04549669078
24.13656 3.18795657351
24.23234 3.25999670082
24.32812 3.26696025481
24.4239 3.21952318773
24.51968 3.12902434406
24.61546 3.00340104775
24.71124 2.84540082968
24.80702 2.6534849327
24.9028 2.42455383389
24.99858 2.15693016989
25.09436 1.85219179292
25.19014 1.51526523621
25.28592 1.15316653412
25.3817 0.773390370014
25.47748 0.382928392152
25.57326 -0.0116634066193
25.66904 -0.403458807232
25.76482 -0.784402586366
25.8606 -1.14535664099
25.95638 -1.4772239012
26.05216 -1.77277027203
26.14794 -2.02830492276
26.24372 -2.24435070082
26.3395 -2.42484507646
26.43528 -2.57504892853
26.53106 -2.69890402361
26.62684 -2.79682652382
26.72262 -2.86476927978
26.8184 -2.89491909219
26.91418 -2.87781544272
27.00996 -2.80519881912
27.10574 -2.67267186895
27.20152 -2.48133863457
27.2973 -2.23793284873
27.39308 -1.95343998481
27.48886 -1.64070371401
27.58464 -1.31182773761
27.68042 -0.97622326762
27.7762 -0.639883152829
27.87198 -0.305973032909
27.96776 0.0236944272695
28.06354 0.347071684101
28.15932 0.660931746097
28.2551 0.960953660031
28.35088 1.24266219048
28.44666 1.50256770844
28.54244 1.73871649131
28.63822 1.95016815952
28.734 2.13553701585
28.82978 2.29121276452
28.92556 2.41068548551
29.02134 2.48554824516
29.11712 2.50783624371
29.2129 2.47326274654
29.30868 2.38382890111
29.40446 2.24850051736
29.50024 2.08139879507
29.59602 1.89803808493
29.6918 1.71104392862
29.78758 1.52704872158
29.88336 1.3459452151
29.97914 1.16262436722
30.07492 0.970249357934
30.1707 0.763543889211
30.26648 0.540757864316
30.36226 0.303779608943
30.45804 0.0568385441005
30.55382 -0.195133538822
30.6496 -0.447446593026
30.74538 -0.695487726829
30.84116 -0.933853697966
30.93694 -1.15571232123
31.03272 -1.35324203441
31.1285 -1.51934576397
31.22428 -1.64998157337
31.32006 -1.74589535548
31.41584 -1.81262862113
31.51162 -1.85841162305
31.6074 -1.8905883587
31.70318 -1.91203020842
31.79896 -1.91915219994
31.89474 -1.90254339495
31.99052 -1.85012911801
32.0863 -1.75170423423
32.18208 -1.60310427597
32.27786 -1.40845324714
32.37364 -1.17972874726
32.46942 -0.933927939493
32.5652 -0.68894502494
32.66098 -0.459576019696
32.75676 -0.254813845555
32.85254 -0.0769923061015
32.94832 0.0773117879644
33.0441 0.215160021514
33.13988 0.344627398783
33.23566 0.472329805137
33.33144 0.601611360135
33.42722 0.731727781571
33.523 0.858173867734
33.61878 0.974063182154
33.71456 1.07217690406
33.81034 1.14704070309
33.90612 1.19630556256
34.0019 1.22091164138
34.09768 1.22398696966
34.19346 1.20899762185
34.28924 1.17805054151
34.38502 1.13122705565
34.4808 1.06735092291
34.57658 0.985863247707
34.67236 0.888843687721
34.76814 0.782026383617
34.86392 0.674054186164
34.9597 0.574045413186
35.05548 0.488422701861
35.15126 0.418429110504
35.24704 0.359561818418
35.34282 0.30334156104
35.4386 0.240772588326
35.53438 0.166040964358
35.63016 0.0788470695653
35.72594 -0.0156404366085
35.82172 -0.109157706354
35.9175 -0.193956095431
36.01328 -0.2660310419
36.10906 -0.326565077881
36.20484 -0.381017734058
36.30062 -0.436348945698
36.3964 -0.497647237199
36.49218 -0.565616000101
36.58796 -0.635914229997
36.68374 -0.700505736785
36.77952 -0.750343796839
36.8753 -0.778257197966
36.97108 -0.78095772154
37.06686 -0.759565873417
37.16264 -0.71869294281
37.25842 -0.664638360794
37.3542 -0.603477694737
37.44998 -0.539703903099
37.54576 -0.475754204836
37.64154 -0.412377055838
37.73732 -0.349513312238
37.8331 -0.287253525739
37.92888 -0.226483701492
38.02466 -0.16899238969
38.12044 -0.117018939626
38.21622 -0.0724208555232
38.312 -0.0357821897786
38.40778 -0.00583515254569
38.50356 0.0205056073195
38.59934 0.0473930686154
38.69512 0.0787523660521
38.7909 0.116863456621
38.88668 0.161364330618
38.98246 0.209120617126
39.07824 0.255101416595
39.17402 0.293994257188
39.2698 0.321958971275
39.36558 0.33782330582
39.46136 0.343228508904
39.55714 0.341668078586
39.65292 0.336839800375
39.7487 0.331032822237
39.84448 0.324255170451
39.94026 0.314475863164
40.03604 0.298859042702
40.13182 0.275430305251
40.2276 0.244431667586
40.32338 0.20876522526
40.41916 0.173321168
40.51494 0.143451040531
40.61072 0.123181487421
40.7065 0.113838837917
40.80228 0.113563723945
40.89806 0.117841257176
40.99384 0.120812303517
41.08962 0.116900415665
41.1854 0.102249062284
41.28118 0.075592596458
41.37696 0.0384028962964
41.47274 -0.00562836250343
41.56852 -0.0515574952384
41.6643 -0.0943236258017
41.76008 -0.129774364419
41.85586 -0.15536653438
41.95164 -0.1704206458
42.04742 -0.175921553983
42.1432 -0.173972469555
42.23898 -0.167097689988
42.33476 -0.157619532029
42.43054 -0.147287681386
42.52632 -0.137224680448
42.6221 -0.12811337072
42.71788 -0.120452544911
42.81366 -0.114695315051
42.90944 -0.111169549473
43.00522 -0.109820165328
43.101 -0.109936194917
43.19678 -0.110063752748
43.29256 -0.10823369695
43.38834 -0.102482014398
43.48412 -0.0914867273287
43.5799 -0.075066952003
43.67568 -0.05433028425
43.77146 -0.0313972342051
43.86724 -0.00880833382596
43.96302 0.0111531845989
44.0588 0.0269705740426
44.15458 0.0380740145176
44.25036 0.0446856324525
44.34614 0.0474622623682
44.44192 0.0471314223404
44.5377 0.0442801431014
44.63348 0.039351169309
44.72926 0.0327861633461
44.82504 0.0251884493127
44.92082 0.0173855330455
45.0166 0.010340360951
45.11238 0.00494726875073
45.20816 0.00180739692698
45.30394 0.00108314061157
45.39972 0.00248710246973
45.4955 0.00539706099287
45.59128 0.00903894034492
45.68706 0.0126656382139
45.78284 0.0156799725245
45.87862 0.0176868742378
45.9744 0.01849107076
46.07018 0.0180683457397
46.16596 0.016531588365
46.26174 0.0140981678695
46.35752 0.0110549495979
46.4533 0.00771722949329
46.54908 0.00438501081351
46.64486 0.00130656138403
46.74064 -0.00134113461575
46.83642 -0.00345281821805
46.9322 -0.00498321309314
47.02798 -0.00593429071496
47.12376 -0.0063492094678
47.21954 -0.00631205496889
47.31532 -0.00594534544092
47.4111 -0.00539685506577
47.50688 -0.00481417151516
47.60266 -0.0043147985902
47.69844 -0.00396481164489
47.79422 -0.00377604201158
47.89 -0.00372204096604
47.98578 -0.00372204096604
48.08156 -0.00372204096604
48.17734 -0.00372204096604
48.27312 -0.00372204096604
48.3689 -0.00372204096604
48.46468 -0.00372204096604
48.56046 -0.00372204096604
48.65624 -0.00372204096604
48.75202 -0.00372204096604
48.8478 -0.00372204096604
48.94358 -0.00372204096604
49.03936 -0.00372204096604
49.13514 -0.00372204096604
49.23092 -0.00372204096604
49.3267 -0.00372204096604
49.42248 -0.00372204096604
49.51826 -0.00372204096604
49.61404 -0.00372204096604
49.70982 -0.00372204096604
49.8056 -0.00372204096604
49.90138 -0.00372204096604
49.99716 -0.00372204096604
50.09294 -0.00372204096604
50.18872 -0.00372204096604
50.2845 -0.00372204096604
50.38028 -0.00372204096604
50.47606 -0.00372204096604
50.57184 -0.00372204096604
50.66762 -0.00372204096604
50.7634 -0.00372204096604
50.85918 -0.00372204096604
50.95496 -0.00372204096604
51.05074 -0.00372204096604
51.14652 -0.00372204096604
51.2423 -0.00372204096604
51.33808 -0.00372204096604
51.43386 -0.00372204096604
51.52964 -0.00372204096604
51.62542 -0.00372204096604
51.7212 -0.00372204096604
51.81698 -0.00372204096604
51.91276 -0.00372204096604
52.00854 -0.00372204096604
52.10432 -0.00372204096604
52.2001 -0.00372204096604
52.29588 -0.00372204096604
52.39166 -0.00372204096604
52.48744 -0.00372204096604
52.58322 -0.00372204096604
52.679 -0.00372204096604
52.77478 -0.00372204096604
52.87056 -0.00372204096604
52.96634 -0.00372204096604
53.06212 -0.00372204096604
53.1579 -0.00372204096604
53.25368 -0.00372204096604
53.34946 -0.00372204096604
53.44524 -0.00372204096604
53.54102 -0.00372204096604
53.6368 -0.00372204096604
53.73258 -0.00372204096604
53.82836 -0.00372204096604
53.92414 -0.00372204096604
54.01992 -0.00372204096604
54.1157 -0.00372204096604
54.21148 -0.00372204096604
54.30726 -0.00372204096604
54.40304 -0.00372204096604
54.49882 -0.00372204096604
54.5946 -0.00372204096604
54.69038 -0.00372204096604
54.78616 -0.00372204096604
54.88194 -0.00372204096604
54.97772 -0.00372204096604
55.0735 -0.00372204096604
55.16928 -0.00372204096604
55.26506 -0.00372204096604
55.36084 -0.00372204096604
55.45662 -0.00372204096604
55.5524 -0.00372204096604
55.64818 -0.00372204096604
55.74396 -0.00372204096604
55.83974 -0.00372204096604
55.93552 -0.00372204096604
56.0313 -0.00372204096604
56.12708 -0.00372204096604
56.22286 -0.00372204096604
56.31864 -0.00372204096604
56.41442 -0.00372204096604
56.5102 -0.00372204096604
56.60598 -0.00372204096604
56.70176 -0.00372204096604
56.79754 -0.00372204096604
56.89332 -0.00372204096604
56.9891 -0.00372204096604
57.08488 -0.00372204096604
57.18066 -0.00372204096604
57.27644 -0.00372204096604
57.37222 -0.00372204096604
57.468 -0.00372204096604
57.56378 -0.00372204096604
57.65956 -0.00372204096604
57.75534 -0.00372204096604
57.85112 -0.00372204096604
57.9469 -0.00372204096604
58.04268 -0.00372204096604
58.13846 -0.00372204096604
58.23424 -0.00372204096604
58.33002 -0.00372204096604
58.4258 -0.00372204096604
58.52158 -0.00372204096604
58.61736 -0.00372204096604
58.71314 -0.00372204096604
58.80892 -0.00372204096604
58.9047 -0.00372204096604
59.00048 -0.00372204096604
59.09626 -0.00372204096604
59.19204 -0.00372204096604
59.28782 -0.00372204096604
59.3836 -0.00372204096604
59.47938 -0.00372204096604
59.57516 -0.00372204096604
59.67094 -0.00372204096604
59.76672 -0.00372204096604
59.8625 -0.00372204096604
59.95828 -0.00372204096604
60.05406 -0.00372204096604
60.14984 -0.00372204096604
60.24562 -0.00372204096604
60.3414 -0.00372204096604
60.43718 -0.00372204096604
60.53296 -0.00372204096604
60.62874 -0.00372204096604
60.72452 -0.00372204096604
60.8203 -0.00372204096604
60.91608 -0.00372204096604
61.01186 -0.00372204096604
61.10764 -0.00372204096604
61.20342 -0.00372204096604
61.2992 -0.00372204096604
61.39498 -0.00372204096604
61.49076 -0.00372204096604
61.58654 -0.00372204096604
61.68232 -0.00372204096604
61.7781 -0.00372204096604
61.87388 -0.00372204096604
61.96966 -0.00372204096604
62.06544 -0.00372204096604
62.16122 -0.00372204096604
62.257 -0.00372204096604
62.35278 -0.00372204096604
62.44856 -0.00372204096604
62.54434 -0.00372204096604
62.64012 -0.00372204096604
62.7359 -0.00372204096604
62.83168 -0.00372204096604
62.92746 -0.00372204096604
63.02324 -0.00372204096604
63.11902 -0.00372204096604
63.2148 -0.00372204096604
63.31058 -0.00372204096604
63.40636 -0.00372204096604
63.50214 -0.00372204096604
63.59792 -0.00372204096604
63.6937 -0.00372204096604
63.78948 -0.00372204096604
63.88526 -0.00372204096604
63.98104 -0.00372204096604
64.07682 -0.00372204096604
64.1726 -0.00372204096604
64.26838 -0.00372204096604
64.36416 -0.00372204096604
64.45994 -0.00372204096604
64.55572 -0.00372204096604
64.6515 -0.00372204096604
64.74728 -0.00372204096604
64.84306 -0.00372204096604
64.93884 -0.00372204096604
65.03462 -0.00372204096604
65.1304 -0.00372204096604
65.22618 -0.00372204096604
65.32196 -0.00372204096604
65.41774 -0.00372204096604
65.51352 -0.00372204096604
65.6093 -0.00372204096604
65.70508 -0.00372204096604
65.80086 -0.00372204096604
65.89664 -0.00372204096604
65.99242 -0.00372204096604
66.0882 -0.00372204096604
66.18398 -0.00372204096604
66.27976 -0.00372204096604
66.37554 -0.00372204096604
66.47132 -0.00372204096604
66.5671 -0.00372204096604
66.66288 -0.00372204096604
66.75866 -0.00372204096604
66.85444 -0.00372204096604
66.95022 -0.00372204096604
67.046 -0.00372204096604
67.14178 -0.00372204096604
67.23756 -0.00372204096604
67.33334 -0.00372204096604
67.42912 -0.00372204096604
67.5249 -0.00372204096604
67.62068 -0.00372204096604
67.71646 -0.00372204096604
67.81224 -0.00372204096604
67.90802 -0.00372204096604
68.0038 -0.00372204096604
68.09958 -0.00372204096604
68.19536 -0.00372204096604
68.29114 -0.00372204096604
68.38692 -0.00372204096604
68.4827 -0.00372204096604
68.57848 -0.00372204096604
68.67426 -0.00372204096604
68.77004 -0.00372204096604
68.86582 -0.00372204096604
68.9616 -0.00372204096604
69.05738 -0.00372204096604
69.15316 -0.00372204096604
69.24894 -0.00372204096604
69.34472 -0.00372204096604
69.4405 -0.00372204096604
69.53628 -0.00372204096604
69.63206 -0.00372204096604
69.72784 -0.00372204096604
69.82362 -0.00372204096604
69.9194 -0.00372204096604
70.01518 -0.00372204096604
70.11096 -0.00372204096604
70.20674 -0.00372204096604
70.30252 -0.00372204096604
70.3983 -0.00372204096604
70.49408 -0.00372204096604
70.58986 -0.00372204096604
70.68564 -0.00372204096604
70.78142 -0.00372204096604
70.8772 -0.00372204096604
70.97298 -0.00372204096604
71.06876 -0.00372204096604
71.16454 -0.00372204096604
71.26032 -0.00372204096604
71.3561 -0.00372204096604
71.45188 -0.00372204096604
71.54766 -0.00372204096604
71.64344 -0.00372204096604
71.73922 -0.00372204096604
71.835 -0.00372204096604
71.93078 -0.00372204096604
72.02656 -0.00372204096604
72.12234 -0.00372204096604
72.21812 -0.00372204096604
72.3139 -0.00372204096604
72.40968 -0.00372204096604
72.50546 -0.00372204096604
72.60124 -0.00372204096604
72.69702 -0.00372204096604
72.7928 -0.00372204096604
72.88858 -0.00372204096604
72.98436 -0.00372204096604
73.08014 -0.00372204096604
73.17592 -0.00372204096604
73.2717 -0.00372204096604
73.36748 -0.00372204096604
73.46326 -0.00372204096604
73.55904 -0.00372204096604
73.65482 -0.00372204096604
73.7506 -0.00372204096604
73.84638 -0.00372204096604
73.94216 -0.00372204096604
74.03794 -0.00372204096604
74.13372 -0.00372204096604
74.2295 -0.00372204096604
74.32528 -0.00372204096604
74.42106 -0.00372204096604
74.51684 -0.00372204096604
74.61262 -0.00372204096604
74.7084 -0.00372204096604
74.80418 -0.00372204096604
74.89996 -0.00372204096604
74.99574 -0.00372204096604
75.09152 -0.00372204096604
75.1873 -0.00372204096604
75.28308 -0.00372204096604
75.37886 -0.00372204096604
75.47464 -0.00372204096604
75.57042 -0.00372204096604
75.6662 -0.00372204096604
75.76198 -0.00372204096604
75.85776 -0.00372204096604
75.95354 -0.00372204096604
76.04932 -0.00372204096604
76.1451 -0.00372204096604
76.24088 -0.00372204096604
76.33666 -0.00372204096604
76.43244 -0.00372204096604
76.52822 -0.00372204096604
76.624 -0.00372204096604
76.71978 -0.00372204096604
76.81556 -0.00372204096604
76.91134 -0.00372204096604
77.00712 -0.00372204096604
77.1029 -0.00372204096604
77.19868 -0.00372204096604
77.29446 -0.00372204096604
77.39024 -0.00372204096604
77.48602 -0.00372204096604
77.5818 -0.00372204096604
77.67758 -0.00372204096604
77.77336 -0.00372204096604
77.86914 -0.00372204096604
77.96492 -0.00372204096604
78.0607 -0.00372204096604
78.15648 -0.00372204096604
78.25226 -0.00372204096604
78.34804 -0.00372204096604
78.44382 -0.00372204096604
78.5396 -0.00372204096604
78.63538 -0.00372204096604
78.73116 -0.00372204096604
78.82694 -0.00372204096604
78.92272 -0.00372204096604
79.0185 -0.00372204096604
79.11428 -0.00372204096604
79.21006 -0.00372204096604
79.30584 -0.00372204096604
79.40162 -0.00372204096604
79.4974 -0.00372204096604
79.59318 -0.00372204096604
79.68896 -0.00372204096604
79.78474 -0.00372204096604
79.88052 -0.00372204096604
79.9763 -0.00372204096604
80.07208 -0.00372204096604
80.16786 -0.00372204096604
80.26364 -0.00372204096604
80.35942 -0.00372204096604
80.4552 -0.00372204096604
80.55098 -0.00372204096604
80.64676 -0.00372204096604
80.74254 -0.00372204096604
80.83832 -0.00372204096604
80.9341 -0.00372204096604
81.02988 -0.00372204096604
81.12566 -0.00372204096604
81.22144 -0.00372204096604
81.31722 -0.00372204096604
81.413 -0.00372204096604
81.50878 -0.00372204096604
81.60456 -0.00372204096604
81.70034 -0.00372204096604
81.79612 -0.00372204096604
81.8919 -0.00372204096604
81.98768 -0.00372204096604
82.08346 -0.00372204096604
82.17924 -0.00372204096604
82.27502 -0.00372204096604
82.3708 -0.00372204096604
82.46658 -0.00372204096604
82.56236 -0.00372204096604
82.65814 -0.00372204096604
82.75392 -0.00372204096604
82.8497 -0.00372204096604
82.94548 -0.00372204096604
83.04126 -0.00372204096604
83.13704 -0.00372204096604
83.23282 -0.00372204096604
83.3286 -0.00372204096604
83.42438 -0.00372204096604
83.52016 -0.00372204096604
83.61594 -0.00372204096604
83.71172 -0.00372204096604
83.8075 -0.00372204096604
83.90328 -0.00372204096604
83.99906 -0.00372204096604
84.09484 -0.00372204096604
84.19062 -0.00372204096604
84.2864 -0.00372204096604
84.38218 -0.00372204096604
84.47796 -0.00372204096604
84.57374 -0.00372204096604
84.66952 -0.00372204096604
84.7653 -0.00372204096604
84.86108 -0.00372204096604
84.95686 -0.00372204096604
85.05264 -0.00372204096604
85.14842 -0.00372204096604
85.2442 -0.00372204096604
85.33998 -0.00372204096604
85.43576 -0.00372204096604
85.53154 -0.00372204096604
85.62732 -0.00372204096604
85.7231 -0.00372204096604
85.81888 -0.00372204096604
85.91466 -0.00372204096604
86.01044 -0.00372204096604
86.10622 -0.00372204096604
86.202 -0.00372204096604
86.29778 -0.00372204096604
86.39356 -0.00372204096604
86.48934 -0.00372204096604
86.58512 -0.00372204096604
86.6809 -0.00372204096604
86.77668 -0.00372204096604
86.87246 -0.00372204096604
86.96824 -0.00372204096604
87.06402 -0.00372204096604
87.1598 -0.00372204096604
87.25558 -0.00372204096604
87.35136 -0.00372204096604
87.44714 -0.00372204096604
87.54292 -0.00372204096604
87.6387 -0.00372204096604
87.73448 -0.00372204096604
87.83026 -0.00372204096604
87.92604 -0.00372204096604
88.02182 -0.00372204096604
88.1176 -0.00372204096604
88.21338 -0.00372204096604
88.30916 -0.00372204096604
88.40494 -0.00372204096604
88.50072 -0.00372204096604
88.5965 -0.00372204096604
88.69228 -0.00372204096604
88.78806 -0.00372204096604
88.88384 -0.00372204096604
88.97962 -0.00372204096604
89.0754 -0.00372204096604
89.17118 -0.00372204096604
89.26696 -0.00372204096604
89.36274 -0.00372204096604
89.45852 -0.00372204096604
89.5543 -0.00372204096604
89.65008 -0.00372204096604
89.74586 -0.00372204096604
89.84164 -0.00372204096604
89.93742 -0.00372204096604
90.0332 -0.00372204096604
90.12898 -0.00372204096604
90.22476 -0.00372204096604
90.32054 -0.00372204096604
90.41632 -0.00372204096604
90.5121 -0.00372204096604
90.60788 -0.00372204096604
90.70366 -0.00372204096604
90.79944 -0.00372204096604
90.89522 -0.00372204096604
90.991 -0.00372204096604
91.08678 -0.00372204096604
91.18256 -0.00372204096604
91.27834 -0.00372204096604
91.37412 -0.00372204096604
91.4699 -0.00372204096604
91.56568 -0.00372204096604
91.66146 -0.00372204096604
91.75724 -0.00372204096604
91.85302 -0.00372204096604
91.9488 -0.00372204096604
92.04458 -0.00372204096604
92.14036 -0.00372204096604
92.23614 -0.00372204096604
92.33192 -0.00372204096604
92.4277 -0.00372204096604
92.52348 -0.00372204096604
92.61926 -0.00372204096604
92.71504 -0.00372204096604
92.81082 -0.00372204096604
92.9066 -0.00372204096604
93.00238 -0.00372204096604
93.09816 -0.00372204096604
93.19394 -0.00372204096604
93.28972 -0.00372204096604
93.3855 -0.00372204096604
93.48128 -0.00372204096604
93.57706 -0.00372204096604
93.67284 -0.00372204096604
93.76862 -0.00372204096604
93.8644 -0.00372204096604
93.96018 -0.00372204096604
94.05596 -0.00372204096604
94.15174 -0.00372204096604
94.24752 -0.00372204096604
94.3433 -0.00372204096604
94.43908 -0.00372204096604
94.53486 -0.00372204096604
94.63064 -0.00372204096604
94.72642 -0.00372204096604
94.8222 -0.00372204096604
94.91798 -0.00372204096604
95.01376 -0.00372204096604
95.10954 -0.00372204096604
95.20532 -0.00372204096604
95.3011 -0.00372204096604
95.39688 -0.00372204096604
95.49266 -0.00372204096604
95.58844 -0.00372204096604
95.68422 -0.00372204096604
95.78 -0.00372204096604
95.87578 -0.00372204096604
95.97156 -0.00372204096604
96.06734 -0.00372204096604
96.16312 -0.00372204096604
96.2589 -0.00372204096604
96.35468 -0.00372204096604
96.45046 -0.00372204096604
96.54624 -0.00372204096604
96.64202 -0.00372204096604
96.7378 -0.00372204096604
96.83358 -0.00372204096604
96.92936 -0.00372204096604
97.02514 -0.00372204096604
97.12092 -0.00372204096604
97.2167 -0.00372204096604
97.31248 -0.00372204096604
97.40826 -0.00372204096604
97.50404 -0.00372204096604
97.59982 -0.00372204096604
97.6956 -0.00372204096604
97.79138 -0.00372204096604
97.88716 -0.00372204096604
97.98294 -0.00372204096604
