0 -67.3664
0.1 -112.835
0.2 -151.979
0.3 -178.67
0.4 -188.263
0.5 -179.101
0.6 -153.446
0.7 -117.438
0.8 -79.9366
0.9 -50.5159
1 -37.0858
1.1 -43.7853
1.2 -69.7453
1.3 -109.062
1.4 -152.034
1.5 -187.379
1.6 -204.898
1.7 -197.958
1.8 -165.173
1.9 -110.861
2 -44.1457
2.1 23.1193
2.2 79.119
2.3 114.812
2.4 125.963
2.5 113.932
2.6 84.9948
2.7 48.4759
2.8 14.2057
2.9 -9.93402
3 -19.6781
3.1 -14.8509
3.2 1.38238
3.3 24.1531
3.4 48.789
3.5 72.3579
3.6 94.3766
3.7 116.502
3.8 141.39
3.9 171.124
4 205.759
4.1 242.468
4.2 275.582
4.3 297.519
4.4 300.418
4.5 278.012
4.6 227.307
4.7 149.634
4.8 50.8431
4.9 -59.3991
5 -169.069
5.1 -265.719
5.2 -338.537
5.3 -380.204
5.4 -388.209
5.5 -365.376
5.6 -319.42
5.7 -261.485
5.8 -203.858
5.9 -157.24
6 -128.237
6.1 -117.733
6.2 -120.724
6.3 -127.773
6.4 -127.797
6.5 -111.349
6.6 -73.4223
6.7 -14.8417
6.8 58.1754
6.9 136.082
7 208.906
7.1 268.948
7.2 312.348
7.3 339.092
7.4 351.648
7.5 352.907
7.6 344.307
7.7 324.843
7.8 291.256
7.9 239.277
8 165.444
8.1 68.9341
8.2 -47.029
8.3 -174.592
8.4 -301.592
8.5 -412.888
8.6 -492.61
8.7 -527.06
8.8 -507.778
8.9 -434.009
9 -313.775
9.1 -162.999
9.2 -2.63197
9.3 145.59
9.4 263.596
9.5 340.315
9.6 372.956
9.7 365.966
9.8 328.298
9.9 270.137
10 200.323
10.1 125.264
10.2 49.3892
10.3 -23.4851
10.4 -88.8064
10.5 -140.776
10.6 -172.961
10.7 -179.788
10.8 -158.278
10.9 -109.376
11 -38.4644
11.1 44.9885
11.2 128.462
11.3 197.86
11.4 239.293
11.5 241.103
11.6 196.036
11.7 103.243
11.8 -30.4084
11.9 -190.33
12 -355.866
12.1 -503.505
12.2 -610.965
12.3 -661.113
12.4 -644.711
12.5 -561.384
12.6 -418.864
12.7 -231.096
12.8 -15.9848
12.9 206.579
13 416.276
13.1 593.71
13.2 721.951
13.3 788.437
13.4 786.99
13.5 719.343
13.6 595.474
13.7 432.355
13.8 251.254
13.9 74.2244
14 -79.3133
14.1 -195.149
14.2 -265.654
14.3 -290.023
14.4 -273.74
14.5 -227.543
14.6 -166.008
14.7 -105.607
14.8 -62.1779
14.9 -47.9838
15 -68.9391
15.1 -122.872
15.2 -199.583
15.3 -282.985
15.4 -354.899
15.5 -399.46
15.6 -406.79
15.7 -374.893
15.8 -309.327
15.9 -220.991
16 -122.892
16.1 -26.9648
16.2 58.2738
16.3 128.831
16.4 185.159
16.5 231.134
16.6 272.404
16.7 314.351
16.8 359.944
16.9 407.889
17 451.644
17.1 479.872
17.2 478.671
17.3 435.324
17.4 342.691
17.5 202.88
17.6 28.7909
17.7 -157.309
17.8 -328.115
17.9 -457.438
18 -526.429
18.1 -528.037
18.2 -468.423
18.3 -365
18.4 -241.79
18.5 -123.511
18.6 -30.0215
18.7 27.5183
18.8 48.0385
18.9 39.4483
19 15.5687
19.1 -7.98788
19.2 -17.965
19.3 -6.68984
19.4 26.3254
19.5 74.7478
19.6 127.637
19.7 172.91
19.8 201.089
19.9 208.199
20 196.891
20.1 175.377
20.2 154.439
20.3 143.492
20.4 147.005
20.5 162.52
20.6 181.009
20.7 189.476
20.8 174.984
20.9 128.798
21 49.3359
21.1 -56.9544
21.2 -176.959
21.3 -293.979
21.4 -391.537
21.5 -456.804
21.6 -482.814
21.7 -469.048
21.8 -420.498
21.9 -345.667
22 -254.152
22.1 -154.458
22.2 -52.5589
22.3 48.504
22.4 147.914
22.5 245.484
22.6 339.629
22.7 425.583
22.8 494.577
22.9 534.513
23 532.308
23.1 477.469
23.2 365.967
23.3 203.162
23.4 4.64402
23.5 -205.597
23.6 -399.435
23.7 -550.263
23.8 -638.468
23.9 -655.21
24 -603.497
24.1 -496.453
24.2 -353.49
24.3 -195.676
24.4 -41.6084
24.5 95.2917
24.6 207.735
24.7 294.049
24.8 356.744
24.9 400.743
25 431.653
25.1 454.24
25.2 471.182
25.3 482.223
25.4 483.942
25.5 470.362
25.6 434.439
25.7 370.181
25.8 274.797
25.9 150.178
26 3.16246
26.1 -155.533
26.2 -313.316
26.3 -457.931
26.4 -579.104
26.5 -669.179
26.6 -722.824
26.7 -736.319
26.8 -707.119
26.9 -634.191
27 -519.172
27.1 -367.866
27.2 -191.329
27.3 -5.77141
27.4 169.095
27.5 313.122
27.6 409.547
27.7 448.604
27.8 429.966
27.9 363.307
28 266.715
28.1 163.204
28.2 75.9813
28.3 23.5118
28.4 15.4626
28.5 50.5442
28.6 116.836
28.7 194.614
28.8 261.031
28.9 295.508
29 284.441
29.1 224.077
29.2 120.95
29.3 -10.0228
29.4 -149.016
29.5 -275.295
29.6 -370.718
29.7 -422.137
29.8 -422.53
29.9 -371.101
30 -272.708
30.1 -136.902
30.2 23.2842
30.3 192.771
30.4 356.037
30.5 498.69
30.6 608.723
30.7 677.165
30.8 698.056
30.9 667.96
31 585.456
31.1 451.046
31.2 267.717
31.3 41.9906
31.4 -215.031
31.5 -487.272
31.6 -754.394
31.7 -993.728
31.8 -1183.07
31.9 -1303.72
32 -1343.06
32.1 -1296.22
32.2 -1166.56
32.3 -964.992
32.4 -708.406
32.5 -417.258
32.6 -112.718
32.7 186.333
32.8 465.91
32.9 718.492
33 942.986
33.1 1142.84
33.2 1322.6
33.3 1483.91
33.4 1621.99
33.5 1724.07
33.6 1770.27
33.7 1736.9
33.8 1601.5
33.9 1348.2
34 972.297
34.1 483.149
34.2 -94.9705
34.3 -723.955
34.4 -1354.64
34.5 -1931.07
34.6 -2396.08
34.7 -2698.05
34.8 -2798.05
34.9 -2676.55
35 -2338.01
35.1 -1812.02
35.2 -1150.23
35.3 -419.231
35.4 309.085
35.5 967.383
35.6 1500.59
35.7 1869.8
35.8 2052.06
35.9 2037.4
36 1825.17
36.1 1422.38
36.2 845.477
36.3 125.606
36.4 -684.312
36.5 -1503.97
36.6 -2225.06
36.7 -2718.47
36.8 -2850.67
36.9 -2507.72
37 -1623.37
37.1 -205.491
37.2 1645.78
37.3 3734.08
37.4 5781.01
37.5 7459.19
37.6 8440.67
37.7 8453.64
37.8 7337.05
37.9 5082.39
38 1852.62
38.1 -2027.46
38.2 -6109.97
38.3 -9886.29
38.4 -12862.2
38.5 -14632.6
38.6 -14941
38.7 -13715.9
38.8 -11075.2
38.9 -7303.54
39 -2805.71
39.1 1951.57
39.2 6499.74
39.3 10420.8
39.4 13385.7
39.5 15177
39.6 15696.5
39.7 14960.5
39.8 13087.5
39.9 10279.6
40 6801.98
40.1 2958.46
40.2 -933.046
40.3 -4566.46
40.4 -7672.26
40.5 -10039.2
40.6 -11530.3
40.7 -12092.4
40.8 -11755.5
40.9 -10625.6
41 -8869.05
41.1 -6692.2
41.2 -4318.21
41.3 -1963.93
41.4 181.202
41.5 1971.96
41.6 3318.37
41.7 4189.96
41.8 4612.8
41.9 4659.74
42 4435.44
42.1 4058.19
42.2 3641.65
42.3 3279.06
42.4 3032.55
42.5 2928.44
42.6 2958.72
42.7 3087.4
42.8 3259.74
42.9 3412.49
43 3483.16
43.1 3417.46
43.2 3174.4
43.3 2729.22
43.4 2074.55
43.5 1220.17
43.6 191.803
43.7 -970.865
43.8 -2216.61
43.9 -3485.51
44 -4712.08
44.1 -5828.8
44.2 -6770.15
44.3 -7477.16
44.4 -7902.18
44.5 -8013.4
44.6 -7798
44.7 -7263.18
44.8 -6434.42
44.9 -5351.2
45 -4061.16
45.1 -2614.25
45.2 -1058.52
45.3 561.405
45.4 2203.05
45.5 3822.97
45.6 5373.31
45.7 6799.8
45.8 8042.2
45.9 9037.61
46 9726
46.1 10056.7
46.2 9994.84
46.3 9526.29
46.4 8660.74
46.5 7432.34
46.6 5897.85
46.7 4132.41
46.8 2223.43
46.9 263.186
47 -1658.59
47.1 -3461
47.2 -5076.14
47.3 -6450.59
47.4 -7544.76
47.5 -8330.96
47.6 -8791.54
47.7 -8918.05
47.8 -8711.77
47.9 -8185.28
48 -7363.98
48.1 -6286.91
48.2 -5006.03
48.3 -3584.33
48.4 -2092.78
48.5 -606.778
48.6 797.934
48.7 2049.89
48.8 3087.26
48.9 3863.71
49 4353.87
49.1 4557.05
49.2 4497.74
49.3 4222.1
49.4 3790.59
49.5 3268.36
49.6 2715.45
49.7 2179.23
49.8 1690.46
49.9 1263.35
50 898.679
50.1 588.68
50.2 322.068
50.3 88.3483
50.4 -119.023
50.5 -300.609
50.6 -450.066
50.7 -554.46
50.8 -596.123
50.9 -556.156
51 -419.22
51.1 -178.664
51.2 159.37
51.3 574.101
51.4 1031.2
51.5 1486.65
51.6 1892.3
51.7 2201.95
51.8 2376.61
51.9 2388.39
52 2222.82
52.1 1879.9
52.2 1374.07
52.3 733.075
52.4 -4.48256
52.5 -792.936
52.6 -1584.52
52.7 -2334.66
52.8 -3006.57
52.9 -3574.06
53 -4022.04
53.1 -4344.97
53.2 -4544.12
53.3 -4624.64
53.4 -4593.52
53.5 -4458.37
53.6 -4227.15
53.7 -3907.93
53.8 -3508.36
53.9 -3034.87
54 -2491.88
54.1 -1881.72
54.2 -1205.57
54.3 -465.563
54.4 332.825
54.5 1178.58
54.6 2054.12
54.7 2935.58
54.8 3794.24
54.9 4598.62
55 5316.52
55.1 5916.82
55.2 6371
55.3 6654.62
55.4 6748.89
55.5 6642.42
55.6 6332.8
55.7 5827.48
55.8 5143.75
55.9 4307.54
56 3351.51
56.1 2312.7
56.2 1230.23
56.3 143.245
56.4 -910.997
56.5 -1898.97
56.6 -2792.82
56.7 -3572.23
56.8 -4225.67
56.9 -4750.62
57 -5152.37
57.1 -5441.26
57.2 -5629.1
57.3 -5725.39
57.4 -5734.36
57.5 -5653.68
57.6 -5475.13
57.7 -5187.24
57.8 -4779.25
57.9 -4245.81
58 -3591.27
58.1 -2832.75
58.2 -2001.04
58.3 -1138.86
58.4 -296.313
58.5 476.037
58.6 1135.2
58.7 1653.43
58.8 2023.63
58.9 2261.01
59 2400.3
59.1 2488.74
59.2 2576.36
59.3 2705.7
59.4 2903.24
59.5 3174.46
59.6 3503.5
59.7 3857.2
59.8 4192.3
59.9 4464.09
60 4634.27
60.1 4676.85
60.2 4580.77
60.3 4349.35
60.4 3997.07
60.5 3544.7
60.6 3014.06
60.7 2423.71
60.8 1786.52
60.9 1109.52
61 396.197
61.1 -349.76
61.2 -1120.15
61.3 -1898.89
61.4 -2660.72
61.5 -3372.65
61.6 -3997.99
61.7 -4502.18
61.8 -4858.73
61.9 -5053.96
62 -5089.12
62.1 -4979.48
62.2 -4750.96
62.3 -4435
62.4 -4063.47
62.5 -3664.29
62.6 -3258.81
62.7 -2860.7
62.8 -2476.06
62.9 -2104.22
63 -1738.82
63.1 -1369.16
63.2 -981.899
63.3 -563.432
63.4 -102.746
63.5 405.525
63.6 958.587
63.7 1544.21
63.8 2141.19
63.9 2721.56
64 3254.25
64.1 3709.21
64.2 4061.47
64.3 4294.2
64.4 4400.5
64.5 4383.8
64.6 4256.88
64.7 4039.68
64.8 3756.17
64.9 3430.65
65 3084.02
65.1 2730.62
65.2 2376.44
65.3 2019.22
65.4 1650.41
65.5 1258.77
65.6 834.65
65.7 373.943
65.8 -119.351
65.9 -632.493
66 -1145.46
66.1 -1634.12
66.2 -2074.31
66.3 -2446.08
66.4 -2737.04
66.5 -2944.33
66.6 -3074.57
66.7 -3141.88
66.8 -3164.28
66.9 -3159.06
67 -3138.49
67.1 -3106.76
67.2 -3059.26
67.3 -2984.43
67.4 -2867.68
67.5 -2696.3
67.6 -2463.7
67.7 -2171.72
67.8 -1830.32
67.9 -1454.92
68 -1062.37
68.1 -667.168
68.2 -279.008
68.3 97.6245
68.4 462.046
68.5 815.025
68.6 1156.54
68.7 1484.5
68.8 1794.68
68.9 2081.7
69 2340.26
69.1 2566.17
69.2 2756.67
69.3 2909.98
69.4 3024.46
69.5 3097.57
69.6 3125.25
69.7 3101.79
69.8 3020.39
69.9 2874.46
70 2659.42
70.1 2374.82
70.2 2026.1
70.3 1625.51
70.4 1191.46
70.5 746.21
70.6 312.089
70.7 -92.7194
70.8 -457.671
70.9 -781.352
71 -1070.35
71.1 -1335.73
71.2 -1588.21
71.3 -1833.59
71.4 -2069.98
71.5 -2287.66
71.6 -2471.47
71.7 -2604.85
71.8 -2674.03
71.9 -2671.18
72 -2595.85
72.1 -2454.44
72.2 -2258.61
72.3 -2023.02
72.4 -1763.34
72.5 -1494.59
72.6 -1229.88
72.7 -979.433
72.8 -749.639
72.9 -542.561
73 -355.894
73.1 -183.757
73.2 -18.2436
73.3 148.582
73.4 322.758
73.5 507.129
73.6 700.916
73.7 900.098
73.8 1098.28
73.9 1287.68
74 1459.83
74.1 1606.07
74.2 1717.93
74.3 1787.77
74.4 1809.73
74.5 1780.99
74.6 1702.95
74.7 1582.04
74.8 1429.52
74.9 1260.4
75 1091.55
75.1 939.048
75.2 815.663
75.3 728.599
75.4 677.919
75.5 656.048
75.6 648.441
75.7 635.682
75.8 596.624
75.9 512.176
76 369.587
76.1 165.586
76.2 -92.0247
76.3 -384.951
76.4 -687.602
76.5 -971.516
76.6 -1210.9
76.7 -1387.64
76.8 -1494.29
76.9 -1534.7
77 -1522
77.1 -1474.59
77.2 -1411.34
77.3 -1347.49
77.4 -1291.81
77.5 -1245.92
77.6 -1205.73
77.7 -1164.12
77.8 -1113.76
77.9 -1049.54
78 -969.215
78.1 -873.095
78.2 -762.863
78.3 -639.925
78.4 -504.485
78.5 -355.473
78.6 -191.382
78.7 -11.5537
78.8 182.634
78.9 387.155
79 595.586
79.1 799.918
79.2 991.706
79.3 1162.93
79.4 1306.79
79.5 1417.86
79.6 1492.15
79.7 1527.15
79.8 1522.05
79.9 1478.06
80 1398.6
80.1 1289.26
80.2 1157.18
80.3 1010.27
80.4 856.084
80.5 701.097
80.6 550.138
80.7 406.37
80.8 271.594
80.9 146.609
81 31.5214
81.1 -74.1301
81.2 -171.333
81.3 -261.522
81.4 -346.367
81.5 -427.388
81.6 -505.534
81.7 -580.881
81.8 -652.505
81.9 -718.597
82 -776.807
82.1 -824.605
82.2 -859.601
82.3 -879.785
82.4 -883.712
82.5 -870.695
82.6 -841.029
82.7 -796.198
82.8 -738.927
82.9 -672.996
83 -602.714
83.1 -532.209
83.2 -464.676
83.3 -401.819
83.4 -343.663
83.5 -288.797
83.6 -234.981
83.7 -179.77
83.8 -121.152
83.9 -57.9994
84 9.83788
84.1 81.6155
84.2 155.919
84.3 230.97
84.4 304.906
84.5 376.03
84.6 442.989
84.7 504.826
84.8 560.925
84.9 610.842
85 654.058
85.1 689.763
85.2 716.772
85.3 733.628
85.4 738.875
85.5 731.416
85.6 710.807
85.7 677.43
85.8 632.427
85.9 577.467
86 514.449
86.1 445.209
86.2 371.339
86.3 294.106
86.4 214.432
86.5 132.927
86.6 49.9388
86.7 -34.3494
86.8 -119.747
86.9 -205.81
87 -291.56
87.1 -375.303
87.2 -454.619
87.3 -526.576
87.4 -588.151
87.5 -636.707
87.6 -670.408
87.7 -688.402
87.8 -690.773
87.9 -678.322
88 -652.297
88.1 -614.215
88.2 -565.805
88.3 -509.044
88.4 -446.215
88.5 -379.835
88.6 -312.43
88.7 -246.23
88.8 -182.865
88.9 -123.196
89 -67.3502
89.1 -14.9217
89.2 34.7055
89.3 82.0976
89.4 127.598
89.5 171.278
89.6 212.962
89.7 252.268
89.8 288.608
89.9 321.172
90 348.967
90.1 370.935
90.2 386.175
90.3 394.206
90.4 395.159
90.5 389.813
90.6 379.434
90.7 365.462
90.8 349.16
90.9 331.358
91 312.375
91.1 292.125
91.2 270.317
91.3 246.662
91.4 220.99
91.5 193.26
91.6 163.491
91.7 131.698
91.8 97.8917
91.9 62.1434
92 24.6681
92.1 -14.1068
92.2 -53.5584
92.3 -92.9652
92.4 -131.607
92.5 -168.828
92.6 -204.023
92.7 -236.564
92.8 -265.715
92.9 -290.628
93 -310.432
93.1 -324.413
93.2 -332.199
93.3 -333.872
93.4 -329.927
93.5 -321.117
93.6 -308.227
93.7 -291.882
93.8 -272.475
93.9 -250.217
94 -225.258
94.1 -197.829
94.2 -168.291
94.3 -137.119
94.4 -104.82
94.5 -71.8499
94.6 -38.5873
94.7 -5.36598
94.8 27.4763
94.9 59.5706
95 90.541
95.1 120.079
95.2 147.994
95.3 174.199
95.4 198.62
95.5 221.042
95.6 240.985
95.7 257.691
95.8 270.257
95.9 277.865
96 280.024
96.1 276.695
96.2 268.237
96.3 255.208
96.4 238.111
96.5 217.205
96.6 192.51
96.7 163.993
96.8 131.849
96.9 96.7833
97 60.1325
97.1 23.7935
97.2 -10.0103
97.3 -39.0612
97.4 -61.4836
97.5 -76.028
97.6 -82.3039
97.7 -80.9772
97.8 -73.8918
97.9 -64.0763
98 -55.5154
98.1 -52.6239
98.2 -59.4719
98.3 -78.8306
98.4 -111.369
98.5 -155.212
98.6 -206.066
98.7 -257.902
98.8 -304.036
98.9 -338.307
99 -356.062
99.1 -354.724
99.2 -333.925
99.3 -295.269
99.4 -241.903
99.5 -178.037
99.6 -108.466
99.7 -38.1208
99.8 28.406
99.9 87.3174
100 136.005
100.1 173.268
100.2 199.256
100.3 215.158
100.4 222.722
100.5 223.76
100.6 219.824
100.7 212.125
100.8 201.641
100.9 189.32
101 176.212
101.1 163.438
101.2 152.014
101.3 142.609
101.4 135.355
101.5 129.781
101.6 124.878
101.7 119.217
101.8 111.093
101.9 98.6524
102 80.0906
102.1 53.9855
102.2 19.7899
102.3 -21.5926
102.4 0
102.5 0
102.6 0
102.7 0
102.8 0
102.9 0
103 0
103.1 0
103.2 0
103.3 0
103.4 0
103.5 0
103.6 0
103.7 0
103.8 0
103.9 0
104 0
104.1 0
104.2 0
104.3 0
104.4 0
104.5 0
104.6 0
104.7 0
104.8 0
104.9 0
105 0
105.1 0
105.2 0
105.3 0
105.4 0
105.5 0
105.6 0
105.7 0
105.8 0
105.9 0
106 0
106.1 0
106.2 0
106.3 0
106.4 0
106.5 0
106.6 0
106.7 0
106.8 0
106.9 0
107 0
107.1 0
107.2 0
107.3 0
107.4 0
107.5 0
107.6 0
107.7 0
107.8 0
107.9 0
108 0
108.1 0
108.2 0
108.3 0
108.4 0
108.5 0
108.6 0
108.7 0
108.8 0
108.9 0
109 0
109.1 0
109.2 0
109.3 0
109.4 0
109.5 0
109.6 0
109.7 0
109.8 0
109.9 0
110 0
110.1 0
110.2 0
110.3 0
110.4 0
110.5 0
110.6 0
110.7 0
110.8 0
110.9 0
111 0
111.1 0
111.2 0
111.3 0
111.4 0
111.5 0
111.6 0
111.7 0
111.8 0
111.9 0
112 0
112.1 0
112.2 0
112.3 0
112.4 0
112.5 0
112.6 0
112.7 0
112.8 0
112.9 0
113 0
113.1 0
113.2 0
113.3 0
113.4 0
113.5 0
113.6 0
113.7 0
113.8 0
113.9 0
114 0
114.1 0
114.2 0
114.3 0
114.4 0
114.5 0
114.6 0
114.7 0
114.8 0
114.9 0
115 0
115.1 0
115.2 0
115.3 0
115.4 0
115.5 0
115.6 0
115.7 0
115.8 0
115.9 0
116 0
116.1 0
116.2 0
116.3 0
116.4 0
116.5 0
116.6 0
116.7 0
116.8 0
116.9 0
117 0
117.1 0
117.2 0
117.3 0
117.4 0
117.5 0
117.6 0
117.7 0
117.8 0
117.9 0
118 0
118.1 0
118.2 0
118.3 0
118.4 0
118.5 0
118.6 0
118.7 0
118.8 0
118.9 0
119 0
119.1 0
119.2 0
119.3 0
119.4 0
119.5 0
119.6 0
119.7 0
119.8 0
119.9 0
120 0
120.1 0
120.2 0
120.3 0
120.4 0
120.5 0
120.6 0
120.7 0
120.8 0
120.9 0
121 0
121.1 0
121.2 0
121.3 0
121.4 0
121.5 0
121.6 0
121.7 0
121.8 0
121.9 0
122 0
122.1 0
122.2 0
122.3 0
122.4 0
122.5 0
122.6 0
122.7 0
122.8 0
122.9 0
123 0
123.1 0
123.2 0
123.3 0
123.4 0
123.5 0
123.6 0
123.7 0
123.8 0
123.9 0
124 0
124.1 0
124.2 0
124.3 0
124.4 0
124.5 0
124.6 0
124.7 0
124.8 0
124.9 0
125 0
125.1 0
125.2 0
125.3 0
125.4 0
125.5 0
125.6 0
125.7 0
125.8 0
125.9 0
126 0
126.1 0
126.2 0
126.3 0
126.4 0
126.5 0
126.6 0
126.7 0
126.8 0
126.9 0
127 0
127.1 0
127.2 0
127.3 0
127.4 0
127.5 0
127.6 0
127.7 0
127.8 0
127.9 0
128 0
128.1 0
128.2 0
128.3 0
128.4 0
128.5 0
128.6 0
128.7 0
128.8 0
128.9 0
129 0
129.1 0
129.2 0
129.3 0
129.4 0
129.5 0
129.6 0
129.7 0
129.8 0
129.9 0
130 0
130.1 0
130.2 0
130.3 0
130.4 0
130.5 0
130.6 0
130.7 0
130.8 0
130.9 0
131 0
131.1 0
131.2 0
131.3 0
131.4 0
131.5 0
131.6 0
131.7 0
131.8 0
131.9 0
132 0
132.1 0
132.2 0
132.3 0
132.4 0
132.5 0
132.6 0
132.7 0
132.8 0
132.9 0
133 0
133.1 0
133.2 0
133.3 0
133.4 0
133.5 0
133.6 0
133.7 0
133.8 0
133.9 0
134 0
134.1 0
134.2 0
134.3 0
134.4 0
134.5 0
134.6 0
134.7 0
134.8 0
134.9 0
135 0
135.1 0
135.2 0
135.3 0
135.4 0
135.5 0
135.6 0
135.7 0
135.8 0
135.9 0
136 0
136.1 0
136.2 0
136.3 0
136.4 0
136.5 0
136.6 0
136.7 0
136.8 0
136.9 0
137 0
137.1 0
137.2 0
137.3 0
137.4 0
137.5 0
137.6 0
137.7 0
137.8 0
137.9 0
138 0
138.1 0
138.2 0
138.3 0
138.4 0
138.5 0
138.6 0
138.7 0
138.8 0
138.9 0
139 0
139.1 0
139.2 0
139.3 0
139.4 0
139.5 0
139.6 0
139.7 0
139.8 0
139.9 0
140 0
140.1 0
140.2 0
140.3 0
140.4 0
140.5 0
140.6 0
140.7 0
140.8 0
140.9 0
141 0
141.1 0
141.2 0
141.3 0
141.4 0
141.5 0
141.6 0
141.7 0
141.8 0
141.9 0
142 0
142.1 0
142.2 0
142.3 0
142.4 0
142.5 0
142.6 0
142.7 0
142.8 0
142.9 0
143 0
143.1 0
143.2 0
143.3 0
143.4 0
143.5 0
143.6 0
143.7 0
143.8 0
143.9 0
144 0
144.1 0
144.2 0
144.3 0
144.4 0
144.5 0
144.6 0
144.7 0
144.8 0
144.9 0
145 0
145.1 0
145.2 0
145.3 0
145.4 0
145.5 0
145.6 0
145.7 0
145.8 0
145.9 0
146 0
146.1 0
146.2 0
146.3 0
146.4 0
146.5 0
146.6 0
146.7 0
146.8 0
146.9 0
147 0
147.1 0
147.2 0
147.3 0
147.4 0
147.5 0
147.6 0
147.7 0
147.8 0
147.9 0
148 0
148.1 0
148.2 0
148.3 0
148.4 0
148.5 0
148.6 0
148.7 0
148.8 0
148.9 0
149 0
149.1 0
149.2 0
149.3 0
149.4 0
149.5 0
149.6 0
149.7 0
149.8 0
149.9 0
150 0
150.1 0
150.2 0
150.3 0
150.4 0
150.5 0
150.6 0
150.7 0
150.8 0
150.9 0
151 0
151.1 0
151.2 0
151.3 0
151.4 0
151.5 0
151.6 0
151.7 0
151.8 0
151.9 0
152 0
152.1 0
152.2 0
152.3 0
152.4 0
152.5 0
152.6 0
152.7 0
152.8 0
152.9 0
153 0
153.1 0
153.2 0
153.3 0
153.4 0
153.5 0
153.6 0
153.7 0
153.8 0
153.9 0
154 0
154.1 0
154.2 0
154.3 0
154.4 0
154.5 0
154.6 0
154.7 0
154.8 0
154.9 0
155 0
155.1 0
155.2 0
155.3 0
155.4 0
155.5 0
155.6 0
155.7 0
155.8 0
155.9 0
156 0
156.1 0
156.2 0
156.3 0
156.4 0
156.5 0
156.6 0
156.7 0
156.8 0
156.9 0
157 0
157.1 0
157.2 0
157.3 0
157.4 0
157.5 0
157.6 0
157.7 0
157.8 0
157.9 0
158 0
158.1 0
158.2 0
158.3 0
158.4 0
158.5 0
158.6 0
158.7 0
158.8 0
158.9 0
159 0
159.1 0
159.2 0
159.3 0
159.4 0
159.5 0
159.6 0
159.7 0
159.8 0
159.9 0
160 0
160.1 0
160.2 0
160.3 0
160.4 0
160.5 0
160.6 0
160.7 0
160.8 0
160.9 0
161 0
161.1 0
161.2 0
161.3 0
161.4 0
161.5 0
161.6 0
161.7 0
161.8 0
161.9 0
162 0
162.1 0
162.2 0
162.3 0
162.4 0
162.5 0
162.6 0
162.7 0
162.8 0
162.9 0
163 0
163.1 0
163.2 0
163.3 0
163.4 0
163.5 0
163.6 0
163.7 0
163.8 0
163.9 0
164 0
164.1 0
164.2 0
164.3 0
164.4 0
164.5 0
164.6 0
164.7 0
164.8 0
164.9 0
165 0
165.1 0
165.2 0
165.3 0
165.4 0
165.5 0
165.6 0
165.7 0
165.8 0
165.9 0
166 0
166.1 0
166.2 0
166.3 0
166.4 0
166.5 0
166.6 0
166.7 0
166.8 0
166.9 0
167 0
167.1 0
167.2 0
167.3 0
167.4 0
167.5 0
167.6 0
167.7 0
167.8 0
167.9 0
168 0
168.1 0
168.2 0
168.3 0
168.4 0
168.5 0
168.6 0
168.7 0
168.8 0
168.9 0
169 0
169.1 0
169.2 0
169.3 0
169.4 0
169.5 0
169.6 0
169.7 0
169.8 0
169.9 0
170 0
170.1 0
170.2 0
170.3 0
170.4 0
170.5 0
170.6 0
170.7 0
170.8 0
170.9 0
171 0
171.1 0
171.2 0
171.3 0
171.4 0
171.5 0
171.6 0
171.7 0
171.8 0
171.9 0
172 0
172.1 0
172.2 0
172.3 0
172.4 0
172.5 0
172.6 0
172.7 0
172.8 0
172.9 0
173 0
173.1 0
173.2 0
173.3 0
173.4 0
173.5 0
173.6 0
173.7 0
173.8 0
173.9 0
174 0
174.1 0
174.2 0
174.3 0
174.4 0
174.5 0
174.6 0
174.7 0
174.8 0
174.9 0
175 0
175.1 0
175.2 0
175.3 0
175.4 0
175.5 0
175.6 0
175.7 0
175.8 0
175.9 0
176 0
176.1 0
176.2 0
176.3 0
176.4 0
176.5 0
176.6 0
176.7 0
176.8 0
176.9 0
177 0
177.1 0
177.2 0
177.3 0
177.4 0
177.5 0
177.6 0
177.7 0
177.8 0
177.9 0
178 0
178.1 0
178.2 0
178.3 0
178.4 0
178.5 0
178.6 0
178.7 0
178.8 0
178.9 0
179 0
179.1 0
179.2 0
179.3 0
179.4 0
179.5 0
179.6 0
179.7 0
179.8 0
179.9 0
180 0
180.1 0
180.2 0
180.3 0
180.4 0
180.5 0
180.6 0
180.7 0
180.8 0
180.9 0
181 0
181.1 0
181.2 0
181.3 0
181.4 0
181.5 0
181.6 0
181.7 0
181.8 0
181.9 0
182 0
182.1 0
182.2 0
182.3 0
182.4 0
182.5 0
182.6 0
182.7 0
182.8 0
182.9 0
183 0
183.1 0
183.2 0
183.3 0
183.4 0
183.5 0
183.6 0
183.7 0
183.8 0
183.9 0
184 0
184.1 0
184.2 0
184.3 0
184.4 0
184.5 0
184.6 0
184.7 0
184.8 0
184.9 0
185 0
185.1 0
185.2 0
185.3 0
185.4 0
185.5 0
185.6 0
185.7 0
185.8 0
185.9 0
186 0
186.1 0
186.2 0
186.3 0
186.4 0
186.5 0
186.6 0
186.7 0
186.8 0
186.9 0
187 0
187.1 0
187.2 0
187.3 0
187.4 0
187.5 0
187.6 0
187.7 0
187.8 0
187.9 0
188 0
188.1 0
188.2 0
188.3 0
188.4 0
188.5 0
188.6 0
188.7 0
188.8 0
188.9 0
189 0
189.1 0
189.2 0
189.3 0
189.4 0
189.5 0
189.6 0
189.7 0
189.8 0
189.9 0
190 0
190.1 0
190.2 0
190.3 0
190.4 0
190.5 0
190.6 0
190.7 0
190.8 0
190.9 0
191 0
191.1 0
191.2 0
191.3 0
191.4 0
191.5 0
191.6 0
191.7 0
191.8 0
191.9 0
192 0
192.1 0
192.2 0
192.3 0
192.4 0
192.5 0
192.6 0
192.7 0
192.8 0
192.9 0
193 0
193.1 0
193.2 0
193.3 0
193.4 0
193.5 0
193.6 0
193.7 0
193.8 0
193.9 0
194 0
194.1 0
194.2 0
194.3 0
194.4 0
194.5 0
194.6 0
194.7 0
194.8 0
194.9 0
195 0
195.1 0
195.2 0
195.3 0
195.4 0
195.5 0
195.6 0
195.7 0
195.8 0
195.9 0
196 0
196.1 0
196.2 0
196.3 0
196.4 0
196.5 0
196.6 0
196.7 0
196.8 0
196.9 0
197 0
197.1 0
197.2 0
197.3 0
197.4 0
197.5 0
197.6 0
197.7 0
197.8 0
197.9 0
198 0
198.1 0
198.2 0
198.3 0
198.4 0
198.5 0
198.6 0
198.7 0
198.8 0
198.9 0
199 0
199.1 0
199.2 0
199.3 0
199.4 0
199.5 0
199.6 0
199.7 0
199.8 0
199.9 0
200 0
200.1 0
200.2 0
200.3 0
200.4 0
200.5 0
200.6 0
200.7 0
200.8 0
200.9 0
201 0
201.1 0
201.2 0
201.3 0
201.4 0
201.5 0
201.6 0
201.7 0
201.8 0
201.9 0
202 0
202.1 0
202.2 0
202.3 0
202.4 0
202.5 0
202.6 0
202.7 0
202.8 0
202.9 0
203 0
203.1 0
203.2 0
203.3 0
203.4 0
203.5 0
203.6 0
203.7 0
203.8 0
203.9 0
204 0
204.1 0
204.2 0
204.3 0
204.4 0
204.5 0
204.6 0
204.7 0
