0 -14.6858
0.1 -4.13359
0.2 4.52496
0.3 8.47414
0.4 5.37469
0.5 -6.32056
0.6 -27.0748
0.7 -56.0386
0.8 -90.9585
0.9 -128.311
1 -163.72
1.1 -192.627
1.2 -211.123
1.3 -216.709
1.4 -208.779
1.5 -188.667
1.6 -159.234
1.7 -124.149
1.8 -87.098
1.9 -51.1867
2 -18.6784
2.1 8.92753
2.2 30.6419
2.3 45.7446
2.4 53.7181
2.5 54.4113
2.6 48.2987
2.7 36.6914
2.8 21.7419
2.9 6.2106
3 -6.92852
3.1 -14.9106
3.2 -15.5051
3.3 -7.21581
3.4 10.6028
3.5 37.6221
3.6 72.395
3.7 112.254
3.8 153.401
3.9 191.318
4 221.505
4.1 240.382
4.2 246.045
4.3 238.576
4.4 219.724
4.5 192.072
4.6 157.978
4.7 118.755
4.8 74.4044
4.9 24.0472
5 -33.1467
5.1 -96.8868
5.2 -164.956
5.3 -232.952
5.4 -294.619
5.5 -342.661
5.6 -369.805
5.7 -369.947
5.8 -339.271
5.9 -277.265
6 -187.508
6.1 -78.0186
6.2 39.1369
6.3 149.18
6.4 236.892
6.5 289.445
6.6 299.142
6.7 265.265
6.8 194.451
6.9 99.3792
7 -3.87725
7.1 -99.1218
7.2 -173.038
7.3 -217.219
7.4 -228.88
7.5 -210.361
7.6 -167.809
7.7 -109.528
7.8 -44.4003
7.9 19.4104
8 75.4242
8.1 119.468
8.2 149.931
8.3 167.592
8.4 174.973
8.5 175.307
8.6 171.359
8.7 164.455
8.8 154.058
8.9 138.084
9 113.86
9.1 79.4038
9.2 34.5947
9.3 -18.185
9.4 -74.115
9.5 -126.677
9.6 -168.831
9.7 -194.301
9.8 -198.707
9.9 -180.364
10 -140.659
10.1 -83.9965
10.2 -17.3093
10.3 50.859
10.4 111.609
10.5 157.101
10.6 181.856
10.7 183.601
10.8 163.423
10.9 125.173
11 74.3001
11.1 16.4935
11.2 -43.4233
11.3 -102.013
11.4 -157.063
11.5 -206.925
11.6 -249.694
11.7 -282.663
11.8 -302.294
11.9 -304.773
12 -286.959
12.1 -247.406
12.2 -187.093
12.3 -109.663
12.4 -21.0755
12.5 71.2046
12.6 159.261
12.7 235.805
12.8 295.086
12.9 333.509
13 349.941
13.1 345.702
13.2 324.271
13.3 290.75
13.4 251.115
13.5 211.342
13.6 176.511
13.7 150.026
13.8 133.093
13.9 124.557
14 121.115
14.1 117.847
14.2 108.946
14.3 88.5085
14.4 51.2873
14.5 -6.60442
14.6 -87.0259
14.7 -189.146
14.8 -308.835
14.9 -438.276
15 -566.036
15.1 -677.865
15.2 -758.307
15.3 -793.023
15.4 -771.4
15.5 -688.855
15.6 -548.224
15.7 -359.82
15.8 -140.086
15.9 90.8476
16 312.134
16.1 505.058
16.2 655.236
16.3 753.912
16.4 798.305
16.5 791.182
16.6 739.831
16.7 654.618
16.8 547.284
16.9 429.146
17 309.504
17.1 194.585
17.2 87.3445
17.3 -11.7676
17.4 -103.292
17.5 -187.04
17.6 -260.856
17.7 -320.437
17.8 -360.394
17.9 -376.216
18 -366.366
18.1 -333.625
18.2 -285.017
18.3 -230.211
18.4 -178.892
18.5 -138
18.6 -109.83
18.7 -91.617
18.8 -76.7255
18.9 -56.9857
19 -25.3761
19.1 21.7363
19.2 83.3534
19.3 153.764
19.4 223.458
19.5 280.697
19.6 313.399
19.7 311.06
19.8 266.52
19.9 177.391
20 46.9277
20.1 -115.844
20.2 -296.879
20.3 -478.632
20.4 -642.063
20.5 -768.703
20.6 -842.375
20.7 -850.401
20.8 -784.365
20.9 -640.717
21 -421.49
21.1 -135.222
21.2 202.204
21.3 567.297
21.4 929.848
21.5 1255.32
21.6 1508.6
21.7 1658.53
21.8 1682.34
21.9 1569.07
22 1321.41
22.1 955.803
22.2 500.952
22.3 -4.60295
22.4 -515.624
22.5 -983.669
22.6 -1360.94
22.7 -1604.54
22.8 -1681.06
22.9 -1571.27
23 -1274.46
23.1 -811.582
23.2 -226.722
23.3 413.911
23.4 1025.93
23.5 1513.97
23.6 1782.14
23.7 1747.42
23.8 1354.74
23.9 591.948
24 -498.118
24.1 -1811.63
24.2 -3186.81
24.3 -4417.9
24.4 -5279.99
24.5 -5562.43
24.6 -5105.99
24.7 -3837.63
24.8 -1795.87
24.9 859.003
25 3853.8
25.1 6830.8
25.2 9392.8
25.3 11158.7
25.4 11821.2
25.5 11196.5
25.6 9258.42
25.7 6149.87
25.8 2168.8
25.9 -2268.63
26 -6682.3
26.1 -10590.7
26.2 -13571.5
26.3 -15311.5
26.4 -15638.4
26.5 -14532.5
26.6 -12119.4
26.7 -8646.02
26.8 -4447.35
26.9 92.0962
27 4576.85
27.1 8635.82
27.2 11952.2
27.3 14286.8
27.4 15492.5
27.5 15521.8
27.6 14423.9
27.7 12334.8
27.8 9460
27.9 6052.77
28 2390.28
28.1 -1250.1
28.2 -4612.49
28.3 -7480.79
28.4 -9692.9
28.5 -11150.1
28.6 -11821.2
28.7 -11740.4
28.8 -10999
28.9 -9731.98
29 -8100.27
29.1 -6271.11
29.2 -4400.04
29.3 -2616.37
29.4 -1013.99
29.5 352.092
29.6 1463.99
29.7 2335.48
29.8 3004.24
29.9 3523.11
30 3951.2
30.1 4345.33
30.2 4752.24
30.3 5202.08
30.4 5703.7
30.5 6242.43
30.6 6780.54
30.7 7260.62
30.8 7611.26
30.9 7754.57
31 7614.83
31.1 7127.55
31.2 6248.51
31.3 4961.71
31.4 3285.61
31.5 1276.21
31.6 -974.035
31.7 -3342.2
31.8 -5685.62
31.9 -7856.09
32 -9715.52
32.1 -11150.1
32.2 -12081.2
32.3 -12469.8
32.4 -12316.9
32.5 -11657.1
32.6 -10550.8
32.7 -9073.94
32.8 -7309.57
32.9 -5341.1
33 -3247.98
33.1 -1103.77
33.2 1024.11
33.3 3073.79
33.4 4988.08
33.5 6713.97
33.6 8202.82
33.7 9411.32
33.8 10303.3
33.9 10852.2
34 11043
34.1 10874.3
34.2 10358.7
34.3 9521.98
34.4 8401
34.5 7040.64
34.6 5490.85
34.7 3804.24
34.8 2034.67
34.9 236.847
35 -1533.64
35.1 -3220.45
35.2 -4767.37
35.3 -6120.35
35.4 -7230.4
35.5 -8056.98
35.6 -8571.26
35.7 -8758.67
35.8 -8620.44
35.9 -8174.1
36 -7452.75
36.1 -6503.41
36.2 -5384.08
36.3 -4159.65
36.4 -2896.84
36.5 -1658.52
36.6 -498.344
36.7 543.329
36.8 1441.37
36.9 2185.28
37 2776.23
37.1 3222.78
37.2 3536.35
37.3 3727.71
37.4 3805.18
37.5 3774.62
37.6 3640.8
37.7 3409.4
37.8 3088.94
37.9 2692.15
38 2236.59
38.1 1744.65
38.2 1242.88
38.3 760.632
38.4 328.098
38.5 -26.3898
38.6 -279.438
38.7 -415.592
38.8 -429.588
38.9 -327.283
39 -125.012
39.1 152.476
39.2 474.948
39.3 809.792
39.4 1124.73
39.5 1389.84
39.6 1579.01
39.7 1670.96
39.8 1650.26
39.9 1508.18
40 1243.49
40.1 862.735
40.2 379.884
40.3 -184.611
40.4 -805.279
40.5 -1453.23
40.6 -2097.71
40.7 -2707.48
40.8 -3252.13
40.9 -3703.58
41 -4037.68
41.1 -4235.99
41.2 -4287.32
41.3 -4188.81
41.4 -3946.09
41.5 -3572.66
41.6 -3088.34
41.7 -2517.44
41.8 -1886.58
41.9 -1222.86
42 -552.133
42.1 102.273
42.2 720.508
42.3 1286.78
42.4 1789.55
42.5 2221.38
42.6 2578.53
42.7 2860.51
42.8 3069.58
42.9 3210.45
43 3289.83
43.1 3315.87
43.2 3297.28
43.3 3242.12
43.4 3156.61
43.5 3044.3
43.6 2905.88
43.7 2739.97
43.8 2544.37
43.9 2317.68
44 2060.28
44.1 1774.68
44.2 1464.8
44.3 1134.72
44.4 787.36
44.5 423.759
44.6 43.1132
44.7 -356.288
44.8 -775.655
44.9 -1214.26
45 -1668.38
45.1 -2130.77
45.2 -2590.74
45.3 -3034.6
45.4 -3446.3
45.5 -3808.41
45.6 -4103.12
45.7 -4313.62
45.8 -4425.61
45.9 -4428.83
46 -4318.42
46.1 -4095.8
46.2 -3768.88
46.3 -3351.52
46.4 -2862.24
46.5 -2322.35
46.6 -1753.62
46.7 -1175.86
46.8 -604.685
46.9 -49.9205
47 484.968
47.1 1002.17
47.2 1507.61
47.3 2008.2
47.4 2508.83
47.5 3009.9
47.6 3505.86
47.7 3985.07
47.8 4430.66
47.9 4822.26
48 5137.82
48.1 5355.44
48.2 5454.94
48.3 5419.36
48.4 5236.4
48.5 4899.95
48.6 4411.33
48.7 3780.1
48.8 3024.13
48.9 2168.76
49 1245.1
49.1 287.903
49.2 -666.838
49.3 -1584.19
49.4 -2432.39
49.5 -3184.66
49.6 -3820.7
49.7 -4327.65
49.8 -4700.38
49.9 -4940.95
50 -5057.29
50.1 -5061.22
50.2 -4966.47
50.3 -4786.89
50.4 -4535.3
50.5 -4223.03
50.6 -3859.74
50.7 -3453.54
50.8 -3010.99
50.9 -2537.13
51 -2035.79
51.1 -1510.37
51.2 -965.172
51.3 -406.87
51.4 154.326
51.5 704.529
51.6 1227.36
51.7 1706.31
51.8 2127.61
51.9 2482.78
52 2769.86
52.1 2993.07
52.2 3160.94
52.3 3283.58
52.4 3369.97
52.5 3425.98
52.6 3453.61
52.7 3451.24
52.8 3414.75
52.9 3338.92
53 3218.77
53.1 3050.46
53.2 2831.98
53.3 2563.21
53.4 2245.83
53.5 1882.95
53.6 1478.7
53.7 1038.04
53.8 566.854
53.9 72.4175
54 -435.829
54.1 -945.668
54.2 -1441.99
54.3 -1907.58
54.4 -2324.78
54.5 -2677.87
54.6 -2955.39
54.7 -3151.91
54.8 -3268.55
54.9 -3312.24
55 -3293.9
55.1 -3226.04
55.2 -3120.54
55.3 -2986.98
55.4 -2831.81
55.5 -2658.35
55.6 -2467.34
55.7 -2257.75
55.8 -2027.64
55.9 -1774.91
56 -1497.75
56.1 -1194.84
56.2 -865.452
56.3 -509.329
56.4 -126.826
56.5 280.705
56.6 710.101
56.7 1155.3
56.8 1606.31
56.9 2048.71
57 2464.1
57.1 2831.76
57.2 3131.21
57.3 3345.18
57.4 3462.31
57.5 3478.73
57.6 3398.3
57.7 3231.48
57.8 2993.3
57.9 2700.91
58 2371.37
58.1 2020.06
58.2 1659.62
58.3 1299.61
58.4 946.614
58.5 604.681
58.6 276.064
58.7 -37.9547
58.8 -336.293
58.9 -617.586
59 -880.141
59.1 -1122.31
59.2 -1343.09
59.3 -1542.52
59.4 -1721.62
59.5 -1881.71
59.6 -2023.24
59.7 -2144.73
59.8 -2242.19
59.9 -2309.52
60 -2339.79
60.1 -2326.99
60.2 -2267.65
60.3 -2161.67
60.4 -2012.28
60.5 -1825.01
60.6 -1606.49
60.7 -1363.29
60.8 -1101.54
60.9 -827.001
61 -545.58
61.1 -263.785
61.2 11.2175
61.3 271.973
61.4 511.41
61.5 723.526
61.6 903.896
61.7 1049.92
61.8 1160.92
61.9 1238.22
62 1285.16
62.1 1307.08
62.2 1310.87
62.3 1304.13
62.4 1293.97
62.5 1285.61
62.6 1281.51
62.7 1281.09
62.8 1281.4
62.9 1278.34
63 1268.13
63.1 1248.32
63.2 1218.12
63.3 1177.96
63.4 1128.67
63.5 1070.4
63.6 1001.96
63.7 920.43
63.8 821.227
63.9 698.446
64 545.487
64.1 356.058
64.2 125.618
64.3 -146.786
64.4 -456.636
64.5 -792.651
64.6 -1136.74
64.7 -1465.65
64.8 -1754.28
64.9 -1979.81
65 -2125.82
65.1 -2184.89
65.2 -2159.29
65.3 -2059.42
65.4 -1900.87
65.5 -1701.02
65.6 -1476.25
65.7 -1240.37
65.8 -1004.32
65.9 -776.628
66 -563.972
66.1 -371.474
66.2 -202.482
66.3 -58.1358
66.4 62.9454
66.5 164.56
66.6 252.358
66.7 332.986
66.8 413.167
66.9 498.893
67 594.705
67.1 702.953
67.2 823
67.3 950.519
67.4 1077.24
67.5 1191.61
67.6 1280.49
67.7 1331.88
67.8 1337.79
67.9 1296.62
68 1213.92
68.1 1101.33
68.2 973.878
68.3 846.396
68.4 730.133
68.5 630.547
68.6 546.729
68.7 472.421
68.8 398.12
68.9 313.605
69 210.331
69.1 83.3238
69.2 -67.5288
69.3 -236.867
69.4 -414.004
69.5 -583.987
69.6 -729.637
69.7 -834.454
69.8 -885.928
69.9 -878.506
70 -815.434
70.1 -708.872
70.2 -578.123
70.3 -446.369
70.4 -336.656
70.5 -268.029
70.6 -252.567
70.7 -293.736
70.8 -386.148
70.9 -516.568
71 -665.9
71.1 -811.889
71.2 -932.242
71.3 -1007.81
71.4 -1025.36
71.5 -979.437
71.6 -872.869
71.7 -715.761
71.8 -523.253
71.9 -312.62
72 -100.479
72.1 99.2553
72.2 276.373
72.3 424.456
72.4 540.483
72.5 624.415
72.6 679.006
72.7 709.775
72.8 724.766
72.9 733.732
73 746.595
73.1 771.409
73.2 812.374
73.3 868.574
73.4 933.88
73.5 998.092
73.6 1048.94
73.7 1074.33
73.8 1064.27
73.9 1012.06
74 914.847
74.1 773.754
74.2 593.808
74.3 383.84
74.4 156.15
74.5 -74.3195
74.6 -291.534
74.7 -480.554
74.8 -629.948
74.9 -733.753
75 -792.338
75.1 -811.839
75.2 -802.308
75.3 -775.147
75.4 -740.652
75.5 -706.335
75.6 -676.379
75.7 -652.09
75.8 -632.878
75.9 -617.208
76 -603.135
76.1 -588.36
76.2 -570.054
76.3 -544.825
76.4 -509.099
76.5 -459.93
76.6 -395.976
76.7 -318.201
76.8 -229.958
76.9 -136.299
77 -42.7297
77.1 46.1722
77.2 127.771
77.3 201.657
77.4 269.133
77.5 332.124
77.6 391.926
77.7 448.244
77.8 498.82
77.9 539.748
78 566.344
78.1 574.311
78.2 560.902
78.3 525.837
78.4 471.81
78.5 404.474
78.6 331.88
78.7 263.371
78.8 208.034
78.9 172.925
79 161.403
79.1 172.015
79.2 198.308
79.3 229.821
79.4 254.18
79.5 259.901
79.6 239.253
79.7 190.405
79.8 118.245
79.9 33.5522
80 -49.3306
80.1 -115.783
80.2 -154.349
80.3 -159.483
80.4 -132.975
80.5 -83.7486
80.6 -26.1586
80.7 22.7697
80.8 46.5171
80.9 32.0252
81 -28.0823
81.1 -134.301
81.2 -280.132
81.3 -452.941
81.4 -635.563
81.5 -808.387
81.6 -951.653
81.7 -1047.71
81.8 -1083.02
81.9 -1049.67
82 -946.268
82.1 -778.162
82.2 -556.873
82.3 -298.964
82.4 -24.3941
82.5 245.376
82.6 489.402
82.7 689.23
82.8 830.712
82.9 905.537
83 912.302
83.1 856.911
83.2 752.087
83.3 615.838
83.4 468.954
83.5 331.844
83.6 221.266
83.7 147.642
83.8 113.546
83.9 113.758
84 136.866
84.1 168.019
84.2 192.153
84.3 196.957
84.4 174.94
84.5 124.303
84.6 48.5894
84.7 -44.5526
84.8 -145.093
84.9 -242.363
85 -326.464
85.1 -389.243
85.2 -424.795
85.3 -429.611
85.4 -402.595
85.5 -345.026
85.6 -260.621
85.7 -155.517
85.8 -38.0784
85.9 81.4395
86 191.763
86.1 281.788
86.2 341.969
86.3 365.751
86.4 350.43
86.5 297.621
86.6 213.068
86.7 105.801
86.8 -13.0438
86.9 -131.579
87 -238.526
87.1 -324.363
87.2 -382.251
87.3 -408.677
87.4 -403.787
87.5 -371.174
87.6 -317.214
87.7 -249.987
87.8 -177.892
87.9 -108.436
88 -47.2161
88.1 2.57935
88.2 40.0045
88.3 65.8548
88.4 82.0047
88.5 90.8408
88.6 94.8992
88.7 96.7235
88.8 98.8087
88.9 103.445
89 112.447
89.1 126.749
89.2 146.128
89.3 168.985
89.4 192.56
89.5 213.342
89.6 227.655
89.7 232.216
89.8 224.557
89.9 203.297
90 168.26
90.1 120.546
90.2 62.5813
90.3 -1.92283
90.4 -68.1708
90.5 -130.686
90.6 -183.974
90.7 -223.286
90.8 -245.292
90.9 -248.51
91 -233.333
91.1 -201.72
91.2 -156.695
91.3 -101.808
91.4 -40.7617
91.5 22.7963
91.6 85.3306
91.7 143.439
91.8 193.927
91.9 233.985
92 261.396
92.1 274.716
92.2 273.342
92.3 257.477
92.4 228.02
92.5 186.45
92.6 134.767
92.7 75.4518
92.8 11.4364
92.9 -54.0364
93 -117.676
93.1 -176.479
93.2 -228.065
93.3 -270.904
93.4 -304.345
93.5 -328.458
93.6 -343.753
93.7 -350.838
93.8 -350.135
93.9 -341.741
94 -325.404
94.1 -300.626
94.2 -266.836
94.3 -223.603
94.4 -170.89
94.5 -109.292
94.6 -40.2377
94.7 33.9066
94.8 109.895
94.9 183.839
95 251.601
95.1 309.285
95.2 353.703
95.3 382.718
95.4 395.405
95.5 392.025
95.6 373.839
95.7 342.864
95.8 301.611
95.9 252.874
96 199.565
96.1 144.584
96.2 90.7175
96.3 40.5258
96.4 -3.7844
96.5 -40.4933
96.6 -68.5002
96.7 -87.4405
96.8 -97.7692
96.9 -100.73
97 -98.2391
97.1 -92.6377
97.2 -86.3394
97.3 -81.4391
97.4 -79.3349
97.5 -80.5025
97.6 -84.4731
97.7 -90.0008
97.8 -95.4033
97.9 -98.9814
98 -99.4007
98.1 -95.9696
98.2 -88.7668
98.3 -78.5838
98.4 -66.7532
98.5 -54.926
98.6 -44.804
98.7 -37.8934
98.8 -35.3149
98.9 -37.6397
99 -44.8254
99.1 -56.2198
99.2 -70.6188
99.3 -86.3873
99.4 -101.618
99.5 -114.299
99.6 -122.485
99.7 -124.444
99.8 -118.804
99.9 -104.679
100 -81.794
100.1 -50.569
100.2 -12.176
100.3 31.498
100.4 77.9448
100.5 124.222
100.6 167.207
100.7 203.885
100.8 231.652
100.9 248.578
101 253.603
101.1 246.641
101.2 228.585
101.3 201.202
101.4 166.959
101.5 128.779
101.6 89.7766
101.7 52.9773
101.8 21.0463
101.9 -3.96193
102 -20.8034
102.1 -29.1788
102.2 -29.769
102.3 -24.1639
102.4 0
102.5 0
102.6 0
102.7 0
102.8 0
102.9 0
103 0
103.1 0
103.2 0
103.3 0
103.4 0
103.5 0
103.6 0
103.7 0
103.8 0
103.9 0
104 0
104.1 0
104.2 0
104.3 0
104.4 0
104.5 0
104.6 0
104.7 0
104.8 0
104.9 0
105 0
105.1 0
105.2 0
105.3 0
105.4 0
105.5 0
105.6 0
105.7 0
105.8 0
105.9 0
106 0
106.1 0
106.2 0
106.3 0
106.4 0
106.5 0
106.6 0
106.7 0
106.8 0
106.9 0
107 0
107.1 0
107.2 0
107.3 0
107.4 0
107.5 0
107.6 0
107.7 0
107.8 0
107.9 0
108 0
108.1 0
108.2 0
108.3 0
108.4 0
108.5 0
108.6 0
108.7 0
108.8 0
108.9 0
109 0
109.1 0
109.2 0
109.3 0
109.4 0
109.5 0
109.6 0
109.7 0
109.8 0
109.9 0
110 0
110.1 0
110.2 0
110.3 0
110.4 0
110.5 0
110.6 0
110.7 0
110.8 0
110.9 0
111 0
111.1 0
111.2 0
111.3 0
111.4 0
111.5 0
111.6 0
111.7 0
111.8 0
111.9 0
112 0
112.1 0
112.2 0
112.3 0
112.4 0
112.5 0
112.6 0
112.7 0
112.8 0
112.9 0
113 0
113.1 0
113.2 0
113.3 0
113.4 0
113.5 0
113.6 0
113.7 0
113.8 0
113.9 0
114 0
114.1 0
114.2 0
114.3 0
114.4 0
114.5 0
114.6 0
114.7 0
114.8 0
114.9 0
115 0
115.1 0
115.2 0
115.3 0
115.4 0
115.5 0
115.6 0
115.7 0
115.8 0
115.9 0
116 0
116.1 0
116.2 0
116.3 0
116.4 0
116.5 0
116.6 0
116.7 0
116.8 0
116.9 0
117 0
117.1 0
117.2 0
117.3 0
117.4 0
117.5 0
117.6 0
117.7 0
117.8 0
117.9 0
118 0
118.1 0
118.2 0
118.3 0
118.4 0
118.5 0
118.6 0
118.7 0
118.8 0
118.9 0
119 0
119.1 0
119.2 0
119.3 0
119.4 0
119.5 0
119.6 0
119.7 0
119.8 0
119.9 0
120 0
120.1 0
120.2 0
120.3 0
120.4 0
120.5 0
120.6 0
120.7 0
120.8 0
120.9 0
121 0
121.1 0
121.2 0
121.3 0
121.4 0
121.5 0
121.6 0
121.7 0
121.8 0
121.9 0
122 0
122.1 0
122.2 0
122.3 0
122.4 0
122.5 0
122.6 0
122.7 0
122.8 0
122.9 0
123 0
123.1 0
123.2 0
123.3 0
123.4 0
123.5 0
123.6 0
123.7 0
123.8 0
123.9 0
124 0
124.1 0
124.2 0
124.3 0
124.4 0
124.5 0
124.6 0
124.7 0
124.8 0
124.9 0
125 0
125.1 0
125.2 0
125.3 0
125.4 0
125.5 0
125.6 0
125.7 0
125.8 0
125.9 0
126 0
126.1 0
126.2 0
126.3 0
126.4 0
126.5 0
126.6 0
126.7 0
126.8 0
126.9 0
127 0
127.1 0
127.2 0
127.3 0
127.4 0
127.5 0
127.6 0
127.7 0
127.8 0
127.9 0
128 0
128.1 0
128.2 0
128.3 0
128.4 0
128.5 0
128.6 0
128.7 0
128.8 0
128.9 0
129 0
129.1 0
129.2 0
129.3 0
129.4 0
129.5 0
129.6 0
129.7 0
129.8 0
129.9 0
130 0
130.1 0
130.2 0
130.3 0
130.4 0
130.5 0
130.6 0
130.7 0
130.8 0
130.9 0
131 0
131.1 0
131.2 0
131.3 0
131.4 0
131.5 0
131.6 0
131.7 0
131.8 0
131.9 0
132 0
132.1 0
132.2 0
132.3 0
132.4 0
132.5 0
132.6 0
132.7 0
132.8 0
132.9 0
133 0
133.1 0
133.2 0
133.3 0
133.4 0
133.5 0
133.6 0
133.7 0
133.8 0
133.9 0
134 0
134.1 0
134.2 0
134.3 0
134.4 0
134.5 0
134.6 0
134.7 0
134.8 0
134.9 0
135 0
135.1 0
135.2 0
135.3 0
135.4 0
135.5 0
135.6 0
135.7 0
135.8 0
135.9 0
136 0
136.1 0
136.2 0
136.3 0
136.4 0
136.5 0
136.6 0
136.7 0
136.8 0
136.9 0
137 0
137.1 0
137.2 0
137.3 0
137.4 0
137.5 0
137.6 0
137.7 0
137.8 0
137.9 0
138 0
138.1 0
138.2 0
138.3 0
138.4 0
138.5 0
138.6 0
138.7 0
138.8 0
138.9 0
139 0
139.1 0
139.2 0
139.3 0
139.4 0
139.5 0
139.6 0
139.7 0
139.8 0
139.9 0
140 0
140.1 0
140.2 0
140.3 0
140.4 0
140.5 0
140.6 0
140.7 0
140.8 0
140.9 0
141 0
141.1 0
141.2 0
141.3 0
141.4 0
141.5 0
141.6 0
141.7 0
141.8 0
141.9 0
142 0
142.1 0
142.2 0
142.3 0
142.4 0
142.5 0
142.6 0
142.7 0
142.8 0
142.9 0
143 0
143.1 0
143.2 0
143.3 0
143.4 0
143.5 0
143.6 0
143.7 0
143.8 0
143.9 0
144 0
144.1 0
144.2 0
144.3 0
144.4 0
144.5 0
144.6 0
144.7 0
144.8 0
144.9 0
145 0
145.1 0
145.2 0
145.3 0
145.4 0
145.5 0
145.6 0
145.7 0
145.8 0
145.9 0
146 0
146.1 0
146.2 0
146.3 0
146.4 0
146.5 0
146.6 0
146.7 0
146.8 0
146.9 0
147 0
147.1 0
147.2 0
147.3 0
147.4 0
147.5 0
147.6 0
147.7 0
147.8 0
147.9 0
148 0
148.1 0
148.2 0
148.3 0
148.4 0
148.5 0
148.6 0
148.7 0
148.8 0
148.9 0
149 0
149.1 0
149.2 0
149.3 0
149.4 0
149.5 0
149.6 0
149.7 0
149.8 0
149.9 0
150 0
150.1 0
150.2 0
150.3 0
150.4 0
150.5 0
150.6 0
150.7 0
150.8 0
150.9 0
151 0
151.1 0
151.2 0
151.3 0
151.4 0
151.5 0
151.6 0
151.7 0
151.8 0
151.9 0
152 0
152.1 0
152.2 0
152.3 0
152.4 0
152.5 0
152.6 0
152.7 0
152.8 0
152.9 0
153 0
153.1 0
153.2 0
153.3 0
153.4 0
153.5 0
153.6 0
153.7 0
153.8 0
153.9 0
154 0
154.1 0
154.2 0
154.3 0
154.4 0
154.5 0
154.6 0
154.7 0
154.8 0
154.9 0
155 0
155.1 0
155.2 0
155.3 0
155.4 0
155.5 0
155.6 0
155.7 0
155.8 0
155.9 0
156 0
156.1 0
156.2 0
156.3 0
156.4 0
156.5 0
156.6 0
156.7 0
156.8 0
156.9 0
157 0
157.1 0
157.2 0
157.3 0
157.4 0
157.5 0
157.6 0
157.7 0
157.8 0
157.9 0
158 0
158.1 0
158.2 0
158.3 0
158.4 0
158.5 0
158.6 0
158.7 0
158.8 0
158.9 0
159 0
159.1 0
159.2 0
159.3 0
159.4 0
159.5 0
159.6 0
159.7 0
159.8 0
159.9 0
160 0
160.1 0
160.2 0
160.3 0
160.4 0
160.5 0
160.6 0
160.7 0
160.8 0
160.9 0
161 0
161.1 0
161.2 0
161.3 0
161.4 0
161.5 0
161.6 0
161.7 0
161.8 0
161.9 0
162 0
162.1 0
162.2 0
162.3 0
162.4 0
162.5 0
162.6 0
162.7 0
162.8 0
162.9 0
163 0
163.1 0
163.2 0
163.3 0
163.4 0
163.5 0
163.6 0
163.7 0
163.8 0
163.9 0
164 0
164.1 0
164.2 0
164.3 0
164.4 0
164.5 0
164.6 0
164.7 0
164.8 0
164.9 0
165 0
165.1 0
165.2 0
165.3 0
165.4 0
165.5 0
165.6 0
165.7 0
165.8 0
165.9 0
166 0
166.1 0
166.2 0
166.3 0
166.4 0
166.5 0
166.6 0
166.7 0
166.8 0
166.9 0
167 0
167.1 0
167.2 0
167.3 0
167.4 0
167.5 0
167.6 0
167.7 0
167.8 0
167.9 0
168 0
168.1 0
168.2 0
168.3 0
168.4 0
168.5 0
168.6 0
168.7 0
168.8 0
168.9 0
169 0
169.1 0
169.2 0
169.3 0
169.4 0
169.5 0
169.6 0
169.7 0
169.8 0
169.9 0
170 0
170.1 0
170.2 0
170.3 0
170.4 0
170.5 0
170.6 0
170.7 0
170.8 0
170.9 0
171 0
171.1 0
171.2 0
171.3 0
171.4 0
171.5 0
171.6 0
171.7 0
171.8 0
171.9 0
172 0
172.1 0
172.2 0
172.3 0
172.4 0
172.5 0
172.6 0
172.7 0
172.8 0
172.9 0
173 0
173.1 0
173.2 0
173.3 0
173.4 0
173.5 0
173.6 0
173.7 0
173.8 0
173.9 0
174 0
174.1 0
174.2 0
174.3 0
174.4 0
174.5 0
174.6 0
174.7 0
174.8 0
174.9 0
175 0
175.1 0
175.2 0
175.3 0
175.4 0
175.5 0
175.6 0
175.7 0
175.8 0
175.9 0
176 0
176.1 0
176.2 0
176.3 0
176.4 0
176.5 0
176.6 0
176.7 0
176.8 0
176.9 0
177 0
177.1 0
177.2 0
177.3 0
177.4 0
177.5 0
177.6 0
177.7 0
177.8 0
177.9 0
178 0
178.1 0
178.2 0
178.3 0
178.4 0
178.5 0
178.6 0
178.7 0
178.8 0
178.9 0
179 0
179.1 0
179.2 0
179.3 0
179.4 0
179.5 0
179.6 0
179.7 0
179.8 0
179.9 0
180 0
180.1 0
180.2 0
180.3 0
180.4 0
180.5 0
180.6 0
180.7 0
180.8 0
180.9 0
181 0
181.1 0
181.2 0
181.3 0
181.4 0
181.5 0
181.6 0
181.7 0
181.8 0
181.9 0
182 0
182.1 0
182.2 0
182.3 0
182.4 0
182.5 0
182.6 0
182.7 0
182.8 0
182.9 0
183 0
183.1 0
183.2 0
183.3 0
183.4 0
183.5 0
183.6 0
183.7 0
183.8 0
183.9 0
184 0
184.1 0
184.2 0
184.3 0
184.4 0
184.5 0
184.6 0
184.7 0
184.8 0
184.9 0
185 0
185.1 0
185.2 0
185.3 0
185.4 0
185.5 0
185.6 0
185.7 0
185.8 0
185.9 0
186 0
186.1 0
186.2 0
186.3 0
186.4 0
186.5 0
186.6 0
186.7 0
186.8 0
186.9 0
187 0
187.1 0
187.2 0
187.3 0
187.4 0
187.5 0
187.6 0
187.7 0
187.8 0
187.9 0
188 0
188.1 0
188.2 0
188.3 0
188.4 0
188.5 0
188.6 0
188.7 0
188.8 0
188.9 0
189 0
189.1 0
189.2 0
189.3 0
189.4 0
189.5 0
189.6 0
189.7 0
189.8 0
189.9 0
190 0
190.1 0
190.2 0
190.3 0
190.4 0
190.5 0
190.6 0
190.7 0
190.8 0
190.9 0
191 0
191.1 0
191.2 0
191.3 0
191.4 0
191.5 0
191.6 0
191.7 0
191.8 0
191.9 0
192 0
192.1 0
192.2 0
192.3 0
192.4 0
192.5 0
192.6 0
192.7 0
192.8 0
192.9 0
193 0
193.1 0
193.2 0
193.3 0
193.4 0
193.5 0
193.6 0
193.7 0
193.8 0
193.9 0
194 0
194.1 0
194.2 0
194.3 0
194.4 0
194.5 0
194.6 0
194.7 0
194.8 0
194.9 0
195 0
195.1 0
195.2 0
195.3 0
195.4 0
195.5 0
195.6 0
195.7 0
195.8 0
195.9 0
196 0
196.1 0
196.2 0
196.3 0
196.4 0
196.5 0
196.6 0
196.7 0
196.8 0
196.9 0
197 0
197.1 0
197.2 0
197.3 0
197.4 0
197.5 0
197.6 0
197.7 0
197.8 0
197.9 0
198 0
198.1 0
198.2 0
198.3 0
198.4 0
198.5 0
198.6 0
198.7 0
198.8 0
198.9 0
199 0
199.1 0
199.2 0
199.3 0
199.4 0
199.5 0
199.6 0
199.7 0
199.8 0
199.9 0
200 0
200.1 0
200.2 0
200.3 0
200.4 0
200.5 0
200.6 0
200.7 0
200.8 0
200.9 0
201 0
201.1 0
201.2 0
201.3 0
201.4 0
201.5 0
201.6 0
201.7 0
201.8 0
201.9 0
202 0
202.1 0
202.2 0
202.3 0
202.4 0
202.5 0
202.6 0
202.7 0
202.8 0
202.9 0
203 0
203.1 0
203.2 0
203.3 0
203.4 0
203.5 0
203.6 0
203.7 0
203.8 0
203.9 0
204 0
204.1 0
204.2 0
204.3 0
204.4 0
204.5 0
204.6 0
204.7 0
