0 -100.994
0.1 -139.976
0.2 -169.409
0.3 -184.392
0.4 -181.783
0.5 -161.484
0.6 -127.118
0.7 -85.7509
0.8 -46.5763
0.9 -18.8684
1 -9.69796
1.1 -22.0388
1.2 -53.8113
1.3 -98.1387
1.4 -144.797
1.5 -182.525
1.6 -201.637
1.7 -196.321
1.8 -166.056
1.9 -115.783
2 -54.7799
2.1 5.52257
2.2 54.2686
2.3 83.7232
2.4 91.0148
2.5 78.5988
2.6 53.3087
2.7 24.3252
2.8 0.639391
2.9 -11.2503
3 -8.73984
3.1 6.71621
3.2 30.6291
3.3 57.2964
3.4 81.7631
3.5 101.312
3.6 116.04
3.7 128.395
3.8 141.898
3.9 159.497
4 182.093
4.1 207.721
4.2 231.617
4.3 247.164
4.4 247.466
4.5 227.116
4.6 183.697
4.7 118.665
4.8 37.3911
4.9 -51.6181
5 -138.145
5.1 -212.043
5.2 -265.044
5.3 -292.28
5.4 -293.245
5.5 -271.996
5.6 -236.471
5.7 -196.93
5.8 -163.745
5.9 -144.914
6 -143.94
6.1 -158.68
6.2 -181.628
6.3 -201.736
6.4 -207.366
6.5 -189.543
6.6 -144.521
6.7 -74.8252
6.8 11.5644
6.9 103.576
7 190.111
7.1 262.757
7.2 317.248
7.3 353.33
7.4 373.286
7.5 379.836
7.6 374.308
7.7 355.737
7.8 321.15
7.9 266.84
8 190.134
8.1 91.0932
8.2 -26.281
8.3 -153.665
8.4 -278.909
8.5 -387.458
8.6 -464.565
8.7 -498.039
8.8 -481.008
8.9 -414.025
9 -305.754
9.1 -171.801
9.2 -31.7326
9.3 95.0643
9.4 193.473
9.5 255.477
9.6 280.869
9.7 275.737
9.8 249.45
9.9 211.344
10 168.337
10.1 124.169
10.2 80.2406
10.3 37.3232
10.4 -2.82779
10.5 -36.7724
10.6 -59.8629
10.7 -67.614
10.8 -57.3292
10.9 -29.3347
11 12.546
11.1 61.302
11.2 107.622
11.3 141.121
11.4 151.777
11.5 131.568
11.6 76.2048
11.7 -13.2732
11.8 -129.544
11.9 -259.217
12 -384.527
12.1 -486.335
12.2 -547.762
12.3 -557.447
12.4 -511.526
12.5 -413.858
12.6 -274.674
12.7 -108.333
12.8 68.999
12.9 241.128
13 392.972
13.1 511.358
13.2 585.901
13.3 610.219
13.4 583.259
13.5 510.209
13.6 402.365
13.7 275.644
13.8 147.932
13.9 35.9287
14 -47.6501
14.1 -95.8518
14.2 -108
14.3 -89.1456
14.4 -48.887
14.5 0.0760024
14.6 43.5336
14.7 67.6053
14.8 60.9242
14.9 17.007
15 -63.7164
15.1 -172.977
15.2 -295.484
15.3 -411.652
15.4 -501.694
15.5 -550
15.6 -548.49
15.7 -497.992
15.8 -407.332
15.9 -290.605
16 -163.586
16.1 -40.3691
16.2 68.9855
16.3 159.465
16.4 230.883
16.5 286.735
16.6 332.469
16.7 373.438
16.8 412.815
16.9 449.851
17 479.021
17.1 490.56
17.2 472.669
17.3 415.084
17.4 313.125
17.5 170.885
17.6 2.27663
17.7 -170.774
17.8 -322.787
17.9 -430.679
18 -479.471
18.1 -466.005
18.2 -399.568
18.3 -299.289
18.4 -189.146
18.5 -92.0842
18.6 -24.8401
18.7 5.26142
18.8 0.963953
18.9 -26.7008
19 -61.9528
19.1 -88.5827
19.2 -94.0139
19.3 -72.2089
19.4 -24.8125
19.5 39.6934
19.6 108.592
19.7 168.615
19.8 209.698
19.9 227.724
20 225.386
20.1 210.864
20.2 194.703
20.3 185.884
20.4 188.424
20.5 199.664
20.6 210.879
20.7 210.009
20.8 185.633
20.9 130.852
21 45.8425
21.1 -61.6951
21.2 -178.237
21.3 -287.674
21.4 -375.039
21.5 -429.656
21.6 -446.928
21.7 -428.476
21.8 -380.808
21.9 -313.073
22 -234.58
22.1 -152.713
22.2 -71.716
22.3 7.40325
22.4 85.8816
22.5 165.375
22.6 245.811
22.7 323.587
22.8 390.804
22.9 436.024
23 446.639
23.1 412.379
23.2 329.007
23.3 200.988
23.4 42.0874
23.5 -126.581
23.6 -280.72
23.7 -398.147
23.8 -463.673
23.9 -472.165
24 -428.926
24.1 -347.462
24.2 -245.462
24.3 -140.326
24.4 -45.5158
24.5 31.4526
24.6 89.2
24.7 131.25
24.8 164.034
24.9 194.771
25 229.608
25.1 272.184
25.2 322.645
25.3 377.195
25.4 428.335
25.5 465.934
25.6 479.134
25.7 458.751
25.8 399.562
25.9 301.801
26 171.337
26.1 18.5073
26.2 -143.981
26.3 -303.293
26.4 -448.108
26.5 -569.269
26.6 -659.522
26.7 -712.916
26.8 -724.523
26.9 -690.955
27 -611.659
27.1 -490.506
27.2 -336.876
27.3 -165.54
27.4 5.00018
27.5 155.525
27.6 269.758
27.7 337.747
27.8 358.043
27.9 338.062
28 292.443
28.1 239.718
28.2 197.984
28.3 180.575
28.4 192.745
28.5 230.246
28.6 280.232
28.7 324.394
28.8 343.57
28.9 322.685
29 254.695
29.1 142.525
29.2 -1.45115
29.3 -158.088
29.4 -305.439
29.5 -422.893
29.6 -494.495
29.7 -510.894
29.8 -469.87
29.9 -375.779
30 -238.346
30.1 -71.1789
30.2 109.835
30.3 288.185
30.4 448.387
30.5 577.433
30.6 665.78
30.7 707.646
30.8 700.593
30.9 644.67
31 541.583
31.1 394.349
31.2 207.661
31.3 -11.2124
31.4 -251.5
31.5 -498.577
31.6 -734.645
31.7 -940.49
31.8 -1097.97
31.9 -1192.59
32 -1215.62
32.1 -1165.19
32.2 -1046.32
32.3 -870.011
32.4 -651.517
32.5 -408.095
32.6 -156.492
32.7 89.5443
32.8 321.232
32.9 535.666
33 735.198
33.1 925.154
33.2 1110.28
33.3 1290.84
33.4 1459.6
33.5 1600.8
33.6 1691.59
33.7 1705.86
33.8 1619.43
33.9 1415.43
34 1088.54
34.1 647.537
34.2 115.625
34.3 -470.955
34.4 -1065.9
34.5 -1617.08
34.6 -2071.8
34.7 -2383
34.8 -2515.7
34.9 -2452.79
35 -2198.75
35.1 -1780.17
35.2 -1242.3
35.3 -642.166
35.4 -39.7136
35.5 510.783
35.6 966.822
35.7 1299.93
35.8 1494.11
35.9 1541.9
36 1440.47
36.1 1190.2
36.2 797.04
36.3 278.645
36.4 -327.835
36.5 -959.406
36.6 -1525.91
36.7 -1916.46
36.8 -2014.51
36.9 -1720.17
37 -975.964
37.1 209.383
37.2 1745.35
37.3 3457.46
37.4 5101.85
37.5 6396.61
37.6 7066.27
37.7 6892.13
37.8 5759.18
37.9 3689.37
38 853.198
38.1 -2445
38.2 -5807.04
38.3 -8799.93
38.4 -11023.3
38.5 -12172.3
38.6 -12084.2
38.7 -10759.7
38.8 -8357.37
38.9 -5162
39 -1536.76
39.1 2131.91
39.2 5485.61
39.3 8233.67
39.4 10176.8
39.5 11214.6
39.6 11340.1
39.7 10624.4
39.8 9199.04
39.9 7235.53
40 4927.58
40.1 2474.46
40.2 66.1387
40.3 -2129.96
40.4 -3980.35
40.5 -5393.99
40.6 -6326.99
40.7 -6782.45
40.8 -6805.34
40.9 -6472.99
41 -5882.49
41.1 -5136.86
41.2 -4331.79
41.3 -3544.43
41.4 -2825.57
41.5 -2195.71
41.6 -1645.51
41.7 -1140.45
41.8 -629.405
41.9 -55.9636
42 628.838
42.1 1454.47
42.2 2421.68
42.3 3497.94
42.4 4618.74
42.5 5694.6
42.6 6622.79
42.7 7301.35
42.8 7643.07
42.9 7587.07
43 7106.23
43.1 6209.9
43.2 4942.09
43.3 3375.99
43.4 1606.05
43.5 -261.145
43.6 -2116.18
43.7 -3855.3
43.8 -5387.44
43.9 -6639.5
44 -7559.51
44.1 -8118.04
44.2 -8308.14
44.3 -8144.17
44.4 -7659.96
44.5 -6906.02
44.6 -5945.65
44.7 -4849.6
44.8 -3689.33
44.9 -2529.32
45 -1419.88
45.1 -391.95
45.2 544.719
45.3 1399.14
45.4 2192.92
45.5 2951.75
45.6 3696.54
45.7 4436.31
45.8 5164.29
45.9 5857.57
46 6480.09
46.1 6987.68
46.2 7334.11
46.3 7477.01
46.4 7382.92
46.5 7031.04
46.6 6415.29
46.7 5544.66
46.8 4441.94
46.9 3141.1
47 1684.31
47.1 119.23
47.2 -1502.55
47.3 -3125.91
47.4 -4691.77
47.5 -6136.93
47.6 -7395.24
47.7 -8400.78
47.8 -9092.91
47.9 -9422.5
48 -9357.95
48.1 -8889.77
48.2 -8033.02
48.3 -6827.47
48.4 -5335.65
48.5 -3639.25
48.6 -1834.15
48.7 -23.818
48.8 1688.58
48.9 3209.05
49 4461.53
49.1 5394.83
49.2 5986.2
49.3 6240.69
49.4 6186.24
49.5 5866.17
49.6 5330.9
49.7 4631.18
49.8 3814.12
49.9 2922.06
50 1993.75
50.1 1066.07
50.2 175.58
50.3 -641.2
50.4 -1348.41
50.5 -1912.25
50.6 -2302.7
50.7 -2495.54
50.8 -2474.78
50.9 -2235.62
51 -1787.51
51.1 -1156.65
51.2 -386.737
51.3 462.809
51.4 1321.56
51.5 2115
51.6 2772.48
51.7 3234.67
51.8 3459.24
51.9 3424.24
52 3129.11
52.1 2593.87
52.2 1856.79
52.3 970.851
52.4 -1.05186
52.5 -991.994
52.6 -1937.57
52.7 -2782.26
52.8 -3484.36
52.9 -4018.68
53 -4376.44
53.1 -4562.78
53.2 -4592.87
53.3 -4487.89
53.4 -4271.63
53.5 -3968.23
53.6 -3600.64
53.7 -3189.4
53.8 -2751.31
53.9 -2298.02
54 -1834.95
54.1 -1361.27
54.2 -871.184
54.3 -356.412
54.4 190.64
54.5 774.016
54.6 1392.32
54.7 2038.07
54.8 2698.23
54.9 3355.19
55 3987.98
55.1 4573.19
55.2 5085.92
55.3 5500.85
55.4 5793.83
55.5 5943.84
55.6 5935.01
55.7 5758.32
55.8 5412.42
55.9 4903.68
56 4245.43
56.1 3456.94
56.2 2562.32
56.3 1589.52
56.4 569.243
56.5 -466.448
56.6 -1485.91
56.7 -2460
56.8 -3363.84
56.9 -4177.97
57 -4888.17
57.1 -5484.19
57.2 -5957.6
57.3 -6299.65
57.4 -6499.77
57.5 -6545.51
57.6 -6424.02
57.7 -6124.95
57.8 -5644.16
57.9 -4987.49
58 -4173.77
58.1 -3236.23
58.2 -2221.69
58.3 -1187.2
58.4 -194.241
58.5 698.891
58.6 1445.35
58.7 2016.95
58.8 2408.77
58.9 2639.73
59 2748.74
59.1 2786.9
59.2 2807.46
59.3 2855.56
59.4 2960.12
59.5 3129.6
59.6 3352.21
59.7 3600.36
59.8 3837.78
59.9 4027.63
60 4139.56
60.1 4154.43
60.2 4065.92
60.3 3879.1
60.4 3606.72
60.5 3264.41
60.6 2865.97
60.7 2419.94
60.8 1928.28
60.9 1387.53
61 792.024
61.1 138.462
61.2 -569.436
61.3 -1317.55
61.4 -2080.35
61.5 -2822.78
61.6 -3504.78
61.7 -4087.42
61.8 -4539.13
61.9 -4840.47
62 -4986.3
62.1 -4985.06
62.2 -4855.53
62.3 -4622.26
62.4 -4311
62.5 -3945.07
62.6 -3543.33
62.7 -3119.52
62.8 -2682.6
62.9 -2237.39
63 -1785.31
63.1 -1325.04
63.2 -853.466
63.3 -367.038
63.4 136.311
63.5 655.083
63.6 1182.53
63.7 1706
63.8 2207.64
63.9 2666.55
64 3061.82
64.1 3375.83
64.2 3596.96
64.3 3721.32
64.4 3753.21
64.5 3704.27
64.6 3591.63
64.7 3435.3
64.8 3255.04
64.9 3067.12
65 2881.48
65.1 2699.78
65.2 2514.91
65.3 2312.44
65.4 2073.68
65.5 1780.09
65.6 1417.94
65.7 982.231
65.8 478.885
65.9 -75.2329
66 -654.479
66.1 -1228.26
66.2 -1765.73
66.3 -2240.32
66.4 -2633.42
66.5 -2936.39
66.6 -3150.61
66.7 -3285.6
66.8 -3355.56
66.9 -3375.07
67 -3355.1
67.1 -3300.32
67.2 -3208.65
67.3 -3073.12
67.4 -2885.54
67.5 -2640.84
67.6 -2340.44
67.7 -1993.68
67.8 -1616.59
67.9 -1228.53
68 -847.926
68.1 -488.379
68.2 -156.625
68.3 147.402
68.4 428.588
68.5 693.756
68.6 948.974
68.7 1197.91
68.8 1441.48
68.9 1678.53
69 1906.85
69.1 2124.02
69.2 2327.58
69.3 2514.61
69.4 2680.96
69.5 2820.57
69.6 2925.08
69.7 2984.16
69.8 2986.49
69.9 2921.33
70 2780.61
70.1 2561.12
70.2 2266.27
70.3 1906.89
70.4 1500.44
70.5 1068.61
70.6 633.527
70.7 213.673
70.8 -179.423
70.9 -542.437
71 -879.003
71.1 -1196.27
71.2 -1500.38
71.3 -1792.46
71.4 -2066.54
71.5 -2309.95
71.6 -2506.26
71.7 -2639.36
71.8 -2697.58
71.9 -2676.4
72 -2579.26
72.1 -2416.51
72.2 -2203.25
72.3 -1956.74
72.4 -1694.15
72.5 -1430.93
72.6 -1179.62
72.7 -949.027
72.8 -743.62
72.9 -563.277
73 -403.587
73.1 -256.896
73.2 -114.021
73.3 33.6919
73.4 192.507
73.5 365.147
73.6 550.55
73.7 744.418
73.8 940.21
73.9 1130.16
74 1306.01
74.1 1459.41
74.2 1582.28
74.3 1667.33
74.4 1708.89
74.5 1704.1
74.6 1653.97
74.7 1563.98
74.8 1443.94
74.9 1306.86
75 1167.16
75.1 1038.3
75.2 930.601
75.3 849.322
75.4 793.501
75.5 755.752
75.6 723.098
75.7 679.057
75.8 606.55
75.9 491.234
76 325.174
76.1 109.257
76.2 -145.905
76.3 -421.105
76.4 -692.014
76.5 -933.54
76.6 -1124.93
76.7 -1254.05
76.8 -1319.5
76.9 -1330.28
77 -1303.12
77.1 -1257.95
77.2 -1213.16
77.3 -1181.6
77.4 -1168.41
77.5 -1170.92
77.6 -1180.72
77.7 -1186.83
77.8 -1178.83
77.9 -1149.43
78 -1095.1
78.1 -1015.62
78.2 -912.885
78.3 -789.082
78.4 -645.731
78.5 -483.512
78.6 -302.966
78.7 -105.599
78.8 105.157
78.9 323.572
79 542.066
79.1 752.133
79.2 945.52
79.3 1115
79.4 1255.04
79.5 1361.73
79.6 1432.68
79.7 1466.87
79.8 1464.68
79.9 1428.08
80 1360.78
80.1 1268.01
80.2 1156.04
80.3 1031.38
80.4 899.87
80.5 766.136
80.6 633.232
80.7 502.838
80.8 375.723
80.9 252.194
81 132.447
81.1 16.6473
81.2 -95.0882
81.3 -202.733
81.4 -306.272
81.5 -405.473
81.6 -499.64
81.7 -587.466
81.8 -667.049
81.9 -736.1
82 -792.325
82.1 -833.767
82.2 -859.046
82.3 -867.486
82.4 -859.15
82.5 -834.881
82.6 -796.365
82.7 -746.195
82.8 -687.806
82.9 -625.219
83 -562.49
83.1 -503.049
83.2 -449.053
83.3 -400.971
83.4 -357.573
83.5 -316.316
83.6 -274.074
83.7 -227.831
83.8 -175.321
83.9 -115.462
84 -48.3757
84.1 24.7617
84.2 102.017
84.3 181.069
84.4 259.536
84.5 335.265
84.6 406.524
84.7 472.069
84.8 531.095
84.9 583.066
85 627.475
85.1 663.631
85.2 690.578
85.3 707.187
85.4 712.406
85.5 705.578
85.6 686.676
85.7 656.42
85.8 616.154
85.9 567.587
86 512.48
86.1 452.374
86.2 388.443
86.3 321.455
86.4 251.808
86.5 179.604
86.6 104.745
86.7 27.0588
86.8 -53.5092
86.9 -136.645
87 -221.399
87.1 -306.036
87.2 -388.047
87.3 -464.402
87.4 -531.977
87.5 -588.029
87.6 -630.585
87.7 -658.605
87.8 -671.904
87.9 -670.927
88 -656.49
88.1 -629.63
88.2 -591.583
88.3 -543.854
88.4 -488.308
88.5 -427.12
88.6 -362.575
88.7 -296.787
88.8 -231.416
88.9 -167.517
89 -105.579
89.1 -45.7138
89.2 12.063
89.3 67.6282
89.4 120.646
89.5 170.584
89.6 216.8
89.7 258.619
89.8 295.356
89.9 326.31
90 350.785
90.1 368.184
90.2 378.183
90.3 380.926
90.4 377.152
90.5 368.158
90.6 355.587
90.7 341.078
90.8 325.914
90.9 310.79
91 295.773
91.1 280.448
91.2 264.165
91.3 246.272
91.4 226.26
91.5 203.786
91.6 178.626
91.7 150.618
91.8 119.678
91.9 85.8601
92 49.434
92.1 10.9388
92.2 -28.8554
92.3 -69.0644
92.4 -108.807
92.5 -147.279
92.6 -183.753
92.7 -217.507
92.8 -247.756
92.9 -273.644
93 -294.348
93.1 -309.234
93.2 -318.039
93.3 -320.948
93.4 -318.537
93.5 -311.599
93.6 -300.915
93.7 -287.067
93.8 -270.383
93.9 -250.998
94 -228.987
94.1 -204.509
94.2 -177.856
94.3 -149.437
94.4 -119.691
94.5 -89.0106
94.6 -57.7206
94.7 -26.1115
94.8 5.5091
94.9 36.7914
95 67.3697
95.1 96.9379
95.2 125.295
95.3 152.336
95.4 177.953
95.5 201.889
95.6 223.627
95.7 242.385
95.8 257.256
95.9 267.435
96 272.446
96.1 272.247
96.2 267.161
96.3 257.666
96.4 244.143
96.5 226.71
96.6 205.246
96.7 179.594
96.8 149.853
96.9 116.647
97 81.2426
97.1 45.4559
97.2 11.4198
97.3 -18.7425
97.4 -43.2343
97.5 -60.84
97.6 -71.1287
97.7 -74.6228
97.8 -72.8984
97.9 -68.5825
98 -65.133
98.1 -66.3447
98.2 -75.639
98.3 -95.2026
98.4 -125.297
98.5 -163.93
98.6 -207.062
98.7 -249.322
98.8 -285.043
98.9 -309.332
99 -318.881
99.1 -312.356
99.2 -290.342
99.3 -254.975
99.4 -209.426
99.5 -157.414
99.6 -102.776
99.7 -49.1149
99.8 0.529001
99.9 43.9708
100 80.099
100.1 108.929
100.2 131.418
100.3 149.069
100.4 163.426
100.5 175.629
100.6 186.177
100.7 194.971
100.8 201.56
100.9 205.471
101 206.457
101.1 204.559
101.2 200.006
101.3 193.031
101.4 183.711
101.5 171.907
101.6 157.3
101.7 139.454
101.8 117.868
101.9 92.0066
102 61.379
102.1 25.759
102.2 -14.437
102.3 -57.6831
102.4 0
102.5 0
102.6 0
102.7 0
102.8 0
102.9 0
103 0
103.1 0
103.2 0
103.3 0
103.4 0
103.5 0
103.6 0
103.7 0
103.8 0
103.9 0
104 0
104.1 0
104.2 0
104.3 0
104.4 0
104.5 0
104.6 0
104.7 0
104.8 0
104.9 0
105 0
105.1 0
105.2 0
105.3 0
105.4 0
105.5 0
105.6 0
105.7 0
105.8 0
105.9 0
106 0
106.1 0
106.2 0
106.3 0
106.4 0
106.5 0
106.6 0
106.7 0
106.8 0
106.9 0
107 0
107.1 0
107.2 0
107.3 0
107.4 0
107.5 0
107.6 0
107.7 0
107.8 0
107.9 0
108 0
108.1 0
108.2 0
108.3 0
108.4 0
108.5 0
108.6 0
108.7 0
108.8 0
108.9 0
109 0
109.1 0
109.2 0
109.3 0
109.4 0
109.5 0
109.6 0
109.7 0
109.8 0
109.9 0
110 0
110.1 0
110.2 0
110.3 0
110.4 0
110.5 0
110.6 0
110.7 0
110.8 0
110.9 0
111 0
111.1 0
111.2 0
111.3 0
111.4 0
111.5 0
111.6 0
111.7 0
111.8 0
111.9 0
112 0
112.1 0
112.2 0
112.3 0
112.4 0
112.5 0
112.6 0
112.7 0
112.8 0
112.9 0
113 0
113.1 0
113.2 0
113.3 0
113.4 0
113.5 0
113.6 0
113.7 0
113.8 0
113.9 0
114 0
114.1 0
114.2 0
114.3 0
114.4 0
114.5 0
114.6 0
114.7 0
114.8 0
114.9 0
115 0
115.1 0
115.2 0
115.3 0
115.4 0
115.5 0
115.6 0
115.7 0
115.8 0
115.9 0
116 0
116.1 0
116.2 0
116.3 0
116.4 0
116.5 0
116.6 0
116.7 0
116.8 0
116.9 0
117 0
117.1 0
117.2 0
117.3 0
117.4 0
117.5 0
117.6 0
117.7 0
117.8 0
117.9 0
118 0
118.1 0
118.2 0
118.3 0
118.4 0
118.5 0
118.6 0
118.7 0
118.8 0
118.9 0
119 0
119.1 0
119.2 0
119.3 0
119.4 0
119.5 0
119.6 0
119.7 0
119.8 0
119.9 0
120 0
120.1 0
120.2 0
120.3 0
120.4 0
120.5 0
120.6 0
120.7 0
120.8 0
120.9 0
121 0
121.1 0
121.2 0
121.3 0
121.4 0
121.5 0
121.6 0
121.7 0
121.8 0
121.9 0
122 0
122.1 0
122.2 0
122.3 0
122.4 0
122.5 0
122.6 0
122.7 0
122.8 0
122.9 0
123 0
123.1 0
123.2 0
123.3 0
123.4 0
123.5 0
123.6 0
123.7 0
123.8 0
123.9 0
124 0
124.1 0
124.2 0
124.3 0
124.4 0
124.5 0
124.6 0
124.7 0
124.8 0
124.9 0
125 0
125.1 0
125.2 0
125.3 0
125.4 0
125.5 0
125.6 0
125.7 0
125.8 0
125.9 0
126 0
126.1 0
126.2 0
126.3 0
126.4 0
126.5 0
126.6 0
126.7 0
126.8 0
126.9 0
127 0
127.1 0
127.2 0
127.3 0
127.4 0
127.5 0
127.6 0
127.7 0
127.8 0
127.9 0
128 0
128.1 0
128.2 0
128.3 0
128.4 0
128.5 0
128.6 0
128.7 0
128.8 0
128.9 0
129 0
129.1 0
129.2 0
129.3 0
129.4 0
129.5 0
129.6 0
129.7 0
129.8 0
129.9 0
130 0
130.1 0
130.2 0
130.3 0
130.4 0
130.5 0
130.6 0
130.7 0
130.8 0
130.9 0
131 0
131.1 0
131.2 0
131.3 0
131.4 0
131.5 0
131.6 0
131.7 0
131.8 0
131.9 0
132 0
132.1 0
132.2 0
132.3 0
132.4 0
132.5 0
132.6 0
132.7 0
132.8 0
132.9 0
133 0
133.1 0
133.2 0
133.3 0
133.4 0
133.5 0
133.6 0
133.7 0
133.8 0
133.9 0
134 0
134.1 0
134.2 0
134.3 0
134.4 0
134.5 0
134.6 0
134.7 0
134.8 0
134.9 0
135 0
135.1 0
135.2 0
135.3 0
135.4 0
135.5 0
135.6 0
135.7 0
135.8 0
135.9 0
136 0
136.1 0
136.2 0
136.3 0
136.4 0
136.5 0
136.6 0
136.7 0
136.8 0
136.9 0
137 0
137.1 0
137.2 0
137.3 0
137.4 0
137.5 0
137.6 0
137.7 0
137.8 0
137.9 0
138 0
138.1 0
138.2 0
138.3 0
138.4 0
138.5 0
138.6 0
138.7 0
138.8 0
138.9 0
139 0
139.1 0
139.2 0
139.3 0
139.4 0
139.5 0
139.6 0
139.7 0
139.8 0
139.9 0
140 0
140.1 0
140.2 0
140.3 0
140.4 0
140.5 0
140.6 0
140.7 0
140.8 0
140.9 0
141 0
141.1 0
141.2 0
141.3 0
141.4 0
141.5 0
141.6 0
141.7 0
141.8 0
141.9 0
142 0
142.1 0
142.2 0
142.3 0
142.4 0
142.5 0
142.6 0
142.7 0
142.8 0
142.9 0
143 0
143.1 0
143.2 0
143.3 0
143.4 0
143.5 0
143.6 0
143.7 0
143.8 0
143.9 0
144 0
144.1 0
144.2 0
144.3 0
144.4 0
144.5 0
144.6 0
144.7 0
144.8 0
144.9 0
145 0
145.1 0
145.2 0
145.3 0
145.4 0
145.5 0
145.6 0
145.7 0
145.8 0
145.9 0
146 0
146.1 0
146.2 0
146.3 0
146.4 0
146.5 0
146.6 0
146.7 0
146.8 0
146.9 0
147 0
147.1 0
147.2 0
147.3 0
147.4 0
147.5 0
147.6 0
147.7 0
147.8 0
147.9 0
148 0
148.1 0
148.2 0
148.3 0
148.4 0
148.5 0
148.6 0
148.7 0
148.8 0
148.9 0
149 0
149.1 0
149.2 0
149.3 0
149.4 0
149.5 0
149.6 0
149.7 0
149.8 0
149.9 0
150 0
150.1 0
150.2 0
150.3 0
150.4 0
150.5 0
150.6 0
150.7 0
150.8 0
150.9 0
151 0
151.1 0
151.2 0
151.3 0
151.4 0
151.5 0
151.6 0
151.7 0
151.8 0
151.9 0
152 0
152.1 0
152.2 0
152.3 0
152.4 0
152.5 0
152.6 0
152.7 0
152.8 0
152.9 0
153 0
153.1 0
153.2 0
153.3 0
153.4 0
153.5 0
153.6 0
153.7 0
153.8 0
153.9 0
154 0
154.1 0
154.2 0
154.3 0
154.4 0
154.5 0
154.6 0
154.7 0
154.8 0
154.9 0
155 0
155.1 0
155.2 0
155.3 0
155.4 0
155.5 0
155.6 0
155.7 0
155.8 0
155.9 0
156 0
156.1 0
156.2 0
156.3 0
156.4 0
156.5 0
156.6 0
156.7 0
156.8 0
156.9 0
157 0
157.1 0
157.2 0
157.3 0
157.4 0
157.5 0
157.6 0
157.7 0
157.8 0
157.9 0
158 0
158.1 0
158.2 0
158.3 0
158.4 0
158.5 0
158.6 0
158.7 0
158.8 0
158.9 0
159 0
159.1 0
159.2 0
159.3 0
159.4 0
159.5 0
159.6 0
159.7 0
159.8 0
159.9 0
160 0
160.1 0
160.2 0
160.3 0
160.4 0
160.5 0
160.6 0
160.7 0
160.8 0
160.9 0
161 0
161.1 0
161.2 0
161.3 0
161.4 0
161.5 0
161.6 0
161.7 0
161.8 0
161.9 0
162 0
162.1 0
162.2 0
162.3 0
162.4 0
162.5 0
162.6 0
162.7 0
162.8 0
162.9 0
163 0
163.1 0
163.2 0
163.3 0
163.4 0
163.5 0
163.6 0
163.7 0
163.8 0
163.9 0
164 0
164.1 0
164.2 0
164.3 0
164.4 0
164.5 0
164.6 0
164.7 0
164.8 0
164.9 0
165 0
165.1 0
165.2 0
165.3 0
165.4 0
165.5 0
165.6 0
165.7 0
165.8 0
165.9 0
166 0
166.1 0
166.2 0
166.3 0
166.4 0
166.5 0
166.6 0
166.7 0
166.8 0
166.9 0
167 0
167.1 0
167.2 0
167.3 0
167.4 0
167.5 0
167.6 0
167.7 0
167.8 0
167.9 0
168 0
168.1 0
168.2 0
168.3 0
168.4 0
168.5 0
168.6 0
168.7 0
168.8 0
168.9 0
169 0
169.1 0
169.2 0
169.3 0
169.4 0
169.5 0
169.6 0
169.7 0
169.8 0
169.9 0
170 0
170.1 0
170.2 0
170.3 0
170.4 0
170.5 0
170.6 0
170.7 0
170.8 0
170.9 0
171 0
171.1 0
171.2 0
171.3 0
171.4 0
171.5 0
171.6 0
171.7 0
171.8 0
171.9 0
172 0
172.1 0
172.2 0
172.3 0
172.4 0
172.5 0
172.6 0
172.7 0
172.8 0
172.9 0
173 0
173.1 0
173.2 0
173.3 0
173.4 0
173.5 0
173.6 0
173.7 0
173.8 0
173.9 0
174 0
174.1 0
174.2 0
174.3 0
174.4 0
174.5 0
174.6 0
174.7 0
174.8 0
174.9 0
175 0
175.1 0
175.2 0
175.3 0
175.4 0
175.5 0
175.6 0
175.7 0
175.8 0
175.9 0
176 0
176.1 0
176.2 0
176.3 0
176.4 0
176.5 0
176.6 0
176.7 0
176.8 0
176.9 0
177 0
177.1 0
177.2 0
177.3 0
177.4 0
177.5 0
177.6 0
177.7 0
177.8 0
177.9 0
178 0
178.1 0
178.2 0
178.3 0
178.4 0
178.5 0
178.6 0
178.7 0
178.8 0
178.9 0
179 0
179.1 0
179.2 0
179.3 0
179.4 0
179.5 0
179.6 0
179.7 0
179.8 0
179.9 0
180 0
180.1 0
180.2 0
180.3 0
180.4 0
180.5 0
180.6 0
180.7 0
180.8 0
180.9 0
181 0
181.1 0
181.2 0
181.3 0
181.4 0
181.5 0
181.6 0
181.7 0
181.8 0
181.9 0
182 0
182.1 0
182.2 0
182.3 0
182.4 0
182.5 0
182.6 0
182.7 0
182.8 0
182.9 0
183 0
183.1 0
183.2 0
183.3 0
183.4 0
183.5 0
183.6 0
183.7 0
183.8 0
183.9 0
184 0
184.1 0
184.2 0
184.3 0
184.4 0
184.5 0
184.6 0
184.7 0
184.8 0
184.9 0
185 0
185.1 0
185.2 0
185.3 0
185.4 0
185.5 0
185.6 0
185.7 0
185.8 0
185.9 0
186 0
186.1 0
186.2 0
186.3 0
186.4 0
186.5 0
186.6 0
186.7 0
186.8 0
186.9 0
187 0
187.1 0
187.2 0
187.3 0
187.4 0
187.5 0
187.6 0
187.7 0
187.8 0
187.9 0
188 0
188.1 0
188.2 0
188.3 0
188.4 0
188.5 0
188.6 0
188.7 0
188.8 0
188.9 0
189 0
189.1 0
189.2 0
189.3 0
189.4 0
189.5 0
189.6 0
189.7 0
189.8 0
189.9 0
190 0
190.1 0
190.2 0
190.3 0
190.4 0
190.5 0
190.6 0
190.7 0
190.8 0
190.9 0
191 0
191.1 0
191.2 0
191.3 0
191.4 0
191.5 0
191.6 0
191.7 0
191.8 0
191.9 0
192 0
192.1 0
192.2 0
192.3 0
192.4 0
192.5 0
192.6 0
192.7 0
192.8 0
192.9 0
193 0
193.1 0
193.2 0
193.3 0
193.4 0
193.5 0
193.6 0
193.7 0
193.8 0
193.9 0
194 0
194.1 0
194.2 0
194.3 0
194.4 0
194.5 0
194.6 0
194.7 0
194.8 0
194.9 0
195 0
195.1 0
195.2 0
195.3 0
195.4 0
195.5 0
195.6 0
195.7 0
195.8 0
195.9 0
196 0
196.1 0
196.2 0
196.3 0
196.4 0
196.5 0
196.6 0
196.7 0
196.8 0
196.9 0
197 0
197.1 0
197.2 0
197.3 0
197.4 0
197.5 0
197.6 0
197.7 0
197.8 0
197.9 0
198 0
198.1 0
198.2 0
198.3 0
198.4 0
198.5 0
198.6 0
198.7 0
198.8 0
198.9 0
199 0
199.1 0
199.2 0
199.3 0
199.4 0
199.5 0
199.6 0
199.7 0
199.8 0
199.9 0
200 0
200.1 0
200.2 0
200.3 0
200.4 0
200.5 0
200.6 0
200.7 0
200.8 0
200.9 0
201 0
201.1 0
201.2 0
201.3 0
201.4 0
201.5 0
201.6 0
201.7 0
201.8 0
201.9 0
202 0
202.1 0
202.2 0
202.3 0
202.4 0
202.5 0
202.6 0
202.7 0
202.8 0
202.9 0
203 0
203.1 0
203.2 0
203.3 0
203.4 0
203.5 0
203.6 0
203.7 0
203.8 0
203.9 0
204 0
204.1 0
204.2 0
204.3 0
204.4 0
204.5 0
204.6 0
204.7 0
