0 -49.855
0.1 -40.9959
0.2 -33.1227
0.3 -29.0355
0.4 -31.0818
0.5 -40.842
0.6 -58.8374
0.7 -84.3003
0.8 -115.081
0.9 -147.779
1 -178.155
1.1 -201.8
1.2 -214.952
1.3 -215.262
1.4 -202.261
1.5 -177.409
1.6 -143.675
1.7 -104.82
1.8 -64.5992
1.9 -26.17
2 8.17268
2.1 36.9172
2.2 59.0804
2.3 73.9659
2.4 81.0949
2.5 80.3682
2.6 72.3214
2.7 58.3337
2.8 40.6299
2.9 22.045
3 5.6287
3.1 -5.77846
3.2 -9.87095
3.3 -5.07875
3.4 9.31514
3.5 33.0513
3.6 64.7491
3.7 101.804
3.8 140.478
3.9 176.306
4 204.835
4.1 222.519
4.2 227.478
4.3 219.799
4.4 201.227
4.5 174.318
4.6 141.403
4.7 103.747
4.8 61.3033
4.9 13.133
5 -41.6598
5.1 -102.859
5.2 -168.328
5.3 -233.753
5.4 -292.969
5.5 -338.765
5.6 -363.954
5.7 -362.499
5.8 -330.64
5.9 -267.895
6 -177.852
6.1 -68.5072
6.2 48.12
6.3 157.322
6.4 243.964
6.5 295.312
6.6 303.756
6.7 268.655
6.8 196.7
6.9 100.606
7 -3.53799
7.1 -99.5344
7.2 -174.075
7.3 -218.761
7.4 -230.82
7.5 -212.598
7.6 -170.243
7.7 -112.057
7.8 -46.92
7.9 17.0095
8 73.2544
8.1 117.642
8.2 148.555
8.3 166.762
8.4 174.769
8.5 175.785
8.6 172.554
8.7 166.374
8.8 156.685
8.9 141.381
9 117.765
9.1 83.8312
9.2 39.433
9.3 -13.0764
9.4 -68.9066
9.5 -121.569
9.6 -164.049
9.7 -190.085
9.8 -195.306
9.9 -178.017
10 -139.579
10.1 -84.3545
10.2 -19.2202
10.3 47.3496
10.4 106.532
10.5 150.566
10.6 174.046
10.7 174.764
10.8 153.857
10.9 115.21
11 64.2886
11.1 6.78339
11.2 -52.4955
11.3 -110.137
11.4 -163.968
11.5 -212.388
11.6 -253.556
11.7 -284.829
11.8 -302.743
11.9 -303.559
12 -284.204
12.1 -243.291
12.2 -181.845
12.3 -103.536
12.4 -14.3319
12.5 78.3075
12.6 166.488
12.7 242.955
12.8 301.996
12.9 340.06
13 356.056
13.1 351.342
13.2 329.43
13.3 295.444
13.4 255.377
13.5 215.211
13.6 180.029
13.7 153.233
13.8 136.025
13.9 127.248
14 123.595
14.1 120.145
14.2 111.09
14.3 90.5233
14.4 53.1945
14.5 -4.79234
14.6 -85.3111
14.7 -187.553
14.8 -307.423
14.9 -437.143
15 -565.334
15.1 -677.8
15.2 -759.142
15.3 -795.068
15.4 -774.993
15.5 -694.334
15.6 -555.895
15.7 -369.921
15.8 -152.749
15.9 75.6218
16 294.5
16.1 485.331
16.2 633.895
16.3 731.581
16.4 775.732
16.5 769.206
16.6 719.346
16.7 636.533
16.8 532.479
16.9 418.437
17 303.603
17.1 194.074
17.2 92.6482
17.3 -0.40202
17.4 -85.8115
17.5 -163.6
17.6 -231.824
17.7 -286.398
17.8 -322.139
17.9 -334.722
18 -322.764
18.1 -289.164
18.2 -241.014
18.3 -188.01
18.4 -139.817
18.5 -103.321
18.6 -80.7273
18.7 -69.1512
18.8 -61.8105
18.9 -50.3587
19 -27.5687
19.1 10.4264
19.2 62.8881
19.3 124.384
19.4 185.693
19.5 235.367
19.6 261.602
19.7 254.142
19.8 206.042
19.9 115.075
20 -15.405
20.1 -176.341
20.2 -353.727
20.3 -530.13
20.4 -686.684
20.5 -805.152
20.6 -869.63
20.7 -867.748
20.8 -791.413
20.9 -637.394
21 -408.039
21.1 -112.161
21.2 234.117
21.3 607.119
21.4 976.51
21.5 1307.68
21.6 1565.49
21.7 1718.78
21.8 1744.83
21.9 1632.7
22 1385.12
22.1 1018.52
22.2 561.61
22.3 52.8919
22.4 -462.445
22.5 -936.014
22.6 -1320.07
22.7 -1571.73
22.8 -1657.58
22.9 -1558.31
23 -1273.03
23.1 -822.446
23.2 -250.288
23.3 377.692
23.4 977.639
23.5 1454.76
23.6 1713.76
23.7 1672.14
23.8 1275.22
23.9 511.102
24 -577.377
24.1 -1886.64
24.2 -3255.43
24.3 -4478.72
24.4 -5332.48
24.5 -5606.94
24.6 -5143.71
24.7 -3870.32
24.8 -1825.52
24.9 830.611
25 3825.49
25.1 6802.41
25.2 9365.46
25.3 11135
25.4 11804.8
25.5 11192.1
25.6 9271.38
25.7 6185.22
25.8 2230.77
25.9 -2177.27
26 -6560.78
26.1 -10440.6
26.2 -13396.9
26.3 -15118.9
26.4 -15436.2
26.5 -14330.9
26.6 -11929.1
26.7 -8477.94
26.8 -4311.7
26.9 186.559
27 4623.43
27.1 8630.39
27.2 11893.6
27.3 14176.5
27.4 15335.3
27.5 15324.8
27.6 14196.5
27.7 12087.9
27.8 9205.35
27.9 5802.3
28 2155.45
28.1 -1458.96
28.2 -4786.67
28.3 -7613.59
28.4 -9779.9
28.5 -11189.3
28.6 -11812.9
28.7 -11687
28.8 -10904.8
28.9 -9602.97
29 -7943.42
29.1 -6094.21
29.2 -4211.28
29.3 -2423.96
29.4 -825.901
29.5 528.387
29.6 1621.72
29.7 2468.75
29.8 3108.14
29.9 3593.84
30 3986.11
30.1 4343.01
30.2 4712.54
30.3 5126.18
30.4 5594.1
30.5 6102.96
30.6 6616.35
30.7 7078.1
30.8 7417.92
30.9 7558.89
31 7426
31.1 6955.19
31.2 6102.28
31.3 4850.91
31.4 3218.7
31.5 1260.33
31.6 -933.518
31.7 -3242.14
31.8 -5525.43
31.9 -7638.01
32 -9444.67
32.1 -10834.6
32.2 -11731.6
32.3 -12099.3
32.4 -11940.4
32.5 -11291
32.6 -10212
32.7 -8779.4
32.8 -7075.54
32.9 -5182.3
33 -3176.96
33.1 -1130.3
33.2 893.607
33.3 2836.68
33.4 4645.83
33.5 6272.29
33.6 7671.65
33.7 8804.68
33.8 9639
33.9 10151.2
34 10328.9
34.1 10172.5
34.2 9695.54
34.3 8923.85
34.4 7893.23
34.5 6646.58
34.6 5230.96
34.7 3695.16
34.8 2088.51
34.9 460.524
35 -1138.87
35.1 -2659.25
35.2 -4050.43
35.3 -5264.23
35.4 -6257.2
35.5 -6993.74
35.6 -7449.25
35.7 -7612.4
35.8 -7486.61
35.9 -7090.35
36 -6456.45
36.1 -5630.31
36.2 -4667.05
36.3 -3627.5
36.4 -2573.19
36.5 -1560.9
36.6 -637.447
36.7 164.157
36.8 826.403
36.9 1346.42
37 1732.8
37.1 2001.03
37.2 2168.79
37.3 2252.17
37.4 2263.74
37.5 2212.34
37.6 2104.37
37.7 1945.72
37.8 1743.62
37.9 1508.07
38 1252.51
38.1 993.966
38.2 752.441
38.3 549.864
38.4 408.277
38.5 347.419
38.6 381.907
38.7 518.52
38.8 754.223
38.9 1075.5
39 1459.23
39.1 1874.99
39.2 2288.12
39.3 2663.03
39.4 2965.91
39.5 3166.9
39.6 3241.44
39.7 3171.35
39.8 2945.62
39.9 2561.25
40 2023.8
40.1 1347.44
40.2 554.434
40.3 -326.097
40.4 -1259.88
40.5 -2209.37
40.6 -3135.49
40.7 -3999.31
40.8 -4763.58
40.9 -5394.34
41 -5862.75
41.1 -6146.94
41.2 -6233.65
41.3 -6119.33
41.4 -5810.34
41.5 -5322.22
41.6 -4678.15
41.7 -3906.93
41.8 -3040.73
41.9 -2113.05
42 -1156.84
42.1 -203.014
42.2 720.719
42.3 1590.64
42.4 2387.42
42.5 3096.19
42.6 3706.32
42.7 4211.1
42.8 4607.5
42.9 4895.87
43 5079.67
43.1 5164.93
43.2 5159.42
43.3 5071.46
43.4 4908.68
43.5 4677.13
43.6 4381.06
43.7 4023.5
43.8 3607.47
43.9 3137.38
44 2619.91
44.1 2064.15
44.2 1480.69
44.3 880.271
44.4 272.272
44.5 -336.195
44.6 -940.343
44.7 -1536.92
44.8 -2122.9
44.9 -2694.15
45 -3244.4
45.1 -3764.82
45.2 -4244.04
45.3 -4668.63
45.4 -5023.74
45.5 -5293.95
45.6 -5464.27
45.7 -5521.4
45.8 -5455.14
45.9 -5259.83
46 -4935.55
46.1 -4488.9
46.2 -3933.1
46.3 -3287.26
46.4 -2575.04
46.5 -1822.66
46.6 -1056.42
46.7 -300.273
46.8 426.577
46.9 1111.27
47 1747.93
47.1 2337
47.2 2883.37
47.3 3393.59
47.4 3872.93
47.5 4322.86
47.6 4739.55
47.7 5113.69
47.8 5431.33
47.9 5675.46
48 5827.8
48.1 5870.5
48.2 5787.63
48.3 5566.58
48.4 5199.35
48.5 4684.01
48.6 4025.83
48.7 3237.98
48.8 2341.55
48.9 1364.57
49 340.373
49.1 -694.689
49.2 -1703.59
49.3 -2650.96
49.4 -3505.19
49.5 -4240.21
49.6 -4836.92
49.7 -5284.12
49.8 -5578.76
49.9 -5725.3
50 -5734.3
50.1 -5620.46
50.2 -5400.43
50.3 -5091.08
50.4 -4708.19
50.5 -4265.96
50.6 -3776.78
50.7 -3251.27
50.8 -2698.22
50.9 -2124.62
51 -1535.94
51.1 -936.837
51.2 -332.526
51.3 269.778
51.4 859.69
51.5 1423.5
51.6 1945.33
51.7 2409.46
51.8 2803.16
51.9 3119.17
52 3356.95
52.1 3522.23
52.2 3625.09
52.3 3677.27
52.4 3689.36
52.5 3668.82
52.6 3619.15
52.7 3540.19
52.8 3429.14
52.9 3281.99
53 3094.79
53.1 2864.65
53.2 2590.27
53.3 2272.15
53.4 1912.4
53.5 1514.42
53.6 1082.51
53.7 621.657
53.8 137.636
53.9 -362.456
54 -869.472
54.1 -1371.56
54.2 -1854.07
54.3 -2300.26
54.4 -2693.04
54.5 -3017.25
54.6 -3262.01
54.7 -3422.48
54.8 -3500.36
54.9 -3503.15
55 -3442.32
55.1 -3330.93
55.2 -3181.39
55.3 -3003.83
55.4 -2805.24
55.5 -2589.47
55.6 -2357.79
55.7 -2109.69
55.8 -1843.77
55.9 -1558.4
56 -1252.23
56.1 -924.408
56.2 -574.552
56.3 -202.748
56.4 190.399
56.5 603.355
56.6 1032.87
56.7 1472.9
56.8 1913.55
56.9 2340.63
57 2736.09
57.1 3079.61
57.2 3351.22
57.3 3534.26
57.4 3617.97
57.5 3599.14
57.6 3482.29
57.7 3278.55
57.8 3003.57
57.9 2675.11
58 2310.82
58.1 1926.6
58.2 1535.55
58.3 1147.67
58.4 769.894
58.5 406.576
58.6 60.2015
58.7 -267.776
58.8 -576.171
58.9 -863.578
59 -1128.32
59.1 -1368.84
59.2 -1584.25
59.3 -1774.77
59.4 -1941.66
59.5 -2086.49
59.6 -2210.01
59.7 -2311.07
59.8 -2386.06
59.9 -2429.25
60 -2434.12
60.1 -2395.08
60.2 -2309.04
60.3 -2176.34
60.4 -2000.55
60.5 -1787.57
60.6 -1544.36
60.7 -1277.83
60.8 -994.363
60.9 -699.99
61 -400.851
61.1 -103.644
61.2 184.3
61.3 455.395
61.4 702.468
61.5 919.446
61.6 1101.86
61.7 1247.08
61.8 1354.46
61.9 1425.35
62 1463.15
62.1 1473.29
62.2 1462.79
62.3 1439.42
62.4 1410.46
62.5 1381.39
62.6 1354.95
62.7 1330.87
62.8 1306.58
62.9 1278.38
63 1242.91
63.1 1198.17
63.2 1143.81
63.3 1080.75
63.4 1010.23
63.5 932.843
63.6 847.798
63.7 752.543
63.8 642.81
63.9 512.952
64 356.562
64.1 167.459
64.2 -58.8693
64.3 -323.442
64.4 -621.909
64.5 -943.257
64.6 -1269.76
64.7 -1578.62
64.8 -1845.25
64.9 -2047.42
65 -2169.27
65.1 -2204.01
65.2 -2154.46
65.3 -2031.57
65.4 -1851.41
65.5 -1631.8
65.6 -1389.47
65.7 -1138.54
65.8 -890.202
65.9 -653.109
66 -434.031
66.1 -238.089
66.2 -68.5685
66.3 73.5208
66.4 189.742
66.5 284.124
66.6 362.589
66.7 432.084
66.8 499.665
66.9 571.673
67 653.009
67.1 746.393
67.2 851.554
67.3 964.528
67.4 1077.39
67.5 1178.91
67.6 1256.24
67.7 1297.62
67.8 1295.26
67.9 1247.67
68 1160.43
68.1 1045.17
68.2 916.82
68.3 790.057
68.4 675.939
68.5 579.7
68.6 500.192
68.7 430.91
68.8 362.099
68.9 283.296
69 185.72
69.1 64.1772
69.2 -81.6511
69.3 -246.588
69.4 -420.106
69.5 -587.381
69.6 -731.327
69.7 -835.495
69.8 -887.37
69.9 -881.34
70 -820.532
70.1 -716.928
70.2 -589.603
70.3 -461.478
70.4 -355.319
70.5 -289.892
70.6 -277.018
70.7 -319.943
70.8 -413.109
70.9 -543.171
71 -690.988
71.1 -834.322
71.2 -950.953
71.3 -1021.85
71.4 -1033.95
71.5 -981.974
71.6 -868.936
71.7 -705.138
71.8 -505.91
71.9 -288.709
72 -70.3213
72.1 135.182
72.2 317.448
72.3 469.935
72.4 589.514
72.5 676.058
72.6 732.256
72.7 763.578
72.8 778.04
72.9 785.387
73 795.558
73.1 816.649
73.2 852.936
73.3 903.611
73.4 962.685
73.5 1020.12
73.6 1063.85
73.7 1081.96
73.8 1064.67
73.9 1005.46
74 901.664
74.1 754.544
74.2 569.248
74.3 354.688
74.4 123.208
74.5 -110.246
74.6 -329.668
74.7 -520.177
74.8 -670.418
74.9 -774.508
75 -832.898
75.1 -851.802
75.2 -841.334
75.3 -812.953
75.4 -777
75.5 -741.023
75.6 -709.235
75.7 -682.964
75.8 -661.632
75.9 -643.705
76 -627.235
76.1 -609.913
76.2 -588.897
76.3 -560.782
76.4 -521.982
76.5 -469.54
76.6 -402.103
76.7 -320.628
76.8 -228.459
76.9 -130.65
77 -32.7136
77.1 60.7519
77.2 147.073
77.3 225.784
77.4 298.116
77.5 365.906
77.6 430.35
77.7 491.046
77.8 545.624
77.9 590.065
78 619.572
78.1 629.736
78.2 617.701
78.3 583.087
78.4 528.491
78.5 459.486
78.6 384.058
78.7 311.508
78.8 250.914
78.9 209.355
79 190.258
79.1 192.283
79.2 209.139
79.3 230.567
79.4 244.432
79.5 239.513
79.6 208.352
79.7 149.392
79.8 67.7777
79.9 -25.4732
80 -115.805
80.1 -188.413
80.2 -231.678
80.3 -239.922
80.4 -214.824
80.5 -165.222
80.6 -105.419
80.7 -52.4246
80.8 -22.7866
80.9 -29.6436
81 -80.5082
81.1 -176.07
81.2 -310.083
81.3 -470.215
81.4 -639.649
81.5 -799.151
81.6 -929.354
81.7 -1013.01
81.8 -1036.94
81.9 -993.571
82 -881.822
82.1 -707.25
82.2 -481.532
82.3 -221.304
82.4 53.4788
82.5 321.435
82.6 561.769
82.7 756.229
82.8 890.916
82.9 957.792
83 955.742
83.1 890.957
83.2 776.433
83.3 630.432
83.4 473.971
83.5 327.659
83.6 208.436
83.7 126.884
83.8 85.7198
83.9 79.8498
84 97.9725
84.1 125.324
84.2 146.901
84.3 150.418
84.4 128.373
84.5 78.9138
84.6 5.491
84.7 -84.3751
84.8 -180.816
84.9 -273.344
85 -352.264
85.1 -409.626
85.2 -439.729
85.3 -439.26
85.4 -407.294
85.5 -345.259
85.6 -256.986
85.7 -148.69
85.8 -28.7725
85.9 92.5164
86 203.945
86.1 294.482
86.2 354.681
86.3 378.102
86.4 362.158
86.5 308.581
86.6 223.219
86.7 115.191
86.8 -4.29998
86.9 -123.319
87 -230.564
87.1 -316.508
87.2 -374.326
87.3 -400.531
87.4 -395.307
87.5 -362.286
87.6 -307.895
87.7 -240.258
87.8 -167.824
87.9 -98.1454
88 -36.8659
88.1 12.782
88.2 49.8126
88.3 74.9881
88.4 90.1582
88.5 97.6959
88.6 100.136
88.7 100.035
88.8 99.9152
88.9 102.107
89 108.481
89.1 120.043
89.2 136.654
89.3 156.809
89.4 177.853
89.5 196.38
89.6 208.821
89.7 211.991
89.8 203.506
89.9 182.052
90 147.496
90.1 100.959
90.2 44.8537
90.3 -17.1478
90.4 -80.3201
90.5 -139.283
90.6 -188.663
90.7 -223.846
90.8 -241.649
90.9 -240.743
91 -221.665
91.1 -186.515
91.2 -138.441
91.3 -81.1004
91.4 -18.2772
91.5 46.321
91.6 109.129
91.7 166.742
91.8 215.993
91.9 254.124
92 278.997
92.1 289.262
92.2 284.432
92.3 264.832
92.4 231.49
92.5 186.018
92.6 130.54
92.7 67.6593
92.8 0.411211
92.9 -67.8709
93 -133.825
93.1 -194.396
93.2 -247.171
93.3 -290.609
93.4 -324.07
93.5 -347.647
93.6 -361.897
93.7 -367.486
93.8 -364.912
93.9 -354.35
94 -335.64
94.1 -308.377
94.2 -272.078
94.3 -226.402
94.4 -171.385
94.5 -107.688
94.6 -36.7889
94.7 38.9135
94.8 116.159
94.9 191.062
95 259.505
95.1 317.623
95.2 362.272
95.3 391.361
95.4 404.02
95.5 400.558
95.6 382.285
95.7 351.259
95.8 310.019
95.9 261.381
96 208.262
96.1 153.559
96.2 100.039
96.3 50.2326
96.4 6.30528
96.5 -30.0713
96.6 -57.8495
96.7 -76.7202
96.8 -87.1912
96.9 -90.5551
97 -88.7678
97.1 -84.2012
97.2 -79.2866
97.3 -76.1236
97.4 -76.1014
97.5 -79.673
97.6 -86.3327
97.7 -94.7844
97.8 -103.282
97.9 -110.052
98 -113.672
98.1 -113.356
98.2 -109.081
98.3 -101.533
98.4 -91.9419
98.5 -81.8587
98.6 -72.8958
98.7 -66.4825
98.8 -63.6806
98.9 -65.022
99 -70.4491
99.1 -79.319
99.2 -90.4632
99.3 -102.308
99.4 -113.032
99.5 -120.733
99.6 -123.591
99.7 -120.02
99.8 -108.801
99.9 -89.2076
100 -61.1251
100.1 -25.1276
100.2 17.4703
100.3 64.6546
100.4 113.811
100.5 161.915
100.6 205.788
100.7 242.387
100.8 269.109
100.9 284.051
101 286.207
101.1 275.567
101.2 253.121
101.3 220.754
101.4 181.059
101.5 137.098
101.6 92.1301
101.7 49.3304
101.8 11.5105
101.9 -19.1319
102 -41.2169
102.1 -54.3194
102.2 -59.0069
102.3 -56.7715
102.4 0
102.5 0
102.6 0
102.7 0
102.8 0
102.9 0
103 0
103.1 0
103.2 0
103.3 0
103.4 0
103.5 0
103.6 0
103.7 0
103.8 0
103.9 0
104 0
104.1 0
104.2 0
104.3 0
104.4 0
104.5 0
104.6 0
104.7 0
104.8 0
104.9 0
105 0
105.1 0
105.2 0
105.3 0
105.4 0
105.5 0
105.6 0
105.7 0
105.8 0
105.9 0
106 0
106.1 0
106.2 0
106.3 0
106.4 0
106.5 0
106.6 0
106.7 0
106.8 0
106.9 0
107 0
107.1 0
107.2 0
107.3 0
107.4 0
107.5 0
107.6 0
107.7 0
107.8 0
107.9 0
108 0
108.1 0
108.2 0
108.3 0
108.4 0
108.5 0
108.6 0
108.7 0
108.8 0
108.9 0
109 0
109.1 0
109.2 0
109.3 0
109.4 0
109.5 0
109.6 0
109.7 0
109.8 0
109.9 0
110 0
110.1 0
110.2 0
110.3 0
110.4 0
110.5 0
110.6 0
110.7 0
110.8 0
110.9 0
111 0
111.1 0
111.2 0
111.3 0
111.4 0
111.5 0
111.6 0
111.7 0
111.8 0
111.9 0
112 0
112.1 0
112.2 0
112.3 0
112.4 0
112.5 0
112.6 0
112.7 0
112.8 0
112.9 0
113 0
113.1 0
113.2 0
113.3 0
113.4 0
113.5 0
113.6 0
113.7 0
113.8 0
113.9 0
114 0
114.1 0
114.2 0
114.3 0
114.4 0
114.5 0
114.6 0
114.7 0
114.8 0
114.9 0
115 0
115.1 0
115.2 0
115.3 0
115.4 0
115.5 0
115.6 0
115.7 0
115.8 0
115.9 0
116 0
116.1 0
116.2 0
116.3 0
116.4 0
116.5 0
116.6 0
116.7 0
116.8 0
116.9 0
117 0
117.1 0
117.2 0
117.3 0
117.4 0
117.5 0
117.6 0
117.7 0
117.8 0
117.9 0
118 0
118.1 0
118.2 0
118.3 0
118.4 0
118.5 0
118.6 0
118.7 0
118.8 0
118.9 0
119 0
119.1 0
119.2 0
119.3 0
119.4 0
119.5 0
119.6 0
119.7 0
119.8 0
119.9 0
120 0
120.1 0
120.2 0
120.3 0
120.4 0
120.5 0
120.6 0
120.7 0
120.8 0
120.9 0
121 0
121.1 0
121.2 0
121.3 0
121.4 0
121.5 0
121.6 0
121.7 0
121.8 0
121.9 0
122 0
122.1 0
122.2 0
122.3 0
122.4 0
122.5 0
122.6 0
122.7 0
122.8 0
122.9 0
123 0
123.1 0
123.2 0
123.3 0
123.4 0
123.5 0
123.6 0
123.7 0
123.8 0
123.9 0
124 0
124.1 0
124.2 0
124.3 0
124.4 0
124.5 0
124.6 0
124.7 0
124.8 0
124.9 0
125 0
125.1 0
125.2 0
125.3 0
125.4 0
125.5 0
125.6 0
125.7 0
125.8 0
125.9 0
126 0
126.1 0
126.2 0
126.3 0
126.4 0
126.5 0
126.6 0
126.7 0
126.8 0
126.9 0
127 0
127.1 0
127.2 0
127.3 0
127.4 0
127.5 0
127.6 0
127.7 0
127.8 0
127.9 0
128 0
128.1 0
128.2 0
128.3 0
128.4 0
128.5 0
128.6 0
128.7 0
128.8 0
128.9 0
129 0
129.1 0
129.2 0
129.3 0
129.4 0
129.5 0
129.6 0
129.7 0
129.8 0
129.9 0
130 0
130.1 0
130.2 0
130.3 0
130.4 0
130.5 0
130.6 0
130.7 0
130.8 0
130.9 0
131 0
131.1 0
131.2 0
131.3 0
131.4 0
131.5 0
131.6 0
131.7 0
131.8 0
131.9 0
132 0
132.1 0
132.2 0
132.3 0
132.4 0
132.5 0
132.6 0
132.7 0
132.8 0
132.9 0
133 0
133.1 0
133.2 0
133.3 0
133.4 0
133.5 0
133.6 0
133.7 0
133.8 0
133.9 0
134 0
134.1 0
134.2 0
134.3 0
134.4 0
134.5 0
134.6 0
134.7 0
134.8 0
134.9 0
135 0
135.1 0
135.2 0
135.3 0
135.4 0
135.5 0
135.6 0
135.7 0
135.8 0
135.9 0
136 0
136.1 0
136.2 0
136.3 0
136.4 0
136.5 0
136.6 0
136.7 0
136.8 0
136.9 0
137 0
137.1 0
137.2 0
137.3 0
137.4 0
137.5 0
137.6 0
137.7 0
137.8 0
137.9 0
138 0
138.1 0
138.2 0
138.3 0
138.4 0
138.5 0
138.6 0
138.7 0
138.8 0
138.9 0
139 0
139.1 0
139.2 0
139.3 0
139.4 0
139.5 0
139.6 0
139.7 0
139.8 0
139.9 0
140 0
140.1 0
140.2 0
140.3 0
140.4 0
140.5 0
140.6 0
140.7 0
140.8 0
140.9 0
141 0
141.1 0
141.2 0
141.3 0
141.4 0
141.5 0
141.6 0
141.7 0
141.8 0
141.9 0
142 0
142.1 0
142.2 0
142.3 0
142.4 0
142.5 0
142.6 0
142.7 0
142.8 0
142.9 0
143 0
143.1 0
143.2 0
143.3 0
143.4 0
143.5 0
143.6 0
143.7 0
143.8 0
143.9 0
144 0
144.1 0
144.2 0
144.3 0
144.4 0
144.5 0
144.6 0
144.7 0
144.8 0
144.9 0
145 0
145.1 0
145.2 0
145.3 0
145.4 0
145.5 0
145.6 0
145.7 0
145.8 0
145.9 0
146 0
146.1 0
146.2 0
146.3 0
146.4 0
146.5 0
146.6 0
146.7 0
146.8 0
146.9 0
147 0
147.1 0
147.2 0
147.3 0
147.4 0
147.5 0
147.6 0
147.7 0
147.8 0
147.9 0
148 0
148.1 0
148.2 0
148.3 0
148.4 0
148.5 0
148.6 0
148.7 0
148.8 0
148.9 0
149 0
149.1 0
149.2 0
149.3 0
149.4 0
149.5 0
149.6 0
149.7 0
149.8 0
149.9 0
150 0
150.1 0
150.2 0
150.3 0
150.4 0
150.5 0
150.6 0
150.7 0
150.8 0
150.9 0
151 0
151.1 0
151.2 0
151.3 0
151.4 0
151.5 0
151.6 0
151.7 0
151.8 0
151.9 0
152 0
152.1 0
152.2 0
152.3 0
152.4 0
152.5 0
152.6 0
152.7 0
152.8 0
152.9 0
153 0
153.1 0
153.2 0
153.3 0
153.4 0
153.5 0
153.6 0
153.7 0
153.8 0
153.9 0
154 0
154.1 0
154.2 0
154.3 0
154.4 0
154.5 0
154.6 0
154.7 0
154.8 0
154.9 0
155 0
155.1 0
155.2 0
155.3 0
155.4 0
155.5 0
155.6 0
155.7 0
155.8 0
155.9 0
156 0
156.1 0
156.2 0
156.3 0
156.4 0
156.5 0
156.6 0
156.7 0
156.8 0
156.9 0
157 0
157.1 0
157.2 0
157.3 0
157.4 0
157.5 0
157.6 0
157.7 0
157.8 0
157.9 0
158 0
158.1 0
158.2 0
158.3 0
158.4 0
158.5 0
158.6 0
158.7 0
158.8 0
158.9 0
159 0
159.1 0
159.2 0
159.3 0
159.4 0
159.5 0
159.6 0
159.7 0
159.8 0
159.9 0
160 0
160.1 0
160.2 0
160.3 0
160.4 0
160.5 0
160.6 0
160.7 0
160.8 0
160.9 0
161 0
161.1 0
161.2 0
161.3 0
161.4 0
161.5 0
161.6 0
161.7 0
161.8 0
161.9 0
162 0
162.1 0
162.2 0
162.3 0
162.4 0
162.5 0
162.6 0
162.7 0
162.8 0
162.9 0
163 0
163.1 0
163.2 0
163.3 0
163.4 0
163.5 0
163.6 0
163.7 0
163.8 0
163.9 0
164 0
164.1 0
164.2 0
164.3 0
164.4 0
164.5 0
164.6 0
164.7 0
164.8 0
164.9 0
165 0
165.1 0
165.2 0
165.3 0
165.4 0
165.5 0
165.6 0
165.7 0
165.8 0
165.9 0
166 0
166.1 0
166.2 0
166.3 0
166.4 0
166.5 0
166.6 0
166.7 0
166.8 0
166.9 0
167 0
167.1 0
167.2 0
167.3 0
167.4 0
167.5 0
167.6 0
167.7 0
167.8 0
167.9 0
168 0
168.1 0
168.2 0
168.3 0
168.4 0
168.5 0
168.6 0
168.7 0
168.8 0
168.9 0
169 0
169.1 0
169.2 0
169.3 0
169.4 0
169.5 0
169.6 0
169.7 0
169.8 0
169.9 0
170 0
170.1 0
170.2 0
170.3 0
170.4 0
170.5 0
170.6 0
170.7 0
170.8 0
170.9 0
171 0
171.1 0
171.2 0
171.3 0
171.4 0
171.5 0
171.6 0
171.7 0
171.8 0
171.9 0
172 0
172.1 0
172.2 0
172.3 0
172.4 0
172.5 0
172.6 0
172.7 0
172.8 0
172.9 0
173 0
173.1 0
173.2 0
173.3 0
173.4 0
173.5 0
173.6 0
173.7 0
173.8 0
173.9 0
174 0
174.1 0
174.2 0
174.3 0
174.4 0
174.5 0
174.6 0
174.7 0
174.8 0
174.9 0
175 0
175.1 0
175.2 0
175.3 0
175.4 0
175.5 0
175.6 0
175.7 0
175.8 0
175.9 0
176 0
176.1 0
176.2 0
176.3 0
176.4 0
176.5 0
176.6 0
176.7 0
176.8 0
176.9 0
177 0
177.1 0
177.2 0
177.3 0
177.4 0
177.5 0
177.6 0
177.7 0
177.8 0
177.9 0
178 0
178.1 0
178.2 0
178.3 0
178.4 0
178.5 0
178.6 0
178.7 0
178.8 0
178.9 0
179 0
179.1 0
179.2 0
179.3 0
179.4 0
179.5 0
179.6 0
179.7 0
179.8 0
179.9 0
180 0
180.1 0
180.2 0
180.3 0
180.4 0
180.5 0
180.6 0
180.7 0
180.8 0
180.9 0
181 0
181.1 0
181.2 0
181.3 0
181.4 0
181.5 0
181.6 0
181.7 0
181.8 0
181.9 0
182 0
182.1 0
182.2 0
182.3 0
182.4 0
182.5 0
182.6 0
182.7 0
182.8 0
182.9 0
183 0
183.1 0
183.2 0
183.3 0
183.4 0
183.5 0
183.6 0
183.7 0
183.8 0
183.9 0
184 0
184.1 0
184.2 0
184.3 0
184.4 0
184.5 0
184.6 0
184.7 0
184.8 0
184.9 0
185 0
185.1 0
185.2 0
185.3 0
185.4 0
185.5 0
185.6 0
185.7 0
185.8 0
185.9 0
186 0
186.1 0
186.2 0
186.3 0
186.4 0
186.5 0
186.6 0
186.7 0
186.8 0
186.9 0
187 0
187.1 0
187.2 0
187.3 0
187.4 0
187.5 0
187.6 0
187.7 0
187.8 0
187.9 0
188 0
188.1 0
188.2 0
188.3 0
188.4 0
188.5 0
188.6 0
188.7 0
188.8 0
188.9 0
189 0
189.1 0
189.2 0
189.3 0
189.4 0
189.5 0
189.6 0
189.7 0
189.8 0
189.9 0
190 0
190.1 0
190.2 0
190.3 0
190.4 0
190.5 0
190.6 0
190.7 0
190.8 0
190.9 0
191 0
191.1 0
191.2 0
191.3 0
191.4 0
191.5 0
191.6 0
191.7 0
191.8 0
191.9 0
192 0
192.1 0
192.2 0
192.3 0
192.4 0
192.5 0
192.6 0
192.7 0
192.8 0
192.9 0
193 0
193.1 0
193.2 0
193.3 0
193.4 0
193.5 0
193.6 0
193.7 0
193.8 0
193.9 0
194 0
194.1 0
194.2 0
194.3 0
194.4 0
194.5 0
194.6 0
194.7 0
194.8 0
194.9 0
195 0
195.1 0
195.2 0
195.3 0
195.4 0
195.5 0
195.6 0
195.7 0
195.8 0
195.9 0
196 0
196.1 0
196.2 0
196.3 0
196.4 0
196.5 0
196.6 0
196.7 0
196.8 0
196.9 0
197 0
197.1 0
197.2 0
197.3 0
197.4 0
197.5 0
197.6 0
197.7 0
197.8 0
197.9 0
198 0
198.1 0
198.2 0
198.3 0
198.4 0
198.5 0
198.6 0
198.7 0
198.8 0
198.9 0
199 0
199.1 0
199.2 0
199.3 0
199.4 0
199.5 0
199.6 0
199.7 0
199.8 0
199.9 0
200 0
200.1 0
200.2 0
200.3 0
200.4 0
200.5 0
200.6 0
200.7 0
200.8 0
200.9 0
201 0
201.1 0
201.2 0
201.3 0
201.4 0
201.5 0
201.6 0
201.7 0
201.8 0
201.9 0
202 0
202.1 0
202.2 0
202.3 0
202.4 0
202.5 0
202.6 0
202.7 0
202.8 0
202.9 0
203 0
203.1 0
203.2 0
203.3 0
203.4 0
203.5 0
203.6 0
203.7 0
203.8 0
203.9 0
204 0
204.1 0
204.2 0
204.3 0
204.4 0
204.5 0
204.6 0
204.7 0
