0 -20.039
0.1 -7.2876
0.2 2.16441
0.3 5.86171
0.4 1.89387
0.5 -10.8524
0.6 -32.4615
0.7 -61.8096
0.8 -96.507
0.9 -133.043
1 -167.195
1.1 -194.666
1.2 -211.863
1.3 -216.604
1.4 -208.535
1.5 -189.13
1.6 -161.236
1.7 -128.349
1.8 -93.8281
1.9 -60.3345
2 -29.6187
2.1 -2.66102
2.2 20.0095
2.3 38.012
2.4 50.9932
2.5 58.7536
2.6 61.4868
2.7 59.9952
2.8 55.7226
2.9 50.5732
3 46.5881
3.1 45.6077
3.2 49.0352
3.3 57.7223
3.4 71.9256
3.5 91.236
3.6 114.462
3.7 139.526
3.8 163.518
3.9 183.046
4 194.88
4.1 196.746
4.2 187.968
4.3 169.666
4.4 144.35
4.5 115.015
4.6 84.0664
4.7 52.4871
4.8 19.6166
4.9 -16.3672
5 -57.4406
5.1 -104.576
5.2 -156.841
5.3 -211.043
5.4 -261.971
5.5 -303.116
5.6 -327.672
5.7 -329.627
5.8 -304.86
5.9 -252.163
6 -174.072
6.1 -77.2862
6.2 27.6105
6.3 127.348
6.4 208.079
6.5 258.053
6.6 270.199
6.7 243.866
6.8 185.141
6.9 105.558
7 19.5439
7.1 -58.6846
7.2 -117.908
7.3 -151.686
7.4 -158.842
7.5 -142.756
7.6 -109.908
7.7 -68.1673
7.8 -25.2312
7.9 12.5721
8 41.077
8.1 58.6806
8.2 66.3465
8.3 67.1811
8.4 65.5597
8.5 65.9142
8.6 71.4375
8.7 83.0643
8.8 99.079
8.9 115.519
9 127.278
9.1 129.581
9.2 119.364
9.3 96.1465
9.4 62.1944
9.5 21.9878
9.6 -18.7772
9.7 -54.3476
9.8 -79.9765
9.9 -92.7172
10 -91.8704
10.1 -79.0724
10.2 -58.0023
10.3 -33.716
10.4 -11.67
10.5 3.40886
10.6 8.55461
10.7 3.18342
10.8 -10.9075
10.9 -30.2109
11 -50.6587
11.1 -68.8671
11.2 -83.0547
11.3 -93.3128
11.4 -101.158
11.5 -108.567
11.6 -116.878
11.7 -125.984
11.8 -134.104
11.9 -138.208
12 -134.898
12.1 -121.448
12.2 -96.6381
12.3 -61.1582
12.4 -17.4994
12.5 30.5783
12.6 78.7987
12.7 123.147
12.8 160.506
12.9 189.05
13 208.405
13.1 219.57
13.2 224.651
13.3 226.442
13.4 227.876
13.5 231.411
13.6 238.44
13.7 248.826
13.8 260.689
13.9 270.493
14 273.458
14.1 264.201
14.2 237.488
14.3 188.942
14.4 115.657
14.5 16.6672
14.6 -106.643
14.7 -250.166
14.8 -406.738
14.9 -565.998
15 -714.649
15.1 -837.369
15.2 -918.459
15.3 -944.108
15.4 -904.882
15.5 -797.849
15.6 -627.765
15.7 -406.93
15.8 -153.674
15.9 110.212
16 362.515
16.1 583.455
16.2 757.852
16.3 876.357
16.4 935.725
16.5 938.314
16.6 891.025
16.7 803.846
16.8 688.18
16.9 555.117
17 413.927
17.1 271.111
17.2 130.289
17.3 -6.97919
17.4 -139.66
17.5 -265.567
17.6 -380.211
17.7 -476.753
17.8 -547.223
17.9 -584.668
18 -585.422
18.1 -550.641
18.2 -486.381
18.3 -402.146
18.4 -308.362
18.5 -213.664
18.6 -122.977
18.7 -37.0081
18.8 46.7488
18.9 131.934
19 220.955
19.1 313.101
19.2 403.645
19.3 484.084
19.4 543.296
19.5 569.283
19.6 551.098
19.7 480.725
19.8 354.675
19.9 175.171
20 -49.3016
20.1 -304.22
20.2 -570.133
20.3 -824.518
20.4 -1044.07
20.5 -1207.01
20.6 -1294.92
20.7 -1294.07
20.8 -1196.17
20.9 -998.912
21 -706.584
21.1 -330.844
21.2 108.615
21.3 583.98
21.4 1060.39
21.5 1498.46
21.6 1858.18
21.7 2103.56
21.8 2207.14
21.9 2153.57
22 1941.55
22.1 1584.13
22.2 1107.47
22.3 548.611
22.4 -47.331
22.5 -630.439
22.6 -1149.62
22.7 -1556.72
22.8 -1811.13
22.9 -1884.64
23 -1765.98
23.1 -1464.65
23.2 -1012.91
23.3 -465.693
23.4 102.411
23.5 603.374
23.6 945.247
23.7 1044.69
23.8 841.52
23.9 313.434
24 -511.709
24.1 -1549.19
24.2 -2659.2
24.3 -3659.09
24.4 -4346
24.5 -4527.92
24.6 -4058.52
24.7 -2869.81
24.8 -996.2
24.9 1415.85
25 4116.02
25.1 6776.69
25.2 9035.07
25.3 10545
25.4 11030.3
25.5 10330.5
25.6 8431.4
25.7 5473.91
25.8 1739.61
25.9 -2385.13
26 -6460.48
26.1 -10051.2
26.2 -12781.7
26.3 -14379.7
26.4 -14702.9
26.5 -13745.7
26.6 -11628.7
26.7 -8574.75
26.8 -4876.78
26.9 -863.111
27 3135.35
27.1 6813.49
27.2 9914.35
27.3 12244.9
27.4 13685.1
27.5 14189.8
27.6 13784.9
27.7 12557.2
27.8 10641
27.9 8202
28 5421.12
28.1 2480.01
28.2 -451.187
28.3 -3223.15
28.4 -5714
28.5 -7833.26
28.6 -9523.22
28.7 -10757.4
28.8 -11536.1
28.9 -11879.2
29 -11817.6
29.1 -11384.3
29.2 -10608.2
29.3 -9510.42
29.4 -8105.17
29.5 -6404.27
29.6 -4423.69
29.7 -2190.58
29.8 251.004
29.9 2836.77
30 5481.77
30.1 8082.67
30.2 10522.2
30.3 12675.4
30.4 14417.1
30.5 15630.5
30.6 16215.4
30.7 16097.5
30.8 15235
30.9 13624.8
31 11305.4
31.1 8358.01
31.2 4904.46
31.3 1103.39
31.4 -2856.38
31.5 -6765
31.6 -10403.5
31.7 -13558.5
31.8 -16038.7
31.9 -17691.9
32 -18419.9
32.1 -18189.4
32.2 -17035.4
32.3 -15058.4
32.4 -12413.2
32.5 -9293.22
32.6 -5910.73
32.7 -2477.92
32.8 810.281
32.9 3789.19
33 6332.53
33.1 8355.95
33.2 9816.45
33.3 10708.7
33.4 11059.2
33.5 10919.7
33.6 10359.4
33.7 9459
33.8 8304.2
33.9 6981.19
34 5572.71
34.1 4154.94
34.2 2794.65
34.3 1546.64
34.4 451.391
34.5 -466.492
34.6 -1198.71
34.7 -1752.03
34.8 -2145.24
34.9 -2404.88
35 -2560.28
35.1 -2639.01
35.2 -2663.61
35.3 -2649.96
35.4 -2607.33
35.5 -2539.81
35.6 -2448.34
35.7 -2332.98
35.8 -2194.82
35.9 -2037.56
36 -1868.45
36.1 -1698.56
36.2 -1542.22
36.3 -1415.29
36.4 -1332.58
36.5 -1304.5
36.6 -1333.88
36.7 -1413.8
36.8 -1527.24
36.9 -1648.91
37 -1749.13
37.1 -1798.6
37.2 -1773.19
37.3 -1657.39
37.4 -1445.85
37.5 -1142.94
37.6 -760.809
37.7 -316.667
37.8 169.935
37.9 679.391
38 1193.71
38.1 1697.64
38.2 2179.19
38.3 2629.73
38.4 3043.33
38.5 3415.57
38.6 3741.81
38.7 4015.53
38.8 4227.14
38.9 4363.9
39 4411.01
39.1 4353.78
39.2 4180.13
39.3 3882.89
39.4 3461.28
39.5 2921.33
39.6 2275.44
39.7 1541.45
39.8 741.477
39.9 -99.1097
40 -952.759
40.1 -1790.89
40.2 -2585.26
40.3 -3309.53
40.4 -3940.77
40.5 -4460.59
40.6 -4855.75
40.7 -5118.26
40.8 -5245
40.9 -5237.39
41 -5101.05
41.1 -4845.68
41.2 -4484.95
41.3 -4036.1
41.4 -3519.09
41.5 -2955.35
41.6 -2366.1
41.7 -1770.75
41.8 -1185.57
41.9 -622.802
42 -90.3445
42.1 408.067
42.2 872.293
42.3 1304.9
42.4 1710.06
42.5 2092.38
42.6 2455.73
42.7 2802.44
42.8 3132.75
42.9 3444.79
43 3734.77
43.1 3997.24
43.2 4225.16
43.3 4409.92
43.4 4541.18
43.5 4607.09
43.6 4595.13
43.7 4493.49
43.8 4293.01
43.9 3988.94
44 3582.09
44.1 3078.96
44.2 2490.7
44.3 1831.41
44.4 1116.22
44.5 359.922
44.6 -423.628
44.7 -1221.27
44.8 -2019.72
44.9 -2804.75
45 -3560.54
45.1 -4269.59
45.2 -4913.07
45.3 -5471.41
45.4 -5925.1
45.5 -6255.58
45.6 -6446.25
45.7 -6483.65
45.8 -6358.81
45.9 -6068.56
46 -5616.65
46.1 -5014.4
46.2 -4280.58
46.3 -3440.71
46.4 -2525.42
46.5 -1568.39
46.6 -603.706
46.7 336.835
46.8 1226.29
46.9 2044.52
47 2779.09
47.1 3424.98
47.2 3983.09
47.3 4457.81
47.4 4854.36
47.5 5176.51
47.6 5425.2
47.7 5598.28
47.8 5691.14
47.9 5697.88
48 5612.54
48.1 5430.08
48.2 5147.08
48.3 4762.26
48.4 4277.11
48.5 3696.46
48.6 3029.19
48.7 2288.56
48.8 1492.07
48.9 660.738
49 -182.192
49.1 -1012.79
49.2 -1807.98
49.3 -2546.88
49.4 -3211.81
49.5 -3789.14
49.6 -4269.79
49.7 -4649.41
49.8 -4928.21
49.9 -5110.07
50 -5201.27
50.1 -5208.85
50.2 -5139.15
50.3 -4996.82
50.4 -4784.55
50.5 -4503.48
50.6 -4154.06
50.7 -3736.85
50.8 -3253.24
50.9 -2705.86
51 -2099.11
51.1 -1439.88
51.2 -738.541
51.3 -9.94567
51.4 726.082
51.5 1445.36
51.6 2121.3
51.7 2727.99
51.8 3243.74
51.9 3654.08
52 3953.4
52.1 4144.73
52.2 4237.93
52.3 4246.81
52.4 4186.11
52.5 4069.19
52.6 3906.67
52.7 3706.25
52.8 3473.15
52.9 3211
53 2922.62
53.1 2610.52
53.2 2277.24
53.3 1925.22
53.4 1556.68
53.5 1173.28
53.6 776.013
53.7 365.243
53.8 -58.7362
53.9 -494.772
54 -939.643
54.1 -1386.97
54.2 -1826.71
54.3 -2245.55
54.4 -2628.42
54.5 -2960.6
54.6 -3230.09
54.7 -3429.42
54.8 -3556.39
54.9 -3613.65
55 -3607.23
55.1 -3544.65
55.2 -3433.11
55.3 -3278.32
55.4 -3084.06
55.5 -2852.39
55.6 -2584.46
55.7 -2281.26
55.8 -1944.43
55.9 -1576.71
56 -1182.05
56.1 -765.443
56.2 -332.415
56.3 111.439
56.4 560.825
56.5 1010.7
56.6 1455.77
56.7 1889.49
56.8 2303.11
56.9 2685.06
57 3021.12
57.1 3295.77
57.2 3494.27
57.3 3605.2
57.4 3622.63
57.5 3547.3
57.6 3386.53
57.7 3152.87
57.8 2861.98
57.9 2530.3
58 2173.03
58.1 1802.81
58.2 1429.13
58.3 1058.32
58.4 694.076
58.5 338.239
58.6 -8.23746
58.7 -344.319
58.8 -668.108
58.9 -976.457
59 -1265.13
59.1 -1529.46
59.2 -1765.24
59.3 -1969.54
59.4 -2140.93
59.5 -2279.05
59.6 -2383.74
59.7 -2454.06
59.8 -2487.74
59.9 -2481.47
60 -2432.02
60.1 -2337.63
60.2 -2199.33
60.3 -2021.4
60.4 -1810.9
60.5 -1576.37
60.6 -1326.38
60.7 -1068.24
60.8 -807.493
60.9 -548.162
61 -293.358
61.1 -45.9928
61.2 190.843
61.3 413.902
61.4 620.084
61.5 806.789
61.6 972.124
61.7 1114.94
61.8 1234.81
61.9 1332.06
62 1407.92
62.1 1464.62
62.2 1505.27
62.3 1533.32
62.4 1551.7
62.5 1561.86
62.6 1563.14
62.7 1552.84
62.8 1527.08
62.9 1482.07
63 1415.57
63.1 1327.77
63.2 1221.44
63.3 1101.21
63.4 972.359
63.5 839.538
63.6 705.674
63.7 571.36
63.8 434.665
63.9 291.308
64 135.201
64.1 -40.5701
64.2 -242.234
64.3 -473.364
64.4 -732.803
64.5 -1013.12
64.6 -1300.27
64.7 -1574.94
64.8 -1815.5
64.9 -2001.9
65 -2119.45
65.1 -2161.32
65.2 -2129.09
65.3 -2031.34
65.4 -1880.82
65.5 -1691.4
65.6 -1475.61
65.7 -1243.55
65.8 -1002.96
65.9 -760.059
66 -520.4
66.1 -289.34
66.2 -71.8775
66.3 127.868
66.4 307.18
66.5 464.978
66.6 601.665
66.7 718.749
66.8 818.41
66.9 903.142
67 975.41
67.1 1037.18
67.2 1089.27
67.3 1130.6
67.4 1157.78
67.5 1165.43
67.6 1147.43
67.7 1099.08
67.8 1019.41
67.9 912.897
68 789.779
68.1 664.576
68.2 553.138
68.3 469.002
68.4 420.143
68.5 407.035
68.6 422.484
68.7 453.132
68.8 482.094
68.9 492.017
69 467.942
69.1 399.631
69.2 283.159
69.3 121.738
69.4 -74.3332
69.5 -288.741
69.6 -501.316
69.7 -691.133
69.8 -840.088
69.9 -936.206
70 -975.857
70.1 -964.287
70.2 -914.29
70.3 -843.377
70.4 -770.167
70.5 -710.872
70.6 -676.581
70.7 -671.743
70.8 -693.908
70.9 -734.56
71 -780.787
71.1 -817.523
71.2 -830.121
71.3 -806.929
71.4 -741.463
71.5 -633.713
71.6 -490.204
71.7 -322.721
71.8 -145.955
71.9 25.3052
72 178.704
72.1 305.948
72.2 403.286
72.3 471.029
72.4 512.576
72.5 533.475
72.6 540.8
72.7 542.813
72.8 548.567
72.9 567.093
73 606.021
73.1 669.827
73.2 758.254
73.3 865.491
73.4 980.54
73.5 1088.77
73.6 1174.29
73.7 1222.39
73.8 1221.65
73.9 1165.13
74 1050.82
74.1 881.62
74.2 665.035
74.3 412.793
74.4 140.249
74.5 -134.695
74.6 -393.339
74.7 -618.523
74.8 -797.116
74.9 -921.995
75 -992.893
75.1 -1015.78
75.2 -1000.94
75.3 -960.384
75.4 -905.274
75.5 -844.256
75.6 -782.843
75.7 -723.831
75.8 -668.225
75.9 -616.145
76 -567.293
76.1 -520.956
76.2 -475.752
76.3 -429.535
76.4 -379.693
76.5 -323.901
76.6 -261.03
76.7 -191.815
76.8 -118.921
76.9 -46.285
77 22.0813
77.1 83.3754
77.2 136.902
77.3 184.229
77.4 228.539
77.5 273.417
77.6 321.496
77.7 373.403
77.8 427.338
77.9 479.347
78 524.19
78.1 556.522
78.2 572.102
78.3 568.793
78.4 547.156
78.5 510.567
78.6 464.801
78.7 417.079
78.8 374.684
78.9 343.328
79 325.626
79.1 320.051
79.2 320.796
79.3 318.726
79.4 303.377
79.5 265.613
79.6 200.286
79.7 108.165
79.8 -3.45641
79.9 -121.766
80 -230.888
80.1 -315.235
80.2 -362.947
80.3 -368.585
80.4 -334.463
80.5 -270.341
80.6 -191.621
80.7 -116.502
80.8 -62.7448
80.9 -44.6913
81 -71.0304
81.1 -143.599
81.2 -257.264
81.3 -400.76
81.4 -558.249
81.5 -711.33
81.6 -841.248
81.7 -931.04
81.8 -967.422
81.9 -942.223
82 -853.234
82.1 -704.391
82.2 -505.299
82.3 -270.218
82.4 -16.593
82.5 236.603
82.6 470.636
82.7 668.72
82.8 817.613
82.9 908.973
83 940.343
83.1 915.561
83.2 844.387
83.3 741.212
83.4 622.866
83.5 505.85
83.6 403.488
83.7 323.637
83.8 267.513
83.9 229.976
84 201.216
84.1 169.437
84.2 123.868
84.3 57.3644
84.4 -31.9623
84.5 -140.385
84.6 -259.402
84.7 -377.421
84.8 -481.843
84.9 -561.034
85 -605.831
85.1 -610.454
85.2 -572.823
85.3 -494.4
85.4 -379.797
85.5 -236.303
85.6 -73.4699
85.7 97.3364
85.8 263.515
85.9 411.852
86 529.573
86.1 605.589
86.2 631.819
86.3 604.452
86.4 524.542
86.5 398.167
86.6 235.883
86.7 51.5445
86.8 -139.189
86.9 -320.469
87 -477.818
87.1 -599.397
87.2 -676.985
87.3 -706.618
87.4 -688.849
87.5 -628.443
87.6 -533.589
87.7 -414.687
87.8 -282.835
87.9 -148.491
88 -20.3479
88.1 95.2822
88.2 194.401
88.3 274.925
88.4 336.128
88.5 378.176
88.6 401.856
88.7 408.529
88.8 400.151
88.9 379.167
89 348.279
89.1 310.042
89.2 266.549
89.3 219.137
89.4 168.479
89.5 114.84
89.6 58.462
89.7 -0.0897885
89.8 -59.736
89.9 -118.83
90 -175.24
90.1 -226.439
90.2 -269.573
90.3 -301.547
90.4 -319.215
90.5 -319.698
90.6 -300.903
90.7 -262.075
90.8 -204.23
90.9 -130.316
91 -44.959
91.1 46.0887
91.2 136.682
91.3 220.994
91.4 294.006
91.5 351.77
91.6 391.461
91.7 411.321
91.8 410.616
91.9 389.64
92 349.716
92.1 293.164
92.2 223.143
92.3 143.397
92.4 57.9648
92.5 -29.0969
92.6 -113.885
92.7 -192.76
92.8 -262.4
92.9 -319.915
93 -363.053
93.1 -390.432
93.2 -401.751
93.3 -397.882
93.4 -380.756
93.5 -353.052
93.6 -317.799
93.7 -277.914
93.8 -235.831
93.9 -193.287
94 -151.254
94.1 -110.02
94.2 -69.3447
94.3 -28.6973
94.4 12.4785
94.5 54.4771
94.6 97.084
94.7 139.413
94.8 179.894
94.9 216.435
95 246.732
95.1 268.679
95.2 280.749
95.3 282.258
95.4 273.462
95.5 255.477
95.6 230.059
95.7 199.34
95.8 165.575
95.9 130.955
96 97.4827
96.1 66.8988
96.2 40.6492
96.3 19.8456
96.4 5.21497
96.5 -2.95781
96.6 -4.89386
96.7 -1.37818
96.8 6.20469
96.9 15.9327
97 25.4806
97.1 32.3661
97.2 34.2914
97.3 29.5074
97.4 17.1579
97.5 -2.53275
97.6 -28.2773
97.7 -57.9294
97.8 -88.8565
97.9 -118.386
98 -144.211
98.1 -164.686
98.2 -178.978
98.3 -187.027
98.4 -189.404
98.5 -187.113
98.6 -181.358
98.7 -173.328
98.8 -164.04
98.9 -154.195
99 -144.134
99.1 -133.842
99.2 -122.996
99.3 -111.051
99.4 -97.3567
99.5 -81.26
99.6 -62.2026
99.7 -39.7915
99.8 -13.8554
99.9 15.4985
100 47.8319
100.1 82.3385
100.2 117.817
100.3 152.712
100.4 185.189
100.5 213.27
100.6 235.027
100.7 248.78
100.8 253.307
100.9 248.011
101 233.021
101.1 209.219
101.2 178.184
101.3 142.054
101.4 103.341
101.5 64.7032
101.6 28.7286
101.7 -2.2861
101.8 -26.5302
101.9 -42.8457
102 -50.8454
102.1 -50.9752
102.2 -44.4913
102.3 -33.3545
102.4 0
102.5 0
102.6 0
102.7 0
102.8 0
102.9 0
103 0
103.1 0
103.2 0
103.3 0
103.4 0
103.5 0
103.6 0
103.7 0
103.8 0
103.9 0
104 0
104.1 0
104.2 0
104.3 0
104.4 0
104.5 0
104.6 0
104.7 0
104.8 0
104.9 0
105 0
105.1 0
105.2 0
105.3 0
105.4 0
105.5 0
105.6 0
105.7 0
105.8 0
105.9 0
106 0
106.1 0
106.2 0
106.3 0
106.4 0
106.5 0
106.6 0
106.7 0
106.8 0
106.9 0
107 0
107.1 0
107.2 0
107.3 0
107.4 0
107.5 0
107.6 0
107.7 0
107.8 0
107.9 0
108 0
108.1 0
108.2 0
108.3 0
108.4 0
108.5 0
108.6 0
108.7 0
108.8 0
108.9 0
109 0
109.1 0
109.2 0
109.3 0
109.4 0
109.5 0
109.6 0
109.7 0
109.8 0
109.9 0
110 0
110.1 0
110.2 0
110.3 0
110.4 0
110.5 0
110.6 0
110.7 0
110.8 0
110.9 0
111 0
111.1 0
111.2 0
111.3 0
111.4 0
111.5 0
111.6 0
111.7 0
111.8 0
111.9 0
112 0
112.1 0
112.2 0
112.3 0
112.4 0
112.5 0
112.6 0
112.7 0
112.8 0
112.9 0
113 0
113.1 0
113.2 0
113.3 0
113.4 0
113.5 0
113.6 0
113.7 0
113.8 0
113.9 0
114 0
114.1 0
114.2 0
114.3 0
114.4 0
114.5 0
114.6 0
114.7 0
114.8 0
114.9 0
115 0
115.1 0
115.2 0
115.3 0
115.4 0
115.5 0
115.6 0
115.7 0
115.8 0
115.9 0
116 0
116.1 0
116.2 0
116.3 0
116.4 0
116.5 0
116.6 0
116.7 0
116.8 0
116.9 0
117 0
117.1 0
117.2 0
117.3 0
117.4 0
117.5 0
117.6 0
117.7 0
117.8 0
117.9 0
118 0
118.1 0
118.2 0
118.3 0
118.4 0
118.5 0
118.6 0
118.7 0
118.8 0
118.9 0
119 0
119.1 0
119.2 0
119.3 0
119.4 0
119.5 0
119.6 0
119.7 0
119.8 0
119.9 0
120 0
120.1 0
120.2 0
120.3 0
120.4 0
120.5 0
120.6 0
120.7 0
120.8 0
120.9 0
121 0
121.1 0
121.2 0
121.3 0
121.4 0
121.5 0
121.6 0
121.7 0
121.8 0
121.9 0
122 0
122.1 0
122.2 0
122.3 0
122.4 0
122.5 0
122.6 0
122.7 0
122.8 0
122.9 0
123 0
123.1 0
123.2 0
123.3 0
123.4 0
123.5 0
123.6 0
123.7 0
123.8 0
123.9 0
124 0
124.1 0
124.2 0
124.3 0
124.4 0
124.5 0
124.6 0
124.7 0
124.8 0
124.9 0
125 0
125.1 0
125.2 0
125.3 0
125.4 0
125.5 0
125.6 0
125.7 0
125.8 0
125.9 0
126 0
126.1 0
126.2 0
126.3 0
126.4 0
126.5 0
126.6 0
126.7 0
126.8 0
126.9 0
127 0
127.1 0
127.2 0
127.3 0
127.4 0
127.5 0
127.6 0
127.7 0
127.8 0
127.9 0
128 0
128.1 0
128.2 0
128.3 0
128.4 0
128.5 0
128.6 0
128.7 0
128.8 0
128.9 0
129 0
129.1 0
129.2 0
129.3 0
129.4 0
129.5 0
129.6 0
129.7 0
129.8 0
129.9 0
130 0
130.1 0
130.2 0
130.3 0
130.4 0
130.5 0
130.6 0
130.7 0
130.8 0
130.9 0
131 0
131.1 0
131.2 0
131.3 0
131.4 0
131.5 0
131.6 0
131.7 0
131.8 0
131.9 0
132 0
132.1 0
132.2 0
132.3 0
132.4 0
132.5 0
132.6 0
132.7 0
132.8 0
132.9 0
133 0
133.1 0
133.2 0
133.3 0
133.4 0
133.5 0
133.6 0
133.7 0
133.8 0
133.9 0
134 0
134.1 0
134.2 0
134.3 0
134.4 0
134.5 0
134.6 0
134.7 0
134.8 0
134.9 0
135 0
135.1 0
135.2 0
135.3 0
135.4 0
135.5 0
135.6 0
135.7 0
135.8 0
135.9 0
136 0
136.1 0
136.2 0
136.3 0
136.4 0
136.5 0
136.6 0
136.7 0
136.8 0
136.9 0
137 0
137.1 0
137.2 0
137.3 0
137.4 0
137.5 0
137.6 0
137.7 0
137.8 0
137.9 0
138 0
138.1 0
138.2 0
138.3 0
138.4 0
138.5 0
138.6 0
138.7 0
138.8 0
138.9 0
139 0
139.1 0
139.2 0
139.3 0
139.4 0
139.5 0
139.6 0
139.7 0
139.8 0
139.9 0
140 0
140.1 0
140.2 0
140.3 0
140.4 0
140.5 0
140.6 0
140.7 0
140.8 0
140.9 0
141 0
141.1 0
141.2 0
141.3 0
141.4 0
141.5 0
141.6 0
141.7 0
141.8 0
141.9 0
142 0
142.1 0
142.2 0
142.3 0
142.4 0
142.5 0
142.6 0
142.7 0
142.8 0
142.9 0
143 0
143.1 0
143.2 0
143.3 0
143.4 0
143.5 0
143.6 0
143.7 0
143.8 0
143.9 0
144 0
144.1 0
144.2 0
144.3 0
144.4 0
144.5 0
144.6 0
144.7 0
144.8 0
144.9 0
145 0
145.1 0
145.2 0
145.3 0
145.4 0
145.5 0
145.6 0
145.7 0
145.8 0
145.9 0
146 0
146.1 0
146.2 0
146.3 0
146.4 0
146.5 0
146.6 0
146.7 0
146.8 0
146.9 0
147 0
147.1 0
147.2 0
147.3 0
147.4 0
147.5 0
147.6 0
147.7 0
147.8 0
147.9 0
148 0
148.1 0
148.2 0
148.3 0
148.4 0
148.5 0
148.6 0
148.7 0
148.8 0
148.9 0
149 0
149.1 0
149.2 0
149.3 0
149.4 0
149.5 0
149.6 0
149.7 0
149.8 0
149.9 0
150 0
150.1 0
150.2 0
150.3 0
150.4 0
150.5 0
150.6 0
150.7 0
150.8 0
150.9 0
151 0
151.1 0
151.2 0
151.3 0
151.4 0
151.5 0
151.6 0
151.7 0
151.8 0
151.9 0
152 0
152.1 0
152.2 0
152.3 0
152.4 0
152.5 0
152.6 0
152.7 0
152.8 0
152.9 0
153 0
153.1 0
153.2 0
153.3 0
153.4 0
153.5 0
153.6 0
153.7 0
153.8 0
153.9 0
154 0
154.1 0
154.2 0
154.3 0
154.4 0
154.5 0
154.6 0
154.7 0
154.8 0
154.9 0
155 0
155.1 0
155.2 0
155.3 0
155.4 0
155.5 0
155.6 0
155.7 0
155.8 0
155.9 0
156 0
156.1 0
156.2 0
156.3 0
156.4 0
156.5 0
156.6 0
156.7 0
156.8 0
156.9 0
157 0
157.1 0
157.2 0
157.3 0
157.4 0
157.5 0
157.6 0
157.7 0
157.8 0
157.9 0
158 0
158.1 0
158.2 0
158.3 0
158.4 0
158.5 0
158.6 0
158.7 0
158.8 0
158.9 0
159 0
159.1 0
159.2 0
159.3 0
159.4 0
159.5 0
159.6 0
159.7 0
159.8 0
159.9 0
160 0
160.1 0
160.2 0
160.3 0
160.4 0
160.5 0
160.6 0
160.7 0
160.8 0
160.9 0
161 0
161.1 0
161.2 0
161.3 0
161.4 0
161.5 0
161.6 0
161.7 0
161.8 0
161.9 0
162 0
162.1 0
162.2 0
162.3 0
162.4 0
162.5 0
162.6 0
162.7 0
162.8 0
162.9 0
163 0
163.1 0
163.2 0
163.3 0
163.4 0
163.5 0
163.6 0
163.7 0
163.8 0
163.9 0
164 0
164.1 0
164.2 0
164.3 0
164.4 0
164.5 0
164.6 0
164.7 0
164.8 0
164.9 0
165 0
165.1 0
165.2 0
165.3 0
165.4 0
165.5 0
165.6 0
165.7 0
165.8 0
165.9 0
166 0
166.1 0
166.2 0
166.3 0
166.4 0
166.5 0
166.6 0
166.7 0
166.8 0
166.9 0
167 0
167.1 0
167.2 0
167.3 0
167.4 0
167.5 0
167.6 0
167.7 0
167.8 0
167.9 0
168 0
168.1 0
168.2 0
168.3 0
168.4 0
168.5 0
168.6 0
168.7 0
168.8 0
168.9 0
169 0
169.1 0
169.2 0
169.3 0
169.4 0
169.5 0
169.6 0
169.7 0
169.8 0
169.9 0
170 0
170.1 0
170.2 0
170.3 0
170.4 0
170.5 0
170.6 0
170.7 0
170.8 0
170.9 0
171 0
171.1 0
171.2 0
171.3 0
171.4 0
171.5 0
171.6 0
171.7 0
171.8 0
171.9 0
172 0
172.1 0
172.2 0
172.3 0
172.4 0
172.5 0
172.6 0
172.7 0
172.8 0
172.9 0
173 0
173.1 0
173.2 0
173.3 0
173.4 0
173.5 0
173.6 0
173.7 0
173.8 0
173.9 0
174 0
174.1 0
174.2 0
174.3 0
174.4 0
174.5 0
174.6 0
174.7 0
174.8 0
174.9 0
175 0
175.1 0
175.2 0
175.3 0
175.4 0
175.5 0
175.6 0
175.7 0
175.8 0
175.9 0
176 0
176.1 0
176.2 0
176.3 0
176.4 0
176.5 0
176.6 0
176.7 0
176.8 0
176.9 0
177 0
177.1 0
177.2 0
177.3 0
177.4 0
177.5 0
177.6 0
177.7 0
177.8 0
177.9 0
178 0
178.1 0
178.2 0
178.3 0
178.4 0
178.5 0
178.6 0
178.7 0
178.8 0
178.9 0
179 0
179.1 0
179.2 0
179.3 0
179.4 0
179.5 0
179.6 0
179.7 0
179.8 0
179.9 0
180 0
180.1 0
180.2 0
180.3 0
180.4 0
180.5 0
180.6 0
180.7 0
180.8 0
180.9 0
181 0
181.1 0
181.2 0
181.3 0
181.4 0
181.5 0
181.6 0
181.7 0
181.8 0
181.9 0
182 0
182.1 0
182.2 0
182.3 0
182.4 0
182.5 0
182.6 0
182.7 0
182.8 0
182.9 0
183 0
183.1 0
183.2 0
183.3 0
183.4 0
183.5 0
183.6 0
183.7 0
183.8 0
183.9 0
184 0
184.1 0
184.2 0
184.3 0
184.4 0
184.5 0
184.6 0
184.7 0
184.8 0
184.9 0
185 0
185.1 0
185.2 0
185.3 0
185.4 0
185.5 0
185.6 0
185.7 0
185.8 0
185.9 0
186 0
186.1 0
186.2 0
186.3 0
186.4 0
186.5 0
186.6 0
186.7 0
186.8 0
186.9 0
187 0
187.1 0
187.2 0
187.3 0
187.4 0
187.5 0
187.6 0
187.7 0
187.8 0
187.9 0
188 0
188.1 0
188.2 0
188.3 0
188.4 0
188.5 0
188.6 0
188.7 0
188.8 0
188.9 0
189 0
189.1 0
189.2 0
189.3 0
189.4 0
189.5 0
189.6 0
189.7 0
189.8 0
189.9 0
190 0
190.1 0
190.2 0
190.3 0
190.4 0
190.5 0
190.6 0
190.7 0
190.8 0
190.9 0
191 0
191.1 0
191.2 0
191.3 0
191.4 0
191.5 0
191.6 0
191.7 0
191.8 0
191.9 0
192 0
192.1 0
192.2 0
192.3 0
192.4 0
192.5 0
192.6 0
192.7 0
192.8 0
192.9 0
193 0
193.1 0
193.2 0
193.3 0
193.4 0
193.5 0
193.6 0
193.7 0
193.8 0
193.9 0
194 0
194.1 0
194.2 0
194.3 0
194.4 0
194.5 0
194.6 0
194.7 0
194.8 0
194.9 0
195 0
195.1 0
195.2 0
195.3 0
195.4 0
195.5 0
195.6 0
195.7 0
195.8 0
195.9 0
196 0
196.1 0
196.2 0
196.3 0
196.4 0
196.5 0
196.6 0
196.7 0
196.8 0
196.9 0
197 0
197.1 0
197.2 0
197.3 0
197.4 0
197.5 0
197.6 0
197.7 0
197.8 0
197.9 0
198 0
198.1 0
198.2 0
198.3 0
198.4 0
198.5 0
198.6 0
198.7 0
198.8 0
198.9 0
199 0
199.1 0
199.2 0
199.3 0
199.4 0
199.5 0
199.6 0
199.7 0
199.8 0
199.9 0
200 0
200.1 0
200.2 0
200.3 0
200.4 0
200.5 0
200.6 0
200.7 0
200.8 0
200.9 0
201 0
201.1 0
201.2 0
201.3 0
201.4 0
201.5 0
201.6 0
201.7 0
201.8 0
201.9 0
202 0
202.1 0
202.2 0
202.3 0
202.4 0
202.5 0
202.6 0
202.7 0
202.8 0
202.9 0
203 0
203.1 0
203.2 0
203.3 0
203.4 0
203.5 0
203.6 0
203.7 0
203.8 0
203.9 0
204 0
204.1 0
204.2 0
204.3 0
204.4 0
204.5 0
204.6 0
204.7 0
