0 52.612
0.1 -4.55984
0.2 -60.3551
0.3 -108.993
0.4 -144.374
0.5 -161.606
0.6 -158.427
0.7 -136.071
0.8 -99.3003
0.9 -55.6445
1 -14.0959
1.1 16.455
1.2 28.7619
1.3 18.5921
1.4 -14.2283
1.5 -65.2737
1.6 -125.722
1.7 -183.552
1.8 -225.763
1.9 -241.353
2 -224.365
2.1 -176.108
2.2 -105.65
2.3 -28.1876
2.4 38.5544
2.5 78.9776
2.6 83.9623
2.7 53.6114
2.8 -2.52601
2.9 -67.867
3 -123.137
3.1 -151.387
3.2 -142.276
3.3 -94.4916
3.4 -15.8109
3.5 79.0484
3.6 172.07
3.7 246.078
3.8 288.408
3.9 293.345
4 262.934
4.1 206.109
4.2 136.411
4.3 68.7944
4.4 16.2348
4.5 -13.1347
4.6 -17.6711
4.7 -2.22541
4.8 23.5262
4.9 48.0193
5 61.1893
5.1 57.3429
5.2 36.6524
5.3 4.80533
5.4 -29.0614
5.5 -55.487
5.6 -67.8686
5.7 -64.6712
5.8 -49.9884
5.9 -32.2682
6 -21.6506
6.1 -26.7516
6.2 -51.8791
6.3 -95.5075
6.4 -150.43
6.5 -205.485
6.6 -248.326
6.7 -268.434
6.8 -259.536
6.9 -220.837
7 -156.831
7.1 -75.8589
7.2 12.0286
7.3 97.257
7.4 172.303
7.5 232.279
7.6 274.542
7.7 297.652
7.8 300.274
7.9 280.63
8 236.863
8.1 168.299
8.2 77.2321
8.3 -29.5535
8.4 -140.223
8.5 -238.858
8.6 -308.033
8.7 -332.524
8.8 -303.284
8.9 -220.543
9 -95.0693
9.1 52.9645
9.2 197.445
9.3 311.431
9.4 372.746
9.5 368.728
9.6 299.014
9.7 175.662
9.8 20.6209
9.9 -138.863
10 -275.795
10.1 -368.663
10.2 -405.194
10.3 -383.863
10.4 -312.956
10.5 -207.594
10.6 -85.5659
10.7 36.8802
10.8 148.196
10.9 242.86
11 320.604
11.1 383.92
11.2 434.731
11.3 471.436
11.4 487.465
11.5 472.037
11.6 413.115
11.7 301.757
11.8 136.531
11.9 -73.5239
12 -308.524
12.1 -540.333
12.2 -737.564
12.3 -871.702
12.4 -922.708
12.5 -882.716
12.6 -757.043
12.7 -562.589
12.8 -324.349
12.9 -71.0919
13 168.822
13.1 370.864
13.2 516.791
13.3 596.167
13.4 607.054
13.5 555.874
13.6 456.355
13.7 327.551
13.8 191.107
13.9 68.2214
14 -23.1272
14.1 -70.187
14.2 -66.5032
14.3 -12.2246
14.4 85.9651
14.5 215.001
14.6 355.753
14.7 483.987
14.8 572.652
14.9 595.88
15 534.401
15.1 381.179
15.2 145.509
15.3 -146.22
15.4 -454.037
15.5 -731.837
15.6 -937.018
15.7 -1039.68
15.8 -1028.81
15.9 -913.728
16 -720.689
16.1 -485.771
16.2 -246.398
16.3 -33.757
16.4 132.152
16.5 244.143
16.6 306.462
16.7 331.333
16.8 334.602
16.9 331.456
17 332.953
17.1 343.818
17.2 361.81
17.3 378.768
17.4 383.199
17.5 363.852
17.6 313.404
17.7 231.155
17.8 123.859
17.9 4.34809
18 -111.652
18.1 -209.442
18.2 -278.711
18.3 -315.273
18.4 -320.785
18.5 -300.845
18.6 -262.404
18.7 -211.597
18.8 -152.704
18.9 -88.411
19 -20.9016
19.1 46.9112
19.2 110.694
19.3 164.849
19.4 203.417
19.5 221.377
19.6 215.908
19.7 187.321
19.8 139.529
19.9 79.9907
20 19.0803
20.1 -31.2313
20.2 -59.4308
20.3 -57.0796
20.4 -21.4749
20.5 42.4599
20.6 121.927
20.7 198.189
20.8 250.562
20.9 261.581
21 221.849
21.1 133.018
21.2 7.82692
21.3 -132.952
21.4 -265.784
21.5 -370.232
21.6 -433.64
21.7 -453.287
21.8 -435.598
21.9 -392.921
22 -339.138
22.1 -285.536
22.2 -238.135
22.3 -197.009
22.4 -157.482
22.5 -112.567
22.6 -55.8172
22.7 16.2207
22.8 102.476
22.9 197.039
23 290.067
23.1 369.702
23.2 424.612
23.3 446.587
23.4 432.53
23.5 385.278
23.6 312.917
23.7 226.721
23.8 138.301
23.9 56.8758
24 -12.4193
24.1 -68.6506
24.2 -113.689
24.3 -149.964
24.4 -178.348
24.5 -197.081
24.6 -202.098
24.7 -188.545
24.8 -152.718
24.9 -93.5961
25 -13.4148
25.1 82.6885
25.2 187.484
25.3 292.291
25.4 387.126
25.5 460.548
25.6 499.859
25.7 492.366
25.8 427.966
25.9 302.575
26 121.21
26.1 -100.708
26.2 -338.79
26.3 -563.873
26.4 -747.853
26.5 -869.346
26.6 -917.369
26.7 -892.046
26.8 -802.505
26.9 -663.196
27 -490.277
27.1 -299.353
27.2 -104.947
27.3 78.9439
27.4 238.412
27.5 360.371
27.6 434.78
27.7 457.681
27.8 433.725
27.9 376.767
28 307.784
28.1 250.348
28.2 224.821
28.3 242.944
28.4 304.358
28.5 395.994
28.6 494.433
28.7 570.64
28.8 596.035
28.9 548.705
29 418.644
29.1 211.033
29.2 -53.1566
29.3 -339.628
29.4 -606.121
29.5 -809.879
29.6 -915.78
29.7 -903.395
29.8 -771.309
29.9 -537.684
30 -236.96
30.1 86.4959
30.2 386.304
30.3 621.909
30.4 764.916
30.5 803.005
30.6 740.986
30.7 599.008
30.8 408.194
30.9 204.347
31 20.7057
31.1 -118.875
31.2 -204.749
31.3 -242.955
31.4 -252.709
31.5 -260.373
31.6 -291.478
31.7 -363.067
31.8 -478.598
31.9 -626.79
32 -784.512
32.1 -922.546
32.2 -1012.29
32.3 -1031.49
32.4 -967.751
32.5 -819.479
32.6 -594.879
32.7 -309.776
32.8 14.8749
32.9 355.397
33 687.63
33.1 989.024
33.2 1240.5
33.3 1427.81
33.4 1542.1
33.5 1579.57
33.6 1540.52
33.7 1428.28
33.8 1248.65
33.9 1010.12
34 724.538
34.1 407.631
34.2 78.6506
34.3 -241.296
34.4 -531.933
34.5 -776.738
34.6 -965.09
34.7 -1092.95
34.8 -1162.02
34.9 -1177.87
35 -1148.17
35.1 -1081.38
35.2 -986.562
35.3 -873.422
35.4 -752.256
35.5 -632.985
35.6 -523.411
35.7 -427.322
35.8 -343.433
35.9 -265.975
36 -187.06
36.1 -100.109
36.2 -3.00156
36.3 100.459
36.4 201.627
36.5 290.574
36.6 361.117
36.7 415.665
36.8 468.157
36.9 543.786
37 674.935
37.1 893.611
37.2 1221.47
37.3 1659.21
37.4 2177.67
37.5 2713.07
37.6 3168.95
37.7 3426.12
37.8 3360.83
37.9 2869.07
38 1892.73
38.1 442.039
38.2 -1391.6
38.3 -3437.24
38.4 -5461.92
38.5 -7202.51
38.6 -8406.24
38.7 -8872.28
38.8 -8485.91
38.9 -7238.73
39 -5231
39.1 -2656.39
39.2 227.133
39.3 3134.15
39.4 5789.27
39.5 7958.96
39.6 9473.55
39.7 10237.6
39.8 10229.2
39.9 9491.66
40 8119.48
40.1 6243.59
40.2 4017.32
40.3 1604.55
40.4 -829.803
40.5 -3127.83
40.6 -5146.29
40.7 -6764.32
40.8 -7891.44
40.9 -8474.66
41 -8503.61
41.1 -8012.04
41.2 -7074.65
41.3 -5798.92
41.4 -4312.77
41.5 -2749.55
41.6 -1232.6
41.7 138.109
41.8 1295.44
41.9 2209.04
42 2883.53
42.1 3351.49
42.2 3662.75
42.3 3871.98
42.4 4026.98
42.5 4159.67
42.6 4281.19
42.7 4381.83
42.8 4435.28
42.9 4405.96
43 4257.7
43.1 3961.88
43.2 3503.23
43.3 2882.6
43.4 2116.35
43.5 1233.12
43.6 269.102
43.7 -736.782
43.8 -1746.65
43.9 -2725.81
44 -3643.15
44.1 -4470.46
44.2 -5181.39
44.3 -5750.87
44.4 -6155.52
44.5 -6375.04
44.6 -6394.06
44.7 -6203.92
44.8 -5803.64
44.9 -5199.85
45 -4405.82
45.1 -3440.1
45.2 -2325.4
45.3 -1088.25
45.4 240.281
45.5 1623.37
45.6 3017.13
45.7 4370.18
45.8 5624.64
45.9 6718.81
46 7591.5
46.1 8187.31
46.2 8462.24
46.3 8388.65
46.4 7959.03
46.5 7187.87
46.6 6111.33
46.7 4784.66
46.8 3277.66
46.9 1668.58
47 37.5008
47.1 -1539.89
47.2 -2997.21
47.3 -4280.43
47.4 -5348.87
47.5 -6174.76
47.6 -6741.81
47.7 -7043.83
47.8 -7083.6
47.9 -6872.26
48 -6428.78
48.1 -5779.27
48.2 -4955.92
48.3 -3995.47
48.4 -2937.85
48.5 -1825.12
48.6 -700.932
48.7 389.687
48.8 1401.05
48.9 2288.53
49 3011.62
49.1 3538.11
49.2 3848.38
49.3 3938.64
49.4 3821.93
49.5 3526.54
49.6 3092.03
49.7 2563.96
49.8 1988.43
49.9 1407.67
50 857.03
50.1 363.606
50.2 -54.0407
50.3 -385.275
50.4 -626.185
50.5 -777.799
50.6 -843.834
50.7 -828.287
50.8 -733.555
50.9 -559.871
51 -306.647
51.1 24.3215
51.2 424.625
51.3 875.43
51.4 1345.69
51.5 1793.47
51.6 2170.5
51.7 2429.11
51.8 2529.85
51.9 2447.82
52 2176.59
52.1 1728.8
52.2 1133.91
52.3 433.909
52.4 -322.102
52.5 -1083.32
52.6 -1802.2
52.7 -2438.52
52.8 -2962.23
52.9 -3354.86
53 -3609.55
53.1 -3729.52
53.2 -3725.65
53.3 -3613.72
53.4 -3411.99
53.5 -3139.68
53.6 -2816.24
53.7 -2461.1
53.8 -2093.07
53.9 -1728.94
54 -1381.17
54.1 -1055.29
54.2 -747.804
54.3 -445.973
54.4 -129.741
54.5 224.017
54.6 635.923
54.7 1118.5
54.8 1672.01
54.9 2282.68
55 2923.7
55.1 3558.58
55.2 4146.01
55.3 4644.99
55.4 5019.45
55.5 5241.5
55.6 5293.21
55.7 5166.89
55.8 4864.41
55.9 4395.88
56 3778.2
56.1 3033.84
56.2 2190.01
56.3 1278.13
56.4 333.327
56.5 -606.418
56.6 -1501.9
56.7 -2315.29
56.8 -3013.57
56.9 -3572.39
57 -3979.52
57.1 -4236.79
57.2 -4359.88
57.3 -4375.37
57.4 -4315.41
57.5 -4210.8
57.6 -4084.28
57.7 -3945.4
57.8 -3788.89
57.9 -3596.76
58 -3344.22
58.1 -3007.71
58.2 -2573.17
58.3 -2042.09
58.4 -1433.95
58.5 -784.064
58.6 -137.502
58.7 459.39
58.8 967.893
58.9 1364.16
59 1643.37
59.1 1820.07
59.2 1924.9
59.3 1998.48
59.4 2083.55
59.5 2216.83
59.6 2421.87
59.7 2704.1
59.8 3049.02
59.9 3423.92
60 3783.12
60.1 4075.65
60.2 4254.06
60.3 4282.5
60.4 4142.48
60.5 3835.16
60.6 3379.87
60.7 2809.54
60.8 2164.09
60.9 1483.49
61 801.865
61.1 143.679
61.2 -477.445
61.3 -1057.4
61.4 -1598.29
61.5 -2104.25
61.6 -2577.2
61.7 -3014.02
61.8 -3405.39
61.9 -3736.98
62 -3992.18
62.1 -4155.9
62.2 -4218.03
62.3 -4175.74
62.4 -4034.18
62.5 -3805.43
62.6 -3506.41
62.7 -3156.31
62.8 -2774.18
62.9 -2376.86
63 -1977.3
63.1 -1583.18
63.2 -1195.91
63.3 -810.491
63.4 -416.604
63.5 -1.4605
63.6 445.991
63.7 930.31
63.8 1445.67
63.9 1974.25
64 2487.76
64.1 2951.91
64.2 3332.86
64.3 3603.69
64.4 3749.35
64.5 3768.79
64.6 3674.21
64.7 3487.84
64.8 3237.5
64.9 2951.93
65 2656.67
65.1 2370.82
65.2 2104.91
65.3 1859.78
65.4 1626.94
65.5 1390.53
65.6 1130.89
65.7 829.406
65.8 473.623
65.9 61.3963
66 -397.123
66.1 -880.301
66.2 -1358.55
66.3 -1799.72
66.4 -2174.98
66.5 -2463.89
66.6 -2657.57
66.7 -2759.42
66.8 -2783.46
66.9 -2750.69
67 -2684.21
67.1 -2604.07
67.2 -2522.9
67.3 -2443.18
67.4 -2357.21
67.5 -2249.69
67.6 -2102.76
67.7 -1901.95
67.8 -1641.55
67.9 -1327.6
68 -977.454
68.1 -615.96
68.2 -269.409
68.3 40.8868
68.4 303.377
68.5 518.077
68.6 695.1
68.7 850.688
68.8 1002.24
68.9 1163.9
69 1343.75
69.1 1542.95
69.2 1756.49
69.3 1974.63
69.4 2184.53
69.5 2371.36
69.6 2519.27
69.7 2612.23
69.8 2635.22
69.9 2576.05
70 2427.56
70.1 2190
70.2 1872.87
70.3 1495.58
70.4 1086.52
70.5 679.945
70.6 310.981
70.7 9.33671
70.8 -207.076
70.9 -336.982
71 -397.447
71.1 -421.396
71.2 -450.897
71.3 -527.469
71.4 -681.696
71.5 -924.93
71.6 -1245.48
71.7 -1610.49
71.8 -1973.06
71.9 -2282.69
72 -2496.21
72.1 -2586.31
72.2 -2545.82
72.3 -2387.08
72.4 -2137.33
72.5 -1831.8
72.6 -1506.51
72.7 -1192.33
72.8 -911.27
72.9 -675.023
73 -485.357
73.1 -335.868
73.2 -214.465
73.3 -106.168
73.4 4.12928
73.5 129.301
73.6 278.293
73.7 455.248
73.8 659.458
73.9 885.9
74 1125.93
74.1 1367.8
74.2 1596.88
74.3 1795.82
74.4 1945.14
74.5 2024.84
74.6 2017.16
74.7 1910.35
74.8 1702.53
74.9 1404.67
75 1041.36
75.1 648.856
75.2 270.435
75.3 -50.2421
75.4 -276.443
75.5 -384.771
75.6 -369.449
75.7 -243.499
75.8 -36.8462
75.9 208.221
76 443.967
76.1 624.7
76.2 714.031
76.3 690.708
76.4 551.628
76.5 312.171
76.6 2.83813
76.7 -337.027
76.8 -666.87
76.9 -952.491
77 -1171.66
77.1 -1316.3
77.2 -1391.11
77.3 -1409.33
77.4 -1387.1
77.5 -1338.3
77.6 -1271.86
77.7 -1191.63
77.8 -1098.63
77.9 -994.204
78 -882.196
78.1 -769.51
78.2 -664.771
78.3 -575.341
78.4 -504.468
78.5 -449.637
78.6 -402.81
78.7 -352.413
78.8 -286.296
78.9 -194.587
79 -71.5728
79.1 83.6272
79.2 267.504
79.3 472.946
79.4 690.397
79.5 908.574
79.6 1115.2
79.7 1297.79
79.8 1444.8
79.9 1546.81
80 1597.67
80.1 1595.19
80.2 1540.98
80.3 1439.75
80.4 1298.2
80.5 1124.1
80.6 925.565
80.7 710.991
80.8 489.105
80.9 268.958
81 59.5658
81.1 -130.896
81.2 -296.044
81.3 -432.059
81.4 -537.972
81.5 -615.317
81.6 -667.347
81.7 -698.125
81.8 -711.747
81.9 -711.912
82 -701.84
82.1 -684.319
82.2 -661.713
82.3 -635.847
82.4 -607.822
82.5 -577.923
82.6 -545.784
82.7 -510.807
82.8 -472.727
82.9 -432.13
83 -390.601
83.1 -350.514
83.2 -314.473
83.3 -284.624
83.4 -262.119
83.5 -246.815
83.6 -237.345
83.7 -231.317
83.8 -225.639
83.9 -216.922
84 -201.773
84.1 -177.118
84.2 -140.586
84.3 -90.8605
84.4 -27.9929
84.5 46.5415
84.6 130.047
84.7 219.06
84.8 309.927
84.9 399.252
85 484.135
85.1 562.107
85.2 630.863
85.3 688.018
85.4 731.022
85.5 757.35
85.6 764.898
85.7 752.465
85.8 720.127
85.9 669.341
86 602.804
86.1 524.119
86.2 437.38
86.3 346.724
86.4 255.947
86.5 168.135
86.6 85.3489
86.7 8.40594
86.8 -63.1418
86.9 -130.747
87 -196.294
87.1 -261.367
87.2 -326.512
87.3 -390.81
87.4 -451.892
87.5 -506.406
87.6 -550.807
87.7 -582.148
87.8 -598.604
87.9 -599.621
88 -585.681
88.1 -557.911
88.2 -517.753
88.3 -466.826
88.4 -407.069
88.5 -340.926
88.6 -271.445
88.7 -202.154
88.8 -136.679
88.9 -78.2205
89 -29.075
89.1 9.67131
89.2 38.1783
89.3 57.7184
89.4 70.4231
89.5 79.001
89.6 86.4476
89.7 95.7121
89.8 109.277
89.9 128.676
90 154.101
90.1 184.217
90.2 216.342
90.3 246.993
90.4 272.672
90.5 290.649
90.6 299.487
90.7 299.179
90.8 290.897
90.9 276.509
91 258.07
91.1 237.469
91.2 216.269
91.3 195.702
91.4 176.695
91.5 159.856
91.6 145.371
91.7 132.923
91.8 121.697
91.9 110.516
92 98.1003
92.1 83.3451
92.2 65.5262
92.3 44.3528
92.4 19.9293
92.5 -7.32721
92.6 -36.7372
92.7 -67.3592
92.8 -97.9759
92.9 -127.162
93 -153.476
93.1 -175.728
93.2 -193.268
93.3 -206.115
93.4 -214.878
93.5 -220.47
93.6 -223.758
93.7 -225.279
93.8 -225.172
93.9 -223.294
94 -219.443
94.1 -213.538
94.2 -205.646
94.3 -195.867
94.4 -184.167
94.5 -170.294
94.6 -153.864
94.7 -134.587
94.8 -112.496
94.9 -88.0574
95 -62.0752
95.1 -35.4336
95.2 -8.84121
95.3 17.2901
95.4 42.748
95.5 67.273
95.6 90.3463
95.7 111.174
95.8 128.945
95.9 143.247
96 154.431
96.1 163.681
96.2 172.685
96.3 183.02
96.4 195.495
96.5 209.748
96.6 224.281
96.7 236.91
96.8 245.401
96.9 248.032
97 243.868
97.1 232.699
97.2 214.811
97.3 190.768
97.4 161.345
97.5 127.61
97.6 91.0198
97.7 53.3442
97.8 16.3856
97.9 -18.4506
98 -50.4892
98.1 -79.8233
98.2 -107.018
98.3 -132.542
98.4 -156.282
98.5 -177.376
98.6 -194.506
98.7 -206.503
98.8 -212.958
98.9 -214.482
99 -212.476
99.1 -208.465
99.2 -203.364
99.3 -197.045
99.4 -188.452
99.5 -176.229
99.6 -159.539
99.7 -138.676
99.8 -115.148
99.9 -91.2144
100 -69.0988
100.1 -50.2621
100.2 -35.0626
100.3 -22.8851
100.4 -12.5765
100.5 -2.904
100.6 7.23163
100.7 18.8797
100.8 33.2314
100.9 51.6761
101 75.5078
101.1 105.312
101.2 140.314
101.3 178.045
101.4 214.598
101.5 245.472
101.6 266.711
101.7 275.843
101.8 272.257
101.9 256.874
102 231.334
102.1 197.171
102.2 155.407
102.3 106.8
102.4 0
102.5 0
102.6 0
102.7 0
102.8 0
102.9 0
103 0
103.1 0
103.2 0
103.3 0
103.4 0
103.5 0
103.6 0
103.7 0
103.8 0
103.9 0
104 0
104.1 0
104.2 0
104.3 0
104.4 0
104.5 0
104.6 0
104.7 0
104.8 0
104.9 0
105 0
105.1 0
105.2 0
105.3 0
105.4 0
105.5 0
105.6 0
105.7 0
105.8 0
105.9 0
106 0
106.1 0
106.2 0
106.3 0
106.4 0
106.5 0
106.6 0
106.7 0
106.8 0
106.9 0
107 0
107.1 0
107.2 0
107.3 0
107.4 0
107.5 0
107.6 0
107.7 0
107.8 0
107.9 0
108 0
108.1 0
108.2 0
108.3 0
108.4 0
108.5 0
108.6 0
108.7 0
108.8 0
108.9 0
109 0
109.1 0
109.2 0
109.3 0
109.4 0
109.5 0
109.6 0
109.7 0
109.8 0
109.9 0
110 0
110.1 0
110.2 0
110.3 0
110.4 0
110.5 0
110.6 0
110.7 0
110.8 0
110.9 0
111 0
111.1 0
111.2 0
111.3 0
111.4 0
111.5 0
111.6 0
111.7 0
111.8 0
111.9 0
112 0
112.1 0
112.2 0
112.3 0
112.4 0
112.5 0
112.6 0
112.7 0
112.8 0
112.9 0
113 0
113.1 0
113.2 0
113.3 0
113.4 0
113.5 0
113.6 0
113.7 0
113.8 0
113.9 0
114 0
114.1 0
114.2 0
114.3 0
114.4 0
114.5 0
114.6 0
114.7 0
114.8 0
114.9 0
115 0
115.1 0
115.2 0
115.3 0
115.4 0
115.5 0
115.6 0
115.7 0
115.8 0
115.9 0
116 0
116.1 0
116.2 0
116.3 0
116.4 0
116.5 0
116.6 0
116.7 0
116.8 0
116.9 0
117 0
117.1 0
117.2 0
117.3 0
117.4 0
117.5 0
117.6 0
117.7 0
117.8 0
117.9 0
118 0
118.1 0
118.2 0
118.3 0
118.4 0
118.5 0
118.6 0
118.7 0
118.8 0
118.9 0
119 0
119.1 0
119.2 0
119.3 0
119.4 0
119.5 0
119.6 0
119.7 0
119.8 0
119.9 0
120 0
120.1 0
120.2 0
120.3 0
120.4 0
120.5 0
120.6 0
120.7 0
120.8 0
120.9 0
121 0
121.1 0
121.2 0
121.3 0
121.4 0
121.5 0
121.6 0
121.7 0
121.8 0
121.9 0
122 0
122.1 0
122.2 0
122.3 0
122.4 0
122.5 0
122.6 0
122.7 0
122.8 0
122.9 0
123 0
123.1 0
123.2 0
123.3 0
123.4 0
123.5 0
123.6 0
123.7 0
123.8 0
123.9 0
124 0
124.1 0
124.2 0
124.3 0
124.4 0
124.5 0
124.6 0
124.7 0
124.8 0
124.9 0
125 0
125.1 0
125.2 0
125.3 0
125.4 0
125.5 0
125.6 0
125.7 0
125.8 0
125.9 0
126 0
126.1 0
126.2 0
126.3 0
126.4 0
126.5 0
126.6 0
126.7 0
126.8 0
126.9 0
127 0
127.1 0
127.2 0
127.3 0
127.4 0
127.5 0
127.6 0
127.7 0
127.8 0
127.9 0
128 0
128.1 0
128.2 0
128.3 0
128.4 0
128.5 0
128.6 0
128.7 0
128.8 0
128.9 0
129 0
129.1 0
129.2 0
129.3 0
129.4 0
129.5 0
129.6 0
129.7 0
129.8 0
129.9 0
130 0
130.1 0
130.2 0
130.3 0
130.4 0
130.5 0
130.6 0
130.7 0
130.8 0
130.9 0
131 0
131.1 0
131.2 0
131.3 0
131.4 0
131.5 0
131.6 0
131.7 0
131.8 0
131.9 0
132 0
132.1 0
132.2 0
132.3 0
132.4 0
132.5 0
132.6 0
132.7 0
132.8 0
132.9 0
133 0
133.1 0
133.2 0
133.3 0
133.4 0
133.5 0
133.6 0
133.7 0
133.8 0
133.9 0
134 0
134.1 0
134.2 0
134.3 0
134.4 0
134.5 0
134.6 0
134.7 0
134.8 0
134.9 0
135 0
135.1 0
135.2 0
135.3 0
135.4 0
135.5 0
135.6 0
135.7 0
135.8 0
135.9 0
136 0
136.1 0
136.2 0
136.3 0
136.4 0
136.5 0
136.6 0
136.7 0
136.8 0
136.9 0
137 0
137.1 0
137.2 0
137.3 0
137.4 0
137.5 0
137.6 0
137.7 0
137.8 0
137.9 0
138 0
138.1 0
138.2 0
138.3 0
138.4 0
138.5 0
138.6 0
138.7 0
138.8 0
138.9 0
139 0
139.1 0
139.2 0
139.3 0
139.4 0
139.5 0
139.6 0
139.7 0
139.8 0
139.9 0
140 0
140.1 0
140.2 0
140.3 0
140.4 0
140.5 0
140.6 0
140.7 0
140.8 0
140.9 0
141 0
141.1 0
141.2 0
141.3 0
141.4 0
141.5 0
141.6 0
141.7 0
141.8 0
141.9 0
142 0
142.1 0
142.2 0
142.3 0
142.4 0
142.5 0
142.6 0
142.7 0
142.8 0
142.9 0
143 0
143.1 0
143.2 0
143.3 0
143.4 0
143.5 0
143.6 0
143.7 0
143.8 0
143.9 0
144 0
144.1 0
144.2 0
144.3 0
144.4 0
144.5 0
144.6 0
144.7 0
144.8 0
144.9 0
145 0
145.1 0
145.2 0
145.3 0
145.4 0
145.5 0
145.6 0
145.7 0
145.8 0
145.9 0
146 0
146.1 0
146.2 0
146.3 0
146.4 0
146.5 0
146.6 0
146.7 0
146.8 0
146.9 0
147 0
147.1 0
147.2 0
147.3 0
147.4 0
147.5 0
147.6 0
147.7 0
147.8 0
147.9 0
148 0
148.1 0
148.2 0
148.3 0
148.4 0
148.5 0
148.6 0
148.7 0
148.8 0
148.9 0
149 0
149.1 0
149.2 0
149.3 0
149.4 0
149.5 0
149.6 0
149.7 0
149.8 0
149.9 0
150 0
150.1 0
150.2 0
150.3 0
150.4 0
150.5 0
150.6 0
150.7 0
150.8 0
150.9 0
151 0
151.1 0
151.2 0
151.3 0
151.4 0
151.5 0
151.6 0
151.7 0
151.8 0
151.9 0
152 0
152.1 0
152.2 0
152.3 0
152.4 0
152.5 0
152.6 0
152.7 0
152.8 0
152.9 0
153 0
153.1 0
153.2 0
153.3 0
153.4 0
153.5 0
153.6 0
153.7 0
153.8 0
153.9 0
154 0
154.1 0
154.2 0
154.3 0
154.4 0
154.5 0
154.6 0
154.7 0
154.8 0
154.9 0
155 0
155.1 0
155.2 0
155.3 0
155.4 0
155.5 0
155.6 0
155.7 0
155.8 0
155.9 0
156 0
156.1 0
156.2 0
156.3 0
156.4 0
156.5 0
156.6 0
156.7 0
156.8 0
156.9 0
157 0
157.1 0
157.2 0
157.3 0
157.4 0
157.5 0
157.6 0
157.7 0
157.8 0
157.9 0
158 0
158.1 0
158.2 0
158.3 0
158.4 0
158.5 0
158.6 0
158.7 0
158.8 0
158.9 0
159 0
159.1 0
159.2 0
159.3 0
159.4 0
159.5 0
159.6 0
159.7 0
159.8 0
159.9 0
160 0
160.1 0
160.2 0
160.3 0
160.4 0
160.5 0
160.6 0
160.7 0
160.8 0
160.9 0
161 0
161.1 0
161.2 0
161.3 0
161.4 0
161.5 0
161.6 0
161.7 0
161.8 0
161.9 0
162 0
162.1 0
162.2 0
162.3 0
162.4 0
162.5 0
162.6 0
162.7 0
162.8 0
162.9 0
163 0
163.1 0
163.2 0
163.3 0
163.4 0
163.5 0
163.6 0
163.7 0
163.8 0
163.9 0
164 0
164.1 0
164.2 0
164.3 0
164.4 0
164.5 0
164.6 0
164.7 0
164.8 0
164.9 0
165 0
165.1 0
165.2 0
165.3 0
165.4 0
165.5 0
165.6 0
165.7 0
165.8 0
165.9 0
166 0
166.1 0
166.2 0
166.3 0
166.4 0
166.5 0
166.6 0
166.7 0
166.8 0
166.9 0
167 0
167.1 0
167.2 0
167.3 0
167.4 0
167.5 0
167.6 0
167.7 0
167.8 0
167.9 0
168 0
168.1 0
168.2 0
168.3 0
168.4 0
168.5 0
168.6 0
168.7 0
168.8 0
168.9 0
169 0
169.1 0
169.2 0
169.3 0
169.4 0
169.5 0
169.6 0
169.7 0
169.8 0
169.9 0
170 0
170.1 0
170.2 0
170.3 0
170.4 0
170.5 0
170.6 0
170.7 0
170.8 0
170.9 0
171 0
171.1 0
171.2 0
171.3 0
171.4 0
171.5 0
171.6 0
171.7 0
171.8 0
171.9 0
172 0
172.1 0
172.2 0
172.3 0
172.4 0
172.5 0
172.6 0
172.7 0
172.8 0
172.9 0
173 0
173.1 0
173.2 0
173.3 0
173.4 0
173.5 0
173.6 0
173.7 0
173.8 0
173.9 0
174 0
174.1 0
174.2 0
174.3 0
174.4 0
174.5 0
174.6 0
174.7 0
174.8 0
174.9 0
175 0
175.1 0
175.2 0
175.3 0
175.4 0
175.5 0
175.6 0
175.7 0
175.8 0
175.9 0
176 0
176.1 0
176.2 0
176.3 0
176.4 0
176.5 0
176.6 0
176.7 0
176.8 0
176.9 0
177 0
177.1 0
177.2 0
177.3 0
177.4 0
177.5 0
177.6 0
177.7 0
177.8 0
177.9 0
178 0
178.1 0
178.2 0
178.3 0
178.4 0
178.5 0
178.6 0
178.7 0
178.8 0
178.9 0
179 0
179.1 0
179.2 0
179.3 0
179.4 0
179.5 0
179.6 0
179.7 0
179.8 0
179.9 0
180 0
180.1 0
180.2 0
180.3 0
180.4 0
180.5 0
180.6 0
180.7 0
180.8 0
180.9 0
181 0
181.1 0
181.2 0
181.3 0
181.4 0
181.5 0
181.6 0
181.7 0
181.8 0
181.9 0
182 0
182.1 0
182.2 0
182.3 0
182.4 0
182.5 0
182.6 0
182.7 0
182.8 0
182.9 0
183 0
183.1 0
183.2 0
183.3 0
183.4 0
183.5 0
183.6 0
183.7 0
183.8 0
183.9 0
184 0
184.1 0
184.2 0
184.3 0
184.4 0
184.5 0
184.6 0
184.7 0
184.8 0
184.9 0
185 0
185.1 0
185.2 0
185.3 0
185.4 0
185.5 0
185.6 0
185.7 0
185.8 0
185.9 0
186 0
186.1 0
186.2 0
186.3 0
186.4 0
186.5 0
186.6 0
186.7 0
186.8 0
186.9 0
187 0
187.1 0
187.2 0
187.3 0
187.4 0
187.5 0
187.6 0
187.7 0
187.8 0
187.9 0
188 0
188.1 0
188.2 0
188.3 0
188.4 0
188.5 0
188.6 0
188.7 0
188.8 0
188.9 0
189 0
189.1 0
189.2 0
189.3 0
189.4 0
189.5 0
189.6 0
189.7 0
189.8 0
189.9 0
190 0
190.1 0
190.2 0
190.3 0
190.4 0
190.5 0
190.6 0
190.7 0
190.8 0
190.9 0
191 0
191.1 0
191.2 0
191.3 0
191.4 0
191.5 0
191.6 0
191.7 0
191.8 0
191.9 0
192 0
192.1 0
192.2 0
192.3 0
192.4 0
192.5 0
192.6 0
192.7 0
192.8 0
192.9 0
193 0
193.1 0
193.2 0
193.3 0
193.4 0
193.5 0
193.6 0
193.7 0
193.8 0
193.9 0
194 0
194.1 0
194.2 0
194.3 0
194.4 0
194.5 0
194.6 0
194.7 0
194.8 0
194.9 0
195 0
195.1 0
195.2 0
195.3 0
195.4 0
195.5 0
195.6 0
195.7 0
195.8 0
195.9 0
196 0
196.1 0
196.2 0
196.3 0
196.4 0
196.5 0
196.6 0
196.7 0
196.8 0
196.9 0
197 0
197.1 0
197.2 0
197.3 0
197.4 0
197.5 0
197.6 0
197.7 0
197.8 0
197.9 0
198 0
198.1 0
198.2 0
198.3 0
198.4 0
198.5 0
198.6 0
198.7 0
198.8 0
198.9 0
199 0
199.1 0
199.2 0
199.3 0
199.4 0
199.5 0
199.6 0
199.7 0
199.8 0
199.9 0
200 0
200.1 0
200.2 0
200.3 0
200.4 0
200.5 0
200.6 0
200.7 0
200.8 0
200.9 0
201 0
201.1 0
201.2 0
201.3 0
201.4 0
201.5 0
201.6 0
201.7 0
201.8 0
201.9 0
202 0
202.1 0
202.2 0
202.3 0
202.4 0
202.5 0
202.6 0
202.7 0
202.8 0
202.9 0
203 0
203.1 0
203.2 0
203.3 0
203.4 0
203.5 0
203.6 0
203.7 0
203.8 0
203.9 0
204 0
204.1 0
204.2 0
204.3 0
204.4 0
204.5 0
204.6 0
204.7 0
