0 0.00951971
0.1 0.0097074
0.2 0.0095792
0.3 0.00987846
0.4 0.00940227
0.5 0.00968768
0.6 0.00957255
0.7 0.00960755
0.8 0.00988539
0.9 0.00955274
1 0.0096785
1.1 0.00976364
1.2 0.0094672
1.3 0.0099725
1.4 0.00926459
1.5 0.010165
1.6 0.00908454
1.7 0.0103288
1.8 0.00893543
1.9 0.0104438
2 0.00888396
2.1 0.0104481
2.2 0.00916774
2.3 0.0101206
2.4 0.00927096
2.5 0.0100029
2.6 0.00940118
2.7 0.0100778
2.8 0.00934894
2.9 0.00988972
3 0.00954872
3.1 0.00968192
3.2 0.00976082
3.3 0.00946721
3.4 0.00997437
3.5 0.0092586
3.6 0.0101753
3.7 0.00906935
3.8 0.0103506
3.9 0.00891138
4 0.0104883
4.1 0.00879572
4.2 0.0106667
4.3 0.00862639
4.4 0.0107368
4.5 0.00858828
4.6 0.010742
4.7 0.00861686
4.8 0.0106798
4.9 0.00871239
5 0.0104966
5.1 0.00890986
5.2 0.0103419
5.3 0.00909013
5.4 0.0101385
5.5 0.00931489
5.6 0.00989664
5.7 0.00957123
5.8 0.00963009
5.9 0.00984321
6 0.00935462
6.1 0.0101169
6.2 0.00908418
6.3 0.0105935
6.4 0.00866875
6.5 0.0107279
6.6 0.00856213
6.7 0.0108042
6.8 0.00829911
6.9 0.0109609
7 0.00844369
7.1 0.0106235
7.2 0.00880678
7.3 0.0104215
7.4 0.00903597
7.5 0.0101679
7.6 0.00930988
7.7 0.0098756
7.8 0.00959351
7.9 0.00959622
8 0.00993582
8.1 0.00920548
8.2 0.0103225
8.3 0.00882833
8.4 0.0106828
8.5 0.008489
8.6 0.0109961
8.7 0.0082079
8.8 0.0112415
8.9 0.00800282
9 0.0114024
9.1 0.00788884
9.2 0.0114665
9.3 0.00787623
9.4 0.0114262
9.5 0.0079696
9.6 0.0112798
9.7 0.00816861
9.8 0.0110311
9.9 0.0084656
10 0.0106889
10.1 0.008848
10.2 0.0102688
10.3 0.0092995
10.4 0.0097909
10.5 0.00979716
10.6 0.00928033
10.7 0.0103172
10.8 0.00875911
10.9 0.0108853
11 0.00819288
11.1 0.0114182
11.2 0.00768823
11.3 0.0118583
11.4 0.0072916
11.5 0.0122051
11.6 0.00699892
11.7 0.0124378
11.8 0.0068299
11.9 0.0125397
12 0.00679777
12.1 0.0125
12.2 0.00691121
12.3 0.0123137
12.4 0.00717224
12.5 0.0119776
12.6 0.00758235
12.7 0.0114873
12.8 0.00815859
12.9 0.0108041
13 0.00901375
13.1 0.0095789
13.2 0.0118233
13.3 0.0871678
13.4 0.093606
13.5 0.0979369
13.6 0.0930123
13.7 0.0802336
13.8 0.0637339
13.9 0.0393707
14 0.017119
14.1 -0.0112583
14.2 -0.0294479
14.3 -0.047738
14.4 -0.0463891
14.5 -0.0418754
14.6 -0.0184752
14.7 -0.00174248
14.8 0.0206823
14.9 0.0222848
15 0.0227575
15.1 -0.00647679
15.2 -0.0257663
15.3 -0.043794
15.4 -0.0487393
15.5 -0.0481568
15.6 -0.0386714
15.7 -0.0309786
15.8 -0.0201857
15.9 -0.0205536
16 0.0189144
16.1 0.0684872
16.2 0.0194947
16.3 0.00812251
16.4 -0.0505686
16.5 -0.0505508
16.6 -0.119677
16.7 -0.163005
16.8 -0.163115
16.9 -0.072969
17 -0.0447138
17.1 -0.00220391
17.2 0.0289187
17.3 0.0663451
17.4 0.0812276
17.5 0.127728
17.6 0.0531833
17.7 0.00812142
17.8 -0.0387162
17.9 0.0329377
18 0.0588301
18.1 0.0937585
18.2 0.0913093
18.3 0.1421
18.4 0.147227
18.5 0.188702
18.6 0.210505
18.7 0.36871
18.8 0.372993
18.9 0.339829
19 0.263725
19.1 0.140286
19.2 -0.0583413
19.3 -0.0492058
19.4 -0.0935782
19.5 -0.0760903
19.6 -0.0491574
19.7 -0.0377442
19.8 -0.0259941
19.9 -0.173451
20 -0.20161
20.1 -0.203894
20.2 -0.0660073
20.3 0.0670012
20.4 0.108586
20.5 0.130507
20.6 0.0695214
20.7 -0.190254
20.8 -0.329113
20.9 -0.46685
21 -0.550741
21.1 -0.552605
21.2 -0.456299
21.3 -0.496687
21.4 -0.298304
21.5 -0.146536
21.6 -0.0314216
21.7 0.0969999
21.8 0.162214
21.9 0.188172
22 0.144503
22.1 0.165384
22.2 0.26431
22.3 0.22746
22.4 0.226184
22.5 0.183253
22.6 0.166564
22.7 0.11882
22.8 0.0566682
22.9 -0.027942
23 0.0268252
23.1 0.0427957
23.2 0.0981303
23.3 0.0531674
23.4 0.0571835
23.5 0.0221658
23.6 0.108022
23.7 0.216981
23.8 0.281598
23.9 0.315388
24 0.344271
24.1 0.194717
24.2 -0.0283207
24.3 -0.265122
24.4 -0.438742
24.5 -0.404468
24.6 -0.378973
24.7 -0.0817678
24.8 0.158179
24.9 0.391687
25 0.471651
25.1 0.376122
25.2 0.137895
25.3 -0.0977942
25.4 -0.475141
25.5 -0.752058
25.6 -0.958685
25.7 -1.11462
25.8 -1.10686
25.9 -1.05716
26 -1.01972
26.1 -0.793085
26.2 -0.434977
26.3 -0.14347
26.4 0.136651
26.5 0.390101
26.6 0.44055
26.7 0.30576
26.8 0.234403
26.9 0.178475
27 0.0468895
27.1 0.0898096
27.2 0.111231
27.3 0.325715
27.4 0.595649
27.5 0.64333
27.6 0.695876
27.7 0.931253
27.8 0.892323
27.9 0.859265
28 0.706812
28.1 0.675735
28.2 0.552918
28.3 0.457546
28.4 0.283263
28.5 0.0208663
28.6 -0.052922
28.7 -0.190997
28.8 -0.437488
28.9 -0.499088
29 -0.646352
29.1 -0.663088
29.2 -0.823031
29.3 -0.919394
29.4 -0.888611
29.5 -0.823361
29.6 -0.713875
29.7 -0.504367
29.8 -0.312957
29.9 0.0475953
30 0.428042
30.1 0.855788
30.2 1.28454
30.3 1.71969
30.4 1.8573
30.5 1.91843
30.6 1.73193
30.7 1.09007
30.8 0.46409
30.9 -0.289455
31 -0.728063
31.1 -1.08769
31.2 -1.1641
31.3 -1.11881
31.4 -1.38107
31.5 -1.37845
31.6 -1.46011
31.7 -1.5225
31.8 -1.71024
31.9 -1.64763
32 -1.35693
32.1 -0.992858
32.2 -0.515448
32.3 0.00549813
32.4 0.414311
32.5 0.877739
32.6 1.13928
32.7 1.33957
32.8 1.46267
32.9 1.31355
33 1.1039
33.1 1.02288
33.2 0.966274
33.3 1.05402
33.4 1.23495
33.5 1.33829
33.6 1.29081
33.7 1.16479
33.8 0.956265
33.9 0.751498
34 0.361034
34.1 -0.00774783
34.2 -0.347182
34.3 -0.645503
34.4 -0.747827
34.5 -0.681892
34.6 -0.71912
34.7 -0.774082
34.8 -0.8017
34.9 -0.81929
35 -1.0488
35.1 -1.23956
35.2 -1.39236
35.3 -1.45854
35.4 -1.27184
35.5 -0.892663
35.6 -0.383739
35.7 0.0075846
35.8 0.374208
35.9 0.675589
36 0.859163
36.1 1.01673
36.2 1.09441
36.3 1.10555
36.4 1.07969
36.5 0.961525
36.6 0.651589
36.7 0.363341
36.8 0.120619
36.9 -0.011528
37 -0.0334593
37.1 0.30442
37.2 0.75783
37.3 1.06916
37.4 1.14017
37.5 1.18228
37.6 0.740767
37.7 0.318189
37.8 -0.240171
37.9 -0.662905
38 -0.954268
38.1 -1.02061
38.2 -1.06406
38.3 -0.920451
38.4 -0.890501
38.5 -0.787717
38.6 -0.589663
38.7 -0.611432
38.8 -0.577476
38.9 -0.700671
39 -0.814975
39.1 -0.65968
39.2 -0.588193
39.3 -0.3232
39.4 0.00965906
39.5 0.391793
39.6 0.805549
39.7 1.03146
39.8 1.19187
39.9 1.25397
40 1.34942
40.1 1.31663
40.2 1.32017
40.3 1.36944
40.4 1.24052
40.5 0.975101
40.6 0.530674
40.7 -0.0441366
40.8 -0.513553
40.9 -1.03492
41 -1.29637
41.1 -1.31697
41.2 -0.954121
41.3 -0.316659
41.4 0.381057
41.5 1.11372
41.6 1.62076
41.7 1.75766
41.8 1.71053
41.9 1.25736
42 0.729928
42.1 0.301505
42.2 -0.0625705
42.3 -0.396392
42.4 -0.701398
42.5 -0.949926
42.6 -1.32265
42.7 -1.75663
42.8 -2.11076
42.9 -2.25657
43 -2.02179
43.1 -1.33231
43.2 -0.175227
43.3 1.25153
43.4 2.85051
43.5 4.30622
43.6 5.29277
43.7 5.48865
43.8 4.64174
43.9 2.57677
44 -0.622602
44.1 -4.72964
44.2 -9.29656
44.3 -13.4822
44.4 -16.4147
44.5 -17.1256
44.6 -15.0338
44.7 -9.80678
44.8 -1.79327
44.9 8.25909
45 18.9459
45.1 28.9006
45.2 36.2675
45.3 39.6092
45.4 38.0966
45.5 31.4347
45.6 20.1747
45.7 5.53418
45.8 -10.69
45.9 -26.4911
46 -39.934
46.1 -49.5312
46.2 -54.3931
46.3 -54.3388
46.4 -49.7303
46.5 -41.3407
46.6 -30.0557
46.7 -16.8154
46.8 -2.44008
46.9 12.1686
47 26.2468
47.1 38.7816
47.2 48.6586
47.3 55.176
47.4 57.707
47.5 56.1514
47.6 50.7424
47.7 42.115
47.8 31.0325
47.9 18.3495
48 4.83512
48.1 -8.75849
48.2 -21.7326
48.3 -33.3497
48.4 -42.9118
48.5 -49.7937
48.6 -53.6013
48.7 -54.2258
48.8 -51.8967
48.9 -47.0876
49 -40.4072
49.1 -32.4421
49.2 -23.6738
49.3 -14.4496
49.4 -5.03035
49.5 4.33495
49.6 13.3604
49.7 21.7032
49.8 29.0158
49.9 34.9879
50 39.417
50.1 42.2023
50.2 43.3555
50.3 42.9379
50.4 41.0627
50.5 37.8496
50.6 33.4607
50.7 28.0695
50.8 21.8874
50.9 15.1067
51 7.90668
51.1 0.407513
51.2 -7.28534
51.3 -15.0688
51.4 -22.7637
51.5 -30.0995
51.6 -36.6908
51.7 -42.0952
51.8 -45.8742
51.9 -47.6894
52 -47.3643
52.1 -44.9216
52.2 -40.574
52.3 -34.6757
52.4 -27.6634
52.5 -19.9786
52.6 -12.0241
52.7 -4.1156
52.8 3.50754
52.9 10.6865
53 17.2898
53.1 23.2038
53.2 28.285
53.3 32.3848
53.4 35.3432
53.5 37.05
53.6 37.4539
53.7 36.6073
53.8 34.6377
53.9 31.7447
54 28.1413
54.1 24.0389
54.2 19.6103
54.3 15.0013
54.4 10.3258
54.5 5.68375
54.6 1.1589
54.7 -3.18098
54.8 -7.28683
54.9 -11.1296
55 -14.6843
55.1 -17.926
55.2 -20.8088
55.3 -23.2797
55.4 -25.2731
55.5 -26.7424
55.6 -27.6503
55.7 -27.9888
55.8 -27.7493
55.9 -26.9364
56 -25.5458
56.1 -23.5984
56.2 -21.1355
56.3 -18.2487
56.4 -15.0516
56.5 -11.6682
56.6 -8.17958
56.7 -4.61139
56.8 -0.922531
56.9 2.95122
57 7.05198
57.1 11.3453
57.2 15.7016
57.3 19.9134
57.4 23.7408
57.5 26.9724
57.6 29.4573
57.7 31.1236
57.8 31.9468
57.9 31.9338
58 31.0874
58.1 29.4245
58.2 26.9777
58.3 23.8341
58.4 20.1216
58.5 16.0094
58.6 11.6533
58.7 7.18043
58.8 2.65671
58.9 -1.88387
59 -6.42316
59.1 -10.9105
59.2 -15.2575
59.3 -19.3331
59.4 -22.9957
59.5 -26.1139
59.6 -28.587
59.7 -30.3446
59.8 -31.3384
59.9 -31.5398
60 -30.9411
60.1 -29.5751
60.2 -27.5193
60.3 -24.9011
60.4 -21.863
60.5 -18.5401
60.6 -15.0168
60.7 -11.3345
60.8 -7.49666
60.9 -3.52267
61 0.535784
61.1 4.56967
61.2 8.45105
61.3 12.058
61.4 15.3253
61.5 18.2392
61.6 20.8254
61.7 23.0943
61.8 25.012
61.9 26.4844
62 27.3903
62.1 27.627
62.2 27.1554
62.3 26.0138
62.4 24.292
62.5 22.091
62.6 19.4782
62.7 16.4876
62.8 13.1386
62.9 9.49247
63 5.67382
63.1 1.87843
63.2 -1.68744
63.3 -4.86088
63.4 -7.59078
63.5 -9.93234
63.6 -12.0195
63.7 -13.9763
63.8 -15.8625
63.9 -17.6315
64 -19.1652
64.1 -20.3236
64.2 -21.0181
64.3 -21.2371
64.4 -21.0432
64.5 -20.5257
64.6 -19.7548
64.7 -18.756
64.8 -17.5187
64.9 -16.0319
65 -14.3142
65.1 -12.4291
65.2 -10.4573
65.3 -8.46666
65.4 -6.47131
65.5 -4.43733
65.6 -2.29773
65.7 -0.0067622
65.8 2.44021
65.9 4.98885
66 7.56359
66.1 10.0907
66.2 12.534
66.3 14.8757
66.4 17.0944
66.5 19.1157
66.6 20.8063
66.7 21.9898
66.8 22.5125
66.9 22.303
67 21.4151
67.1 20.0141
67.2 18.3186
67.3 16.5221
67.4 14.7276
67.5 12.9335
67.6 11.06
67.7 9.01791
67.8 6.75946
67.9 4.31408
68 1.76489
68.1 -0.781967
68.2 -3.2515
68.3 -5.60979
68.4 -7.86792
68.5 -10.0427
68.6 -12.1408
68.7 -14.1359
68.8 -15.9874
68.9 -17.6478
69 -19.0834
69.1 -20.2624
69.2 -21.1456
69.3 -21.6677
69.4 -21.7452
69.5 -21.2991
69.6 -20.2945
69.7 -18.7693
69.8 -16.8334
69.9 -14.6385
70 -12.3204
70.1 -9.95778
70.2 -7.549
70.3 -5.04443
70.4 -2.39044
70.5 0.408854
70.6 3.27766
70.7 6.07683
70.8 8.66581
70.9 10.9487
71 12.916
71.1 14.6227
71.2 16.1498
71.3 17.5363
71.4 18.7486
71.5 19.676
71.6 20.18
71.7 20.1498
71.8 19.5561
71.9 18.4616
72 16.9979
72.1 15.3151
72.2 13.533
72.3 11.7174
72.4 9.88172
72.5 8.01674
72.6 6.11428
72.7 4.18937
72.8 2.27003
72.9 0.390059
73 -1.43456
73.1 -3.20057
73.2 -4.91843
73.3 -6.58866
73.4 -8.20241
73.5 -9.73406
73.6 -11.1618
73.7 -12.4708
73.8 -13.6629
73.9 -14.7388
74 -15.6852
74.1 -16.455
74.2 -16.9725
74.3 -17.1498
74.4 -16.9203
74.5 -16.2654
74.6 -15.2246
74.7 -13.8846
74.8 -12.3466
74.9 -10.6974
75 -8.98497
75.1 -7.22376
75.2 -5.4057
75.3 -3.52994
75.4 -1.61045
75.5 0.314566
75.6 2.20234
75.7 4.01105
75.8 5.71676
75.9 7.30257
76 8.75843
76.1 10.066
76.2 11.208
76.3 12.1714
76.4 12.9663
76.5 13.6239
76.6 14.1898
76.7 14.6959
76.8 15.1361
76.9 15.4516
77 15.5402
77.1 15.2882
77.2 14.6098
77.3 13.4832
77.4 11.9572
77.5 10.1396
77.6 8.15657
77.7 6.12291
77.8 4.11123
77.9 2.15699
78 0.264535
78.1 -1.56533
78.2 -3.33017
78.3 -5.01555
78.4 -6.60859
78.5 -8.09551
78.6 -9.46664
78.7 -10.7005
78.8 -11.76
78.9 -12.5876
79 -13.1251
79.1 -13.336
79.2 -13.233
79.3 -12.8847
79.4 -12.3975
79.5 -11.8784
79.6 -11.3881
79.7 -10.9168
79.8 -10.3828
79.9 -9.67333
80 -8.69122
80.1 -7.40706
80.2 -5.87042
80.3 -4.19908
80.4 -2.5266
80.5 -0.95953
80.6 0.463339
80.7 1.76537
80.8 3.01256
80.9 4.2656
81 5.55188
81.1 6.84538
81.2 8.08179
81.3 9.17829
81.4 10.063
81.5 10.6876
81.6 11.0317
81.7 11.0966
81.8 10.8995
81.9 10.4739
82 9.87117
82.1 9.16293
82.2 8.42853
82.3 7.73997
82.4 7.134
82.5 6.60319
82.6 6.09262
82.7 5.52895
82.8 4.84635
82.9 4.02266
83 3.08275
83.1 2.0936
83.2 1.12823
83.3 0.242011
83.4 -0.551029
83.5 -1.26895
83.6 -1.94773
83.7 -2.61429
83.8 -3.27886
83.9 -3.93812
84 -4.59514
84.1 -5.27472
84.2 -6.02355
84.3 -6.88991
84.4 -7.88685
84.5 -8.96485
84.6 -10.0013
84.7 -10.8305
84.8 -11.2899
84.9 -11.2811
85 -10.7984
85.1 -9.93361
85.2 -8.83008
85.3 -7.6329
85.4 -6.43203
85.5 -5.24985
85.6 -4.05046
85.7 -2.78775
85.8 -1.44226
85.9 -0.0497929
86 1.3115
86.1 2.54899
86.2 3.59707
86.3 4.43803
86.4 5.10157
86.5 5.64004
86.6 6.09728
86.7 6.49003
86.8 6.80716
86.9 7.03216
87 7.1629
87.1 7.22817
87.2 7.27309
87.3 7.33937
87.4 7.43061
87.5 7.50606
87.6 7.48469
87.7 7.28491
87.8 6.85528
87.9 6.20703
88 5.40667
88.1 4.55727
88.2 3.75391
88.3 3.05642
88.4 2.47025
88.5 1.95868
88.6 1.46153
88.7 0.920648
88.8 0.291778
88.9 -0.453386
89 -1.33079
89.1 -2.34623
89.2 -3.4849
89.3 -4.70149
89.4 -5.9071
89.5 -6.98076
89.6 -7.78917
89.7 -8.23087
89.8 -8.26391
89.9 -7.92864
90 -7.3279
90.1 -6.59988
90.2 -5.86778
90.3 -5.216
90.4 -4.67415
90.5 -4.23808
90.6 -3.88782
90.7 -3.61228
90.8 -3.40643
90.9 -3.26173
91 -3.14401
91.1 -2.98744
91.2 -2.70489
91.3 -2.21797
91.4 -1.49236
91.5 -0.557576
91.6 0.494077
91.7 1.54101
91.8 2.47008
91.9 3.21881
92 3.78339
92.1 4.21353
92.2 4.57389
92.3 4.91905
92.4 5.26526
92.5 5.59975
92.6 5.88936
92.7 6.11064
92.8 6.25505
92.9 6.33534
93 6.36495
93.1 6.3486
93.2 6.26882
93.3 6.0959
93.4 5.79983
93.5 5.3696
93.6 4.81985
93.7 4.18496
93.8 3.50243
93.9 2.7906
94 2.04046
94.1 1.21574
94.2 0.278656
94.3 -0.788532
94.4 -1.95328
94.5 -3.13455
94.6 -4.2101
94.7 -5.05994
94.8 -5.59765
94.9 -5.81117
95 -5.76111
95.1 -5.56934
95.2 -5.36646
95.3 -5.25021
95.4 -5.24096
95.5 -5.28204
95.6 -5.26085
95.7 -5.06554
95.8 -4.63465
95.9 -3.99187
96 -3.23893
96.1 -2.51401
96.2 -1.93275
96.3 -1.53554
96.4 -1.27489
96.5 -1.03682
96.6 -0.704238
96.7 -0.21027
96.8 0.419267
96.9 1.08457
97 1.65114
97.1 2.02499
97.2 2.19021
97.3 2.22813
97.4 2.27032
97.5 2.44733
97.6 2.82002
97.7 3.36267
97.8 3.96817
97.9 4.50246
98 4.84993
98.1 4.95475
98.2 4.82075
98.3 4.49454
98.4 4.03485
98.5 3.49447
98.6 2.92034
98.7 2.36166
98.8 1.88115
98.9 1.54088
99 1.38361
99.1 1.39502
99.2 1.49944
99.3 1.56561
99.4 1.46322
99.5 1.10696
99.6 0.509439
99.7 -0.228238
99.8 -0.941091
99.9 -1.47576
100 -1.7372
100.1 -1.73025
100.2 -1.53692
100.3 -1.283
100.4 -1.07648
100.5 -0.979075
100.6 -0.993828
100.7 -1.09128
100.8 -1.23879
100.9 -1.42589
101 -1.66845
101.1 -1.99074
101.2 -2.40614
101.3 -2.89431
101.4 -3.40683
101.5 -3.8701
101.6 -4.21407
101.7 -4.37506
101.8 -4.316
101.9 -4.0131
102 -3.47031
102.1 -2.70586
102.2 -1.77067
102.3 -0.731776
102.4 0
102.5 0
102.6 0
102.7 0
102.8 0
102.9 0
103 0
103.1 0
103.2 0
103.3 0
103.4 0
103.5 0
103.6 0
103.7 0
103.8 0
103.9 0
104 0
104.1 0
104.2 0
104.3 0
104.4 0
104.5 0
104.6 0
104.7 0
104.8 0
104.9 0
105 0
105.1 0
105.2 0
105.3 0
105.4 0
105.5 0
105.6 0
105.7 0
105.8 0
105.9 0
106 0
106.1 0
106.2 0
106.3 0
106.4 0
106.5 0
106.6 0
106.7 0
106.8 0
106.9 0
107 0
107.1 0
107.2 0
107.3 0
107.4 0
107.5 0
107.6 0
107.7 0
107.8 0
107.9 0
108 0
108.1 0
108.2 0
108.3 0
108.4 0
108.5 0
108.6 0
108.7 0
108.8 0
108.9 0
109 0
109.1 0
109.2 0
109.3 0
109.4 0
109.5 0
109.6 0
109.7 0
109.8 0
109.9 0
110 0
110.1 0
110.2 0
110.3 0
110.4 0
110.5 0
110.6 0
110.7 0
110.8 0
110.9 0
111 0
111.1 0
111.2 0
111.3 0
111.4 0
111.5 0
111.6 0
111.7 0
111.8 0
111.9 0
112 0
112.1 0
112.2 0
112.3 0
112.4 0
112.5 0
112.6 0
112.7 0
112.8 0
112.9 0
113 0
113.1 0
113.2 0
113.3 0
113.4 0
113.5 0
113.6 0
113.7 0
113.8 0
113.9 0
114 0
114.1 0
114.2 0
114.3 0
114.4 0
114.5 0
114.6 0
114.7 0
114.8 0
114.9 0
115 0
115.1 0
115.2 0
115.3 0
115.4 0
115.5 0
115.6 0
115.7 0
115.8 0
115.9 0
116 0
116.1 0
116.2 0
116.3 0
116.4 0
116.5 0
116.6 0
116.7 0
116.8 0
116.9 0
117 0
117.1 0
117.2 0
117.3 0
117.4 0
117.5 0
117.6 0
117.7 0
117.8 0
117.9 0
118 0
118.1 0
118.2 0
118.3 0
118.4 0
118.5 0
118.6 0
118.7 0
118.8 0
118.9 0
119 0
119.1 0
119.2 0
119.3 0
119.4 0
119.5 0
119.6 0
119.7 0
119.8 0
119.9 0
120 0
120.1 0
120.2 0
120.3 0
120.4 0
120.5 0
120.6 0
120.7 0
120.8 0
120.9 0
121 0
121.1 0
121.2 0
121.3 0
121.4 0
121.5 0
121.6 0
121.7 0
121.8 0
121.9 0
122 0
122.1 0
122.2 0
122.3 0
122.4 0
122.5 0
122.6 0
122.7 0
122.8 0
122.9 0
123 0
123.1 0
123.2 0
123.3 0
123.4 0
123.5 0
123.6 0
123.7 0
123.8 0
123.9 0
124 0
124.1 0
124.2 0
124.3 0
124.4 0
124.5 0
124.6 0
124.7 0
124.8 0
124.9 0
125 0
125.1 0
125.2 0
125.3 0
125.4 0
125.5 0
125.6 0
125.7 0
125.8 0
125.9 0
126 0
126.1 0
126.2 0
126.3 0
126.4 0
126.5 0
126.6 0
126.7 0
126.8 0
126.9 0
127 0
127.1 0
127.2 0
127.3 0
127.4 0
127.5 0
127.6 0
127.7 0
127.8 0
127.9 0
128 0
128.1 0
128.2 0
128.3 0
128.4 0
128.5 0
128.6 0
128.7 0
128.8 0
128.9 0
129 0
129.1 0
129.2 0
129.3 0
129.4 0
129.5 0
129.6 0
129.7 0
129.8 0
129.9 0
130 0
130.1 0
130.2 0
130.3 0
130.4 0
130.5 0
130.6 0
130.7 0
130.8 0
130.9 0
131 0
131.1 0
131.2 0
131.3 0
131.4 0
131.5 0
131.6 0
131.7 0
131.8 0
131.9 0
132 0
132.1 0
132.2 0
132.3 0
132.4 0
132.5 0
132.6 0
132.7 0
132.8 0
132.9 0
133 0
133.1 0
133.2 0
133.3 0
133.4 0
133.5 0
133.6 0
133.7 0
133.8 0
133.9 0
134 0
134.1 0
134.2 0
134.3 0
134.4 0
134.5 0
134.6 0
134.7 0
134.8 0
134.9 0
135 0
135.1 0
135.2 0
135.3 0
135.4 0
135.5 0
135.6 0
135.7 0
135.8 0
135.9 0
136 0
136.1 0
136.2 0
136.3 0
136.4 0
136.5 0
136.6 0
136.7 0
136.8 0
136.9 0
137 0
137.1 0
137.2 0
137.3 0
137.4 0
137.5 0
137.6 0
137.7 0
137.8 0
137.9 0
138 0
138.1 0
138.2 0
138.3 0
138.4 0
138.5 0
138.6 0
138.7 0
138.8 0
138.9 0
139 0
139.1 0
139.2 0
139.3 0
139.4 0
139.5 0
139.6 0
139.7 0
139.8 0
139.9 0
140 0
140.1 0
140.2 0
140.3 0
140.4 0
140.5 0
140.6 0
140.7 0
140.8 0
140.9 0
141 0
141.1 0
141.2 0
141.3 0
141.4 0
141.5 0
141.6 0
141.7 0
141.8 0
141.9 0
142 0
142.1 0
142.2 0
142.3 0
142.4 0
142.5 0
142.6 0
142.7 0
142.8 0
142.9 0
143 0
143.1 0
143.2 0
143.3 0
143.4 0
143.5 0
143.6 0
143.7 0
143.8 0
143.9 0
144 0
144.1 0
144.2 0
144.3 0
144.4 0
144.5 0
144.6 0
144.7 0
144.8 0
144.9 0
145 0
145.1 0
145.2 0
145.3 0
145.4 0
145.5 0
145.6 0
145.7 0
145.8 0
145.9 0
146 0
146.1 0
146.2 0
146.3 0
146.4 0
146.5 0
146.6 0
146.7 0
146.8 0
146.9 0
147 0
147.1 0
147.2 0
147.3 0
147.4 0
147.5 0
147.6 0
147.7 0
147.8 0
147.9 0
148 0
148.1 0
148.2 0
148.3 0
148.4 0
148.5 0
148.6 0
148.7 0
148.8 0
148.9 0
149 0
149.1 0
149.2 0
149.3 0
149.4 0
149.5 0
149.6 0
149.7 0
149.8 0
149.9 0
150 0
150.1 0
150.2 0
150.3 0
150.4 0
150.5 0
150.6 0
150.7 0
150.8 0
150.9 0
151 0
151.1 0
151.2 0
151.3 0
151.4 0
151.5 0
151.6 0
151.7 0
151.8 0
151.9 0
152 0
152.1 0
152.2 0
152.3 0
152.4 0
152.5 0
152.6 0
152.7 0
152.8 0
152.9 0
153 0
153.1 0
153.2 0
153.3 0
153.4 0
153.5 0
153.6 0
153.7 0
153.8 0
153.9 0
154 0
154.1 0
154.2 0
154.3 0
154.4 0
154.5 0
154.6 0
154.7 0
154.8 0
154.9 0
155 0
155.1 0
155.2 0
155.3 0
155.4 0
155.5 0
155.6 0
155.7 0
155.8 0
155.9 0
156 0
156.1 0
156.2 0
156.3 0
156.4 0
156.5 0
156.6 0
156.7 0
156.8 0
156.9 0
157 0
157.1 0
157.2 0
157.3 0
157.4 0
157.5 0
157.6 0
157.7 0
157.8 0
157.9 0
158 0
158.1 0
158.2 0
158.3 0
158.4 0
158.5 0
158.6 0
158.7 0
158.8 0
158.9 0
159 0
159.1 0
159.2 0
159.3 0
159.4 0
159.5 0
159.6 0
159.7 0
159.8 0
159.9 0
160 0
160.1 0
160.2 0
160.3 0
160.4 0
160.5 0
160.6 0
160.7 0
160.8 0
160.9 0
161 0
161.1 0
161.2 0
161.3 0
161.4 0
161.5 0
161.6 0
161.7 0
161.8 0
161.9 0
162 0
162.1 0
162.2 0
162.3 0
162.4 0
162.5 0
162.6 0
162.7 0
162.8 0
162.9 0
163 0
163.1 0
163.2 0
163.3 0
163.4 0
163.5 0
163.6 0
163.7 0
163.8 0
163.9 0
164 0
164.1 0
164.2 0
164.3 0
164.4 0
164.5 0
164.6 0
164.7 0
164.8 0
164.9 0
165 0
165.1 0
165.2 0
165.3 0
165.4 0
165.5 0
165.6 0
165.7 0
165.8 0
165.9 0
166 0
166.1 0
166.2 0
166.3 0
166.4 0
166.5 0
166.6 0
166.7 0
166.8 0
166.9 0
167 0
167.1 0
167.2 0
167.3 0
167.4 0
167.5 0
167.6 0
167.7 0
167.8 0
167.9 0
168 0
168.1 0
168.2 0
168.3 0
168.4 0
168.5 0
168.6 0
168.7 0
168.8 0
168.9 0
169 0
169.1 0
169.2 0
169.3 0
169.4 0
169.5 0
169.6 0
169.7 0
169.8 0
169.9 0
170 0
170.1 0
170.2 0
170.3 0
170.4 0
170.5 0
170.6 0
170.7 0
170.8 0
170.9 0
171 0
171.1 0
171.2 0
171.3 0
171.4 0
171.5 0
171.6 0
171.7 0
171.8 0
171.9 0
172 0
172.1 0
172.2 0
172.3 0
172.4 0
172.5 0
172.6 0
172.7 0
172.8 0
172.9 0
173 0
173.1 0
173.2 0
173.3 0
173.4 0
173.5 0
173.6 0
173.7 0
173.8 0
173.9 0
174 0
174.1 0
174.2 0
174.3 0
174.4 0
174.5 0
174.6 0
174.7 0
174.8 0
174.9 0
175 0
175.1 0
175.2 0
175.3 0
175.4 0
175.5 0
175.6 0
175.7 0
175.8 0
175.9 0
176 0
176.1 0
176.2 0
176.3 0
176.4 0
176.5 0
176.6 0
176.7 0
176.8 0
176.9 0
177 0
177.1 0
177.2 0
177.3 0
177.4 0
177.5 0
177.6 0
177.7 0
177.8 0
177.9 0
178 0
178.1 0
178.2 0
178.3 0
178.4 0
178.5 0
178.6 0
178.7 0
178.8 0
178.9 0
179 0
179.1 0
179.2 0
179.3 0
179.4 0
179.5 0
179.6 0
179.7 0
179.8 0
179.9 0
180 0
180.1 0
180.2 0
180.3 0
180.4 0
180.5 0
180.6 0
180.7 0
180.8 0
180.9 0
181 0
181.1 0
181.2 0
181.3 0
181.4 0
181.5 0
181.6 0
181.7 0
181.8 0
181.9 0
182 0
182.1 0
182.2 0
182.3 0
182.4 0
182.5 0
182.6 0
182.7 0
182.8 0
182.9 0
183 0
183.1 0
183.2 0
183.3 0
183.4 0
183.5 0
183.6 0
183.7 0
183.8 0
183.9 0
184 0
184.1 0
184.2 0
184.3 0
184.4 0
184.5 0
184.6 0
184.7 0
184.8 0
184.9 0
185 0
185.1 0
185.2 0
185.3 0
185.4 0
185.5 0
185.6 0
185.7 0
185.8 0
185.9 0
186 0
186.1 0
186.2 0
186.3 0
186.4 0
186.5 0
186.6 0
186.7 0
186.8 0
186.9 0
187 0
187.1 0
187.2 0
187.3 0
187.4 0
187.5 0
187.6 0
187.7 0
187.8 0
187.9 0
188 0
188.1 0
188.2 0
188.3 0
188.4 0
188.5 0
188.6 0
188.7 0
188.8 0
188.9 0
189 0
189.1 0
189.2 0
189.3 0
189.4 0
189.5 0
189.6 0
189.7 0
189.8 0
189.9 0
190 0
190.1 0
190.2 0
190.3 0
190.4 0
190.5 0
190.6 0
190.7 0
190.8 0
190.9 0
191 0
191.1 0
191.2 0
191.3 0
191.4 0
191.5 0
191.6 0
191.7 0
191.8 0
191.9 0
192 0
192.1 0
192.2 0
192.3 0
192.4 0
192.5 0
192.6 0
192.7 0
192.8 0
192.9 0
193 0
193.1 0
193.2 0
193.3 0
193.4 0
193.5 0
193.6 0
193.7 0
193.8 0
193.9 0
194 0
194.1 0
194.2 0
194.3 0
194.4 0
194.5 0
194.6 0
194.7 0
194.8 0
194.9 0
195 0
195.1 0
195.2 0
195.3 0
195.4 0
195.5 0
195.6 0
195.7 0
195.8 0
195.9 0
196 0
196.1 0
196.2 0
196.3 0
196.4 0
196.5 0
196.6 0
196.7 0
196.8 0
196.9 0
197 0
197.1 0
197.2 0
197.3 0
197.4 0
197.5 0
197.6 0
197.7 0
197.8 0
197.9 0
198 0
198.1 0
198.2 0
198.3 0
198.4 0
198.5 0
198.6 0
198.7 0
198.8 0
198.9 0
199 0
199.1 0
199.2 0
199.3 0
199.4 0
199.5 0
199.6 0
199.7 0
199.8 0
199.9 0
200 0
200.1 0
200.2 0
200.3 0
200.4 0
200.5 0
200.6 0
200.7 0
200.8 0
200.9 0
201 0
201.1 0
201.2 0
201.3 0
201.4 0
201.5 0
201.6 0
201.7 0
201.8 0
201.9 0
202 0
202.1 0
202.2 0
202.3 0
202.4 0
202.5 0
202.6 0
202.7 0
202.8 0
202.9 0
203 0
203.1 0
203.2 0
203.3 0
203.4 0
203.5 0
203.6 0
203.7 0
203.8 0
203.9 0
204 0
204.1 0
204.2 0
204.3 0
204.4 0
204.5 0
204.6 0
204.7 0
