0 -136.91
0.1 -169.878
0.2 -192.613
0.3 -200.178
0.4 -189.326
0.5 -159.882
0.6 -115.544
0.7 -63.7173
0.8 -14.2668
0.9 22.5544
1 38.5061
1.1 29.4553
1.2 -3.42469
1.3 -53.6835
1.4 -110.888
1.5 -162.893
1.6 -198.549
1.7 -210.212
1.8 -195.455
1.9 -157.553
2 -104.621
2.1 -47.5889
2.2 2.50287
2.3 37.1617
2.4 52.4064
2.5 49.4981
2.6 34.2391
2.7 15.1085
2.8 0.778534
2.9 -2.25327
3 8.785
3.1 32.5957
3.2 64.6853
3.3 99.1084
3.4 130.446
3.5 155.397
3.6 173.498
3.7 186.799
3.8 198.685
3.9 212.242
4 228.73
4.1 246.641
4.2 261.647
4.3 267.426
4.4 257.197
4.5 225.505
4.6 169.82
4.7 91.5464
4.8 -3.79489
4.9 -107.236
5 -207.752
5.1 -294.081
5.2 -356.655
5.3 -389.301
5.4 -390.43
5.5 -363.441
5.6 -316.215
5.7 -259.632
5.8 -205.332
5.9 -163.083
6 -138.399
6.1 -131.082
6.2 -135.194
6.3 -140.651
6.4 -136.08
6.5 -112.135
6.6 -64.2744
6.7 5.90978
6.8 91.2259
6.9 181.047
7 264.313
7.1 332.327
7.2 380.384
7.3 407.85
7.4 416.842
7.5 410.195
7.6 389.608
7.7 354.641
7.8 302.873
7.9 231.09
8 137.017
8.1 21.0607
8.2 -112.386
8.3 -254.451
8.4 -392.178
8.5 -509.892
8.6 -591.47
8.7 -623.21
8.8 -596.844
8.9 -511.947
9 -376.938
9.1 -208.166
9.2 -27.0272
9.3 144.261
9.4 287.051
9.5 389.542
9.6 447.998
9.7 465.68
9.8 450.133
9.9 409.976
10 352.438
10.1 282.422
10.2 203.106
10.3 117.476
10.4 29.8038
10.5 -53.7382
10.6 -125.633
10.7 -178.506
10.8 -206.91
10.9 -208.777
11 -186.1
11.1 -144.811
11.2 -94.0155
11.3 -44.7986
11.4 -8.73004
11.5 3.91149
11.6 -13.8902
11.7 -64.0017
11.8 -141.851
11.9 -236.318
12 -331.176
12.1 -407.979
12.2 -449.731
12.3 -444.357
12.4 -386.982
12.5 -280.494
12.6 -134.475
12.7 36.8823
12.8 217.058
12.9 389.071
13 536.769
13.1 645.81
13.2 704.747
13.3 706.429
13.4 649.54
13.5 539.684
13.6 389.4
13.7 216.72
13.8 42.434
13.9 -113.297
14 -234.1
14.1 -309.599
14.2 -336.358
14.3 -317.692
14.4 -262.72
14.5 -185.012
14.6 -100.945
14.7 -27.6784
14.8 19.3455
14.9 29.1848
15 -2.08052
15.1 -69.915
15.2 -161.701
15.3 -259.17
15.4 -342.42
15.5 -394.457
15.6 -404.924
15.7 -371.962
15.8 -301.79
15.9 -206.354
16 -99.9522
16.1 4.1125
16.2 96.009
16.3 170.614
16.4 227.525
16.5 270.117
16.6 303.923
16.7 334.619
16.8 365.852
16.9 397.354
17 423.873
17.1 435.527
17.2 419.894
17.3 365.611
17.4 266.608
17.5 125.637
17.6 -44.283
17.7 -221.323
17.8 -379.131
17.9 -492.861
18 -545.212
18.1 -530.678
18.2 -456.745
18.3 -341.766
18.4 -210.226
18.5 -86.8134
18.6 9.06326
18.7 66.9891
18.8 86.765
18.9 77.1298
19 52.5506
19.1 29.0076
19.2 19.8088
19.3 32.3821
19.4 66.7375
19.5 115.924
19.6 168.346
19.7 211.318
19.8 234.889
19.9 234.789
20 213.593
20.1 179.66
20.2 144.163
20.3 117.148
20.4 103.94
20.5 103.144
20.6 106.931
20.7 103.558
20.8 81.2724
20.9 32.327
21 -44.2089
21.1 -141.675
21.2 -247.248
21.3 -345.024
21.4 -419.766
21.5 -460.217
21.6 -461.157
21.7 -423.818
21.8 -354.779
21.9 -263.826
22 -161.439
22.1 -56.5506
22.2 44.8943
22.3 140.3
22.4 229.644
22.5 313.785
22.6 392.336
22.7 461.78
22.8 514.537
22.9 539.552
23 524.541
23.1 459.499
23.2 340.516
23.3 172.683
23.4 -29.0367
23.5 -241.563
23.6 -437.823
23.7 -592.231
23.8 -685.966
23.9 -710.565
24 -668.861
24.1 -573.187
24.2 -441.581
24.3 -293.281
24.4 -144.807
24.5 -7.52181
24.6 113.035
24.7 216.366
24.8 305.361
24.9 384.392
25 457.541
25.1 527.136
25.2 592.67
25.3 650.201
25.4 692.425
25.5 709.618
25.6 691.457
25.7 629.432
25.8 519.232
25.9 362.384
26 166.597
26.1 -55.3168
26.2 -287.541
26.3 -513.635
26.4 -718.42
26.5 -888.915
26.6 -1014.38
26.7 -1085.98
26.8 -1096.66
26.9 -1041.86
27 -920.892
27.1 -738.682
27.2 -506.921
27.3 -244.011
27.4 26.664
27.5 279.954
27.6 493.002
27.7 649.162
27.8 740.81
27.9 770.343
28 749.052
28.1 694.117
28.2 624.349
28.3 555.655
28.4 497.3
28.5 449.921
28.6 405.846
28.7 351.733
28.8 272.863
28.9 157.972
29 3.29229
29.1 -185.314
29.2 -392.647
29.3 -596.72
29.4 -772.76
29.5 -897.541
29.6 -953.034
29.7 -928.746
29.8 -822.616
29.9 -640.713
30 -396.146
30.1 -107.519
30.2 202.894
30.3 511.171
30.4 793.875
30.5 1030.07
30.6 1202.88
30.7 1300.38
30.8 1315.58
30.9 1246
31 1092.93
31.1 861.135
31.2 559.136
31.3 199.897
31.4 -198.506
31.5 -612.848
31.6 -1015.82
31.7 -1378.25
31.8 -1672.18
31.9 -1874.02
32 -1967.35
32.1 -1944.66
32.2 -1807.85
32.3 -1567.64
32.4 -1242
32.5 -853.763
32.6 -427.72
32.7 12.3889
32.8 446.6
32.9 860.443
33 1245.14
33.1 1596.03
33.2 1909.53
33.3 2179.56
33.4 2394.54
33.5 2536.27
33.6 2581.22
33.7 2504.14
33.8 2283.27
33.9 1905.72
34 1371.95
34.1 698.375
34.2 -82.1203
34.3 -921.712
34.4 -1760.89
34.5 -2533.21
34.6 -3171.37
34.7 -3614.32
34.8 -3814.91
34.9 -3746.86
35 -3409.64
35.1 -2829.99
35.2 -2058.97
35.3 -1165.2
35.4 -225.341
35.5 685.6
35.6 1502.03
35.7 2171.85
35.8 2656.65
35.9 2929.4
36 2971.65
36.1 2772.91
36.2 2333.61
36.3 1671.54
36.4 830.025
36.5 -115.428
36.6 -1055.74
36.7 -1855
36.8 -2366.53
36.9 -2457.12
37 -2035.67
37.1 -1080.61
37.2 340.387
37.3 2064.45
37.4 3845.21
37.5 5383.02
37.6 6370.39
37.7 6545.84
37.8 5746.27
37.9 3947.26
38 1281.86
38.1 -1967.75
38.2 -5406.09
38.3 -8582.32
38.4 -11059.9
38.5 -12485
38.6 -12640.4
38.7 -11476.3
38.8 -9111.81
38.9 -5809.99
39 -1933.25
39.1 2111.83
39.2 5928.82
39.3 9176.5
39.4 11599.3
39.5 13041.8
39.6 13449.2
39.7 12857.9
39.8 11379.2
39.9 9181.85
40 6472.76
40.1 3478.78
40.2 428.911
40.3 -2462.71
40.4 -5012.26
40.5 -7078.94
40.6 -8573.56
40.7 -9461.68
40.8 -9761.07
40.9 -9533.58
41 -8873.04
41.1 -7890.76
41.2 -6700.67
41.3 -5405.97
41.4 -4088.67
41.5 -2802.98
41.6 -1573.29
41.7 -396.722
41.8 749.795
41.9 1899.02
42 3080.84
42.1 4309.82
42.2 5575.16
42.3 6835.21
42.4 8018.02
42.5 9027.94
42.6 9757.48
42.7 10102.1
42.8 9975.67
42.9 9323.2
43 8130.2
43.1 6426.38
43.2 4284.38
43.3 1814.01
43.4 -846.963
43.5 -3544.08
43.6 -6118.38
43.7 -8418.29
43.8 -10310.3
43.9 -11687.6
44 -12476.6
44.1 -12640.2
44.2 -12179.5
44.3 -11133
44.4 -9573.9
44.5 -7605.31
44.6 -5353.96
44.7 -2961.11
44.8 -571.527
44.9 1678.67
45 3673.97
45.1 5329.17
45.2 6595
45.3 7458.67
45.4 7939.36
45.5 8079.89
45.6 7936.66
45.7 7569.98
45.8 7036.51
45.9 6384.64
46 5652.85
46.1 4870.2
46.2 4058.14
46.3 3232.81
46.4 2407.24
46.5 1592.94
46.6 800.881
46.7 41.4609
46.8 -676.304
46.9 -1346.13
47 -1965.64
47.1 -2536.7
47.2 -3064.14
47.3 -3552.99
47.4 -4004.72
47.5 -4413.66
47.6 -4764.95
47.7 -5034.89
47.8 -5193.86
47.9 -5211.17
48 -5060.59
48.1 -4725.37
48.2 -4201.86
48.3 -3501.47
48.4 -2651.01
48.5 -1691.66
48.6 -676.554
48.7 333.198
48.8 1274.16
48.9 2087.57
49 2726.74
49.1 3163.14
49.2 3389.76
49.3 3420.38
49.4 3285.11
49.5 3023.14
49.6 2674.99
49.7 2276.25
49.8 1854.22
49.9 1427.73
50 1009.41
50.1 608.874
50.2 235.787
50.3 -98.2202
50.4 -378.761
50.5 -588.883
50.6 -709.985
50.7 -723.428
50.8 -613.038
50.9 -368.53
51 10.4605
51.1 510.635
51.2 1102.77
51.3 1742.01
51.4 2371.19
51.5 2926.74
51.6 3346.1
51.7 3575.02
51.8 3573.65
51.9 3320.55
52 2814.57
52.1 2074.9
52.2 1139.64
52.3 62.8913
52.4 -1089.57
52.5 -2245.98
52.6 -3335.37
52.7 -4294.32
52.8 -5072.75
52.9 -5637.43
53 -5972.89
53.1 -6079.66
53.2 -5971.11
53.3 -5669.65
53.4 -5203.49
53.5 -4604.21
53.6 -3904.96
53.7 -3138.76
53.8 -2336.61
53.9 -1525.38
54 -725.964
54.1 47.6054
54.2 787.702
54.3 1491.31
54.4 2157.46
54.5 2784.74
54.6 3369.54
54.7 3905.56
54.8 4384.13
54.9 4795.07
55 5127.62
55.1 5370.91
55.2 5514.46
55.3 5548.55
55.4 5465.17
55.5 5259.17
55.6 4929.62
55.7 4480.76
55.8 3922.3
55.9 3268.9
56 2539
56.1 1753.52
56.2 934.661
56.3 104.909
56.4 -713.755
56.5 -1500.81
56.6 -2238.41
56.7 -2912.64
56.8 -3514.65
56.9 -4040.81
57 -4491.83
57.1 -4870.55
57.2 -5179.1
57.3 -5415.91
57.4 -5573.73
57.5 -5639.14
57.6 -5594.08
57.7 -5418.97
57.8 -5097.18
57.9 -4619.88
58 -3990.28
58.1 -3226.52
58.2 -2362.22
58.3 -1444.33
58.4 -528.139
58.5 330.038
58.6 1081.28
58.7 1692.01
58.8 2149.64
58.9 2464.43
59 2666.83
59.1 2800.72
59.2 2913.83
59.3 3047.67
59.4 3229.04
59.5 3465.26
59.6 3743.74
59.7 4035.84
59.8 4303.82
59.9 4508.95
60 4618.93
60.1 4613.09
60.2 4484.55
60.3 4239.22
60.4 3892.2
60.5 3462.87
60.6 2969.77
60.7 2426.52
60.8 1839.91
60.9 1210.32
61 534.604
61.1 -189.503
61.2 -958.545
61.3 -1759.52
61.4 -2568.26
61.5 -3350.73
61.6 -4067.02
61.7 -4677.33
61.8 -5148.2
61.9 -5457.64
62 -5597.84
62.1 -5574.91
62.2 -5406.12
62.3 -5115.67
62.4 -4730.07
62.5 -4274.53
62.6 -3770.59
62.7 -3235.31
62.8 -2681.25
62.9 -2117.03
63 -1547.77
63.1 -975.727
63.2 -401.047
63.3 176.888
63.4 757.618
63.5 1337.51
63.6 1908
63.7 2454.9
63.8 2959.06
63.9 3398.55
64 3751.83
64.1 4001.24
64.2 4136.06
64.3 4154.46
64.4 4064.16
64.5 3881.67
64.6 3630.34
64.7 3337.42
64.8 3030.43
64.9 2733.36
65 2463.01
65.1 2226.32
65.2 2019.29
65.3 1827.87
65.4 1630.86
65.5 1404.5
65.6 1127.52
65.7 785.908
65.8 376.022
65.9 -94.3644
66 -607.323
66.1 -1137.9
66.2 -1658.39
66.3 -2142.82
66.4 -2570.79
66.5 -2929.94
66.6 -3216.56
66.7 -3434.29
66.8 -3591.15
66.9 -3695.63
67 -3752.94
67.1 -3762.41
67.2 -3717.11
67.3 -3605.73
67.4 -3416.49
67.5 -3141.72
67.6 -2781.68
67.7 -2346.33
67.8 -1854.37
67.9 -1330.02
68 -798.379
68.1 -281.206
68.2 205.945
68.3 654.366
68.4 1060.94
68.5 1425.79
68.6 1750.02
68.7 2034.17
68.8 2277.98
68.9 2480.98
69 2643.43
69.1 2766.96
69.2 2854.51
69.3 2909.62
69.4 2935.25
69.5 2932.63
69.6 2900.41
69.7 2834.52
69.8 2728.72
69.9 2575.93
70 2370.15
70.1 2108.7
70.2 1794.14
70.3 1435.38
70.4 1047.28
70.5 648.499
70.6 258.041
70.7 -108.806
70.8 -443.729
70.9 -746.745
71 -1025
71.1 -1289.26
71.2 -1549.17
71.3 -1808.88
71.4 -2064.45
71.5 -2303.96
71.6 -2510.11
71.7 -2664.37
71.8 -2751.36
71.9 -2762.03
72 -2695.06
72.1 -2556.4
72.2 -2357.57
72.3 -2113.39
72.4 -1839.92
72.5 -1552.76
72.6 -1265.83
72.7 -990.239
72.8 -733.453
72.9 -498.698
73 -284.927
73.1 -87.5524
73.2 100.059
73.3 284.668
73.4 471.334
73.5 662.194
73.6 856.12
73.7 1049.14
73.8 1235.35
73.9 1407.81
74 1559.28
74.1 1682.55
74.2 1770.75
74.3 1817.8
74.4 1819.28
74.5 1773.49
74.6 1682.62
74.7 1553.37
74.8 1396.82
74.9 1227.36
75 1060.85
75.1 912.151
75.2 792.742
75.3 708.643
75.4 658.998
75.5 635.71
75.6 624.169
75.7 605.356
75.8 558.91
75.9 466.78
76 317.33
76.1 108.28
76.2 -151.876
76.3 -444.581
76.4 -744.473
76.5 -1023.78
76.6 -1257.73
76.7 -1429.42
76.8 -1532.57
76.9 -1571.89
77 -1561
77.1 -1518.21
77.2 -1461.82
77.3 -1405.94
77.4 -1357.93
77.5 -1317.79
77.6 -1279.88
77.7 -1235.75
77.8 -1177.14
77.9 -1098.5
78 -997.757
78.1 -875.941
78.2 -736.013
78.3 -581.108
78.4 -413.47
78.5 -234.228
78.6 -44.042
78.7 155.791
78.8 362.326
78.9 570.502
79 773.488
79.1 963.532
79.2 1133.09
79.3 1275.63
79.4 1386.25
79.5 1461.75
79.6 1500.42
79.7 1501.97
79.8 1467.54
79.9 1399.86
80 1303.4
80.1 1184.16
80.2 1049.18
80.3 905.682
80.4 760.137
80.5 617.615
80.6 481.396
80.7 353.096
80.8 233.117
80.9 121.121
81 16.4268
81.1 -81.8311
81.2 -174.654
81.3 -263.144
81.4 -348.364
81.5 -431.051
81.6 -511.31
81.7 -588.421
81.8 -660.815
81.9 -726.266
82 -782.282
82.1 -826.473
82.2 -856.854
82.3 -872.023
82.4 -871.27
82.5 -854.669
82.6 -823.209
82.7 -778.9
82.8 -724.752
82.9 -664.539
83 -602.256
83.1 -541.429
83.2 -484.409
83.3 -431.898
83.4 -382.853
83.5 -334.83
83.6 -284.695
83.7 -229.326
83.8 -166.317
83.9 -94.472
84 -13.904
84.1 74.0573
84.2 167.132
84.3 262.452
84.4 356.921
84.5 447.547
84.6 531.705
84.7 607.282
84.8 672.698
84.9 726.8
85 768.67
85.1 797.432
85.2 812.175
85.3 812.04
85.4 796.449
85.5 765.406
85.6 719.719
85.7 661.086
85.8 591.946
85.9 515.172
86 433.7
86.1 350.182
86.2 266.772
86.3 185.015
86.4 105.835
86.5 29.5759
86.6 -43.9203
86.7 -115.174
86.8 -184.849
86.9 -253.454
87 -321.008
87.1 -386.805
87.2 -449.35
87.3 -506.53
87.4 -555.99
87.5 -595.58
87.6 -623.741
87.7 -639.682
87.8 -643.333
87.9 -635.135
88 -615.811
88.1 -586.216
88.2 -547.338
88.3 -500.376
88.4 -446.861
88.5 -388.627
88.6 -327.637
88.7 -265.71
88.8 -204.246
88.9 -144.066
89 -85.4451
89.1 -28.2949
89.2 27.5456
89.3 82.0923
89.4 135.092
89.5 186.022
89.6 234.167
89.7 278.696
89.8 318.698
89.9 353.181
90 381.121
90.1 401.568
90.2 413.851
90.3 417.809
90.4 413.945
90.5 403.43
90.6 387.899
90.7 369.111
90.8 348.582
90.9 327.307
91 305.686
91.1 283.632
91.2 260.781
91.3 236.714
91.4 211.095
91.5 183.699
91.6 154.359
91.7 122.925
91.8 89.277
91.9 53.3934
92 15.4452
92.1 -24.1391
92.2 -64.6933
92.3 -105.418
92.4 -145.49
92.5 -184.136
92.6 -220.627
92.7 -254.22
92.8 -284.076
92.9 -309.264
93 -328.861
93.1 -342.119
93.2 -348.662
93.3 -348.583
93.4 -342.412
93.5 -330.945
93.6 -315.025
93.7 -295.345
93.8 -272.379
93.9 -246.427
94 -217.741
94.1 -186.659
94.2 -153.657
94.3 -119.329
94.4 -84.2958
94.5 -49.1256
94.6 -14.2962
94.7 19.7763
94.8 52.6953
94.9 84.0621
95 113.505
95.1 140.758
95.2 165.708
95.3 188.387
95.4 208.871
95.5 227.123
95.6 242.863
95.7 255.543
95.8 264.468
95.9 269.009
96 268.835
96.1 264.019
96.2 254.978
96.3 242.264
96.4 226.31
96.5 207.25
96.6 184.925
96.7 159.085
96.8 129.686
96.9 97.1834
97 62.6751
97.1 27.8457
97.2 -5.24797
97.3 -34.4925
97.4 -58.041
97.5 -74.5873
97.6 -83.5967
97.7 -85.5086
97.8 -81.8705
97.9 -75.3677
98 -69.6245
98.1 -68.7147
98.2 -76.4273
98.3 -95.3517
98.4 -126.107
98.5 -166.924
98.6 -213.766
98.7 -261.005
98.8 -302.454
98.9 -332.495
99 -346.99
99.1 -343.791
99.2 -322.801
99.3 -285.698
99.4 -235.485
99.5 -176.007
99.6 -111.514
99.7 -46.2531
99.8 15.9183
99.9 71.9158
100 119.731
100.1 158.575
100.2 188.761
100.3 211.36
100.4 227.715
100.5 238.976
100.6 245.826
100.7 248.477
100.8 246.873
100.9 240.984
101 231.036
101.1 217.562
101.2 201.289
101.3 182.941
101.4 163.056
101.5 141.905
101.6 119.505
101.7 95.6613
101.8 70.0185
101.9 42.0777
102 11.2791
102.1 -22.7697
102.2 -59.8944
102.3 -98.8483
102.4 0
102.5 0
102.6 0
102.7 0
102.8 0
102.9 0
103 0
103.1 0
103.2 0
103.3 0
103.4 0
103.5 0
103.6 0
103.7 0
103.8 0
103.9 0
104 0
104.1 0
104.2 0
104.3 0
104.4 0
104.5 0
104.6 0
104.7 0
104.8 0
104.9 0
105 0
105.1 0
105.2 0
105.3 0
105.4 0
105.5 0
105.6 0
105.7 0
105.8 0
105.9 0
106 0
106.1 0
106.2 0
106.3 0
106.4 0
106.5 0
106.6 0
106.7 0
106.8 0
106.9 0
107 0
107.1 0
107.2 0
107.3 0
107.4 0
107.5 0
107.6 0
107.7 0
107.8 0
107.9 0
108 0
108.1 0
108.2 0
108.3 0
108.4 0
108.5 0
108.6 0
108.7 0
108.8 0
108.9 0
109 0
109.1 0
109.2 0
109.3 0
109.4 0
109.5 0
109.6 0
109.7 0
109.8 0
109.9 0
110 0
110.1 0
110.2 0
110.3 0
110.4 0
110.5 0
110.6 0
110.7 0
110.8 0
110.9 0
111 0
111.1 0
111.2 0
111.3 0
111.4 0
111.5 0
111.6 0
111.7 0
111.8 0
111.9 0
112 0
112.1 0
112.2 0
112.3 0
112.4 0
112.5 0
112.6 0
112.7 0
112.8 0
112.9 0
113 0
113.1 0
113.2 0
113.3 0
113.4 0
113.5 0
113.6 0
113.7 0
113.8 0
113.9 0
114 0
114.1 0
114.2 0
114.3 0
114.4 0
114.5 0
114.6 0
114.7 0
114.8 0
114.9 0
115 0
115.1 0
115.2 0
115.3 0
115.4 0
115.5 0
115.6 0
115.7 0
115.8 0
115.9 0
116 0
116.1 0
116.2 0
116.3 0
116.4 0
116.5 0
116.6 0
116.7 0
116.8 0
116.9 0
117 0
117.1 0
117.2 0
117.3 0
117.4 0
117.5 0
117.6 0
117.7 0
117.8 0
117.9 0
118 0
118.1 0
118.2 0
118.3 0
118.4 0
118.5 0
118.6 0
118.7 0
118.8 0
118.9 0
119 0
119.1 0
119.2 0
119.3 0
119.4 0
119.5 0
119.6 0
119.7 0
119.8 0
119.9 0
120 0
120.1 0
120.2 0
120.3 0
120.4 0
120.5 0
120.6 0
120.7 0
120.8 0
120.9 0
121 0
121.1 0
121.2 0
121.3 0
121.4 0
121.5 0
121.6 0
121.7 0
121.8 0
121.9 0
122 0
122.1 0
122.2 0
122.3 0
122.4 0
122.5 0
122.6 0
122.7 0
122.8 0
122.9 0
123 0
123.1 0
123.2 0
123.3 0
123.4 0
123.5 0
123.6 0
123.7 0
123.8 0
123.9 0
124 0
124.1 0
124.2 0
124.3 0
124.4 0
124.5 0
124.6 0
124.7 0
124.8 0
124.9 0
125 0
125.1 0
125.2 0
125.3 0
125.4 0
125.5 0
125.6 0
125.7 0
125.8 0
125.9 0
126 0
126.1 0
126.2 0
126.3 0
126.4 0
126.5 0
126.6 0
126.7 0
126.8 0
126.9 0
127 0
127.1 0
127.2 0
127.3 0
127.4 0
127.5 0
127.6 0
127.7 0
127.8 0
127.9 0
128 0
128.1 0
128.2 0
128.3 0
128.4 0
128.5 0
128.6 0
128.7 0
128.8 0
128.9 0
129 0
129.1 0
129.2 0
129.3 0
129.4 0
129.5 0
129.6 0
129.7 0
129.8 0
129.9 0
130 0
130.1 0
130.2 0
130.3 0
130.4 0
130.5 0
130.6 0
130.7 0
130.8 0
130.9 0
131 0
131.1 0
131.2 0
131.3 0
131.4 0
131.5 0
131.6 0
131.7 0
131.8 0
131.9 0
132 0
132.1 0
132.2 0
132.3 0
132.4 0
132.5 0
132.6 0
132.7 0
132.8 0
132.9 0
133 0
133.1 0
133.2 0
133.3 0
133.4 0
133.5 0
133.6 0
133.7 0
133.8 0
133.9 0
134 0
134.1 0
134.2 0
134.3 0
134.4 0
134.5 0
134.6 0
134.7 0
134.8 0
134.9 0
135 0
135.1 0
135.2 0
135.3 0
135.4 0
135.5 0
135.6 0
135.7 0
135.8 0
135.9 0
136 0
136.1 0
136.2 0
136.3 0
136.4 0
136.5 0
136.6 0
136.7 0
136.8 0
136.9 0
137 0
137.1 0
137.2 0
137.3 0
137.4 0
137.5 0
137.6 0
137.7 0
137.8 0
137.9 0
138 0
138.1 0
138.2 0
138.3 0
138.4 0
138.5 0
138.6 0
138.7 0
138.8 0
138.9 0
139 0
139.1 0
139.2 0
139.3 0
139.4 0
139.5 0
139.6 0
139.7 0
139.8 0
139.9 0
140 0
140.1 0
140.2 0
140.3 0
140.4 0
140.5 0
140.6 0
140.7 0
140.8 0
140.9 0
141 0
141.1 0
141.2 0
141.3 0
141.4 0
141.5 0
141.6 0
141.7 0
141.8 0
141.9 0
142 0
142.1 0
142.2 0
142.3 0
142.4 0
142.5 0
142.6 0
142.7 0
142.8 0
142.9 0
143 0
143.1 0
143.2 0
143.3 0
143.4 0
143.5 0
143.6 0
143.7 0
143.8 0
143.9 0
144 0
144.1 0
144.2 0
144.3 0
144.4 0
144.5 0
144.6 0
144.7 0
144.8 0
144.9 0
145 0
145.1 0
145.2 0
145.3 0
145.4 0
145.5 0
145.6 0
145.7 0
145.8 0
145.9 0
146 0
146.1 0
146.2 0
146.3 0
146.4 0
146.5 0
146.6 0
146.7 0
146.8 0
146.9 0
147 0
147.1 0
147.2 0
147.3 0
147.4 0
147.5 0
147.6 0
147.7 0
147.8 0
147.9 0
148 0
148.1 0
148.2 0
148.3 0
148.4 0
148.5 0
148.6 0
148.7 0
148.8 0
148.9 0
149 0
149.1 0
149.2 0
149.3 0
149.4 0
149.5 0
149.6 0
149.7 0
149.8 0
149.9 0
150 0
150.1 0
150.2 0
150.3 0
150.4 0
150.5 0
150.6 0
150.7 0
150.8 0
150.9 0
151 0
151.1 0
151.2 0
151.3 0
151.4 0
151.5 0
151.6 0
151.7 0
151.8 0
151.9 0
152 0
152.1 0
152.2 0
152.3 0
152.4 0
152.5 0
152.6 0
152.7 0
152.8 0
152.9 0
153 0
153.1 0
153.2 0
153.3 0
153.4 0
153.5 0
153.6 0
153.7 0
153.8 0
153.9 0
154 0
154.1 0
154.2 0
154.3 0
154.4 0
154.5 0
154.6 0
154.7 0
154.8 0
154.9 0
155 0
155.1 0
155.2 0
155.3 0
155.4 0
155.5 0
155.6 0
155.7 0
155.8 0
155.9 0
156 0
156.1 0
156.2 0
156.3 0
156.4 0
156.5 0
156.6 0
156.7 0
156.8 0
156.9 0
157 0
157.1 0
157.2 0
157.3 0
157.4 0
157.5 0
157.6 0
157.7 0
157.8 0
157.9 0
158 0
158.1 0
158.2 0
158.3 0
158.4 0
158.5 0
158.6 0
158.7 0
158.8 0
158.9 0
159 0
159.1 0
159.2 0
159.3 0
159.4 0
159.5 0
159.6 0
159.7 0
159.8 0
159.9 0
160 0
160.1 0
160.2 0
160.3 0
160.4 0
160.5 0
160.6 0
160.7 0
160.8 0
160.9 0
161 0
161.1 0
161.2 0
161.3 0
161.4 0
161.5 0
161.6 0
161.7 0
161.8 0
161.9 0
162 0
162.1 0
162.2 0
162.3 0
162.4 0
162.5 0
162.6 0
162.7 0
162.8 0
162.9 0
163 0
163.1 0
163.2 0
163.3 0
163.4 0
163.5 0
163.6 0
163.7 0
163.8 0
163.9 0
164 0
164.1 0
164.2 0
164.3 0
164.4 0
164.5 0
164.6 0
164.7 0
164.8 0
164.9 0
165 0
165.1 0
165.2 0
165.3 0
165.4 0
165.5 0
165.6 0
165.7 0
165.8 0
165.9 0
166 0
166.1 0
166.2 0
166.3 0
166.4 0
166.5 0
166.6 0
166.7 0
166.8 0
166.9 0
167 0
167.1 0
167.2 0
167.3 0
167.4 0
167.5 0
167.6 0
167.7 0
167.8 0
167.9 0
168 0
168.1 0
168.2 0
168.3 0
168.4 0
168.5 0
168.6 0
168.7 0
168.8 0
168.9 0
169 0
169.1 0
169.2 0
169.3 0
169.4 0
169.5 0
169.6 0
169.7 0
169.8 0
169.9 0
170 0
170.1 0
170.2 0
170.3 0
170.4 0
170.5 0
170.6 0
170.7 0
170.8 0
170.9 0
171 0
171.1 0
171.2 0
171.3 0
171.4 0
171.5 0
171.6 0
171.7 0
171.8 0
171.9 0
172 0
172.1 0
172.2 0
172.3 0
172.4 0
172.5 0
172.6 0
172.7 0
172.8 0
172.9 0
173 0
173.1 0
173.2 0
173.3 0
173.4 0
173.5 0
173.6 0
173.7 0
173.8 0
173.9 0
174 0
174.1 0
174.2 0
174.3 0
174.4 0
174.5 0
174.6 0
174.7 0
174.8 0
174.9 0
175 0
175.1 0
175.2 0
175.3 0
175.4 0
175.5 0
175.6 0
175.7 0
175.8 0
175.9 0
176 0
176.1 0
176.2 0
176.3 0
176.4 0
176.5 0
176.6 0
176.7 0
176.8 0
176.9 0
177 0
177.1 0
177.2 0
177.3 0
177.4 0
177.5 0
177.6 0
177.7 0
177.8 0
177.9 0
178 0
178.1 0
178.2 0
178.3 0
178.4 0
178.5 0
178.6 0
178.7 0
178.8 0
178.9 0
179 0
179.1 0
179.2 0
179.3 0
179.4 0
179.5 0
179.6 0
179.7 0
179.8 0
179.9 0
180 0
180.1 0
180.2 0
180.3 0
180.4 0
180.5 0
180.6 0
180.7 0
180.8 0
180.9 0
181 0
181.1 0
181.2 0
181.3 0
181.4 0
181.5 0
181.6 0
181.7 0
181.8 0
181.9 0
182 0
182.1 0
182.2 0
182.3 0
182.4 0
182.5 0
182.6 0
182.7 0
182.8 0
182.9 0
183 0
183.1 0
183.2 0
183.3 0
183.4 0
183.5 0
183.6 0
183.7 0
183.8 0
183.9 0
184 0
184.1 0
184.2 0
184.3 0
184.4 0
184.5 0
184.6 0
184.7 0
184.8 0
184.9 0
185 0
185.1 0
185.2 0
185.3 0
185.4 0
185.5 0
185.6 0
185.7 0
185.8 0
185.9 0
186 0
186.1 0
186.2 0
186.3 0
186.4 0
186.5 0
186.6 0
186.7 0
186.8 0
186.9 0
187 0
187.1 0
187.2 0
187.3 0
187.4 0
187.5 0
187.6 0
187.7 0
187.8 0
187.9 0
188 0
188.1 0
188.2 0
188.3 0
188.4 0
188.5 0
188.6 0
188.7 0
188.8 0
188.9 0
189 0
189.1 0
189.2 0
189.3 0
189.4 0
189.5 0
189.6 0
189.7 0
189.8 0
189.9 0
190 0
190.1 0
190.2 0
190.3 0
190.4 0
190.5 0
190.6 0
190.7 0
190.8 0
190.9 0
191 0
191.1 0
191.2 0
191.3 0
191.4 0
191.5 0
191.6 0
191.7 0
191.8 0
191.9 0
192 0
192.1 0
192.2 0
192.3 0
192.4 0
192.5 0
192.6 0
192.7 0
192.8 0
192.9 0
193 0
193.1 0
193.2 0
193.3 0
193.4 0
193.5 0
193.6 0
193.7 0
193.8 0
193.9 0
194 0
194.1 0
194.2 0
194.3 0
194.4 0
194.5 0
194.6 0
194.7 0
194.8 0
194.9 0
195 0
195.1 0
195.2 0
195.3 0
195.4 0
195.5 0
195.6 0
195.7 0
195.8 0
195.9 0
196 0
196.1 0
196.2 0
196.3 0
196.4 0
196.5 0
196.6 0
196.7 0
196.8 0
196.9 0
197 0
197.1 0
197.2 0
197.3 0
197.4 0
197.5 0
197.6 0
197.7 0
197.8 0
197.9 0
198 0
198.1 0
198.2 0
198.3 0
198.4 0
198.5 0
198.6 0
198.7 0
198.8 0
198.9 0
199 0
199.1 0
199.2 0
199.3 0
199.4 0
199.5 0
199.6 0
199.7 0
199.8 0
199.9 0
200 0
200.1 0
200.2 0
200.3 0
200.4 0
200.5 0
200.6 0
200.7 0
200.8 0
200.9 0
201 0
201.1 0
201.2 0
201.3 0
201.4 0
201.5 0
201.6 0
201.7 0
201.8 0
201.9 0
202 0
202.1 0
202.2 0
202.3 0
202.4 0
202.5 0
202.6 0
202.7 0
202.8 0
202.9 0
203 0
203.1 0
203.2 0
203.3 0
203.4 0
203.5 0
203.6 0
203.7 0
203.8 0
203.9 0
204 0
204.1 0
204.2 0
204.3 0
204.4 0
204.5 0
204.6 0
204.7 0
