0 -44.3838
0.1 -22.6455
0.2 -2.64344
0.3 12.0443
0.4 18.2849
0.5 13.774
0.6 -2.59787
0.7 -30.4406
0.8 -67.7028
0.9 -110.751
1 -154.757
1.1 -194.379
1.2 -224.645
1.3 -241.81
1.4 -243.98
1.5 -231.301
1.6 -205.691
1.7 -170.226
1.8 -128.4
1.9 -83.5282
2 -38.4438
2.1 4.50018
2.2 43.259
2.3 75.9376
2.4 100.802
2.5 116.518
2.6 122.491
2.7 119.155
2.8 108.054
2.9 91.6675
3 73.0446
3.1 55.376
3.2 41.6285
3.3 34.2763
3.4 35.0979
3.5 44.9569
3.6 63.5575
3.7 89.2426
3.8 118.992
3.9 148.76
4 174.174
4.1 191.45
4.2 198.203
4.3 193.86
4.4 179.458
4.5 156.909
4.6 128.014
4.7 93.64
4.8 53.4491
4.9 6.2798
5 -48.9404
5.1 -112.114
5.2 -181.117
5.3 -251.473
5.4 -316.619
5.5 -368.675
5.6 -399.532
5.7 -402.047
5.8 -371.292
5.9 -305.714
6 -208.112
6.1 -86.1602
6.2 47.8128
6.3 178.061
6.4 287.679
6.5 361.561
6.6 389.381
6.7 367.817
6.8 301.331
6.9 201.246
7 83.3657
7.1 -35.2031
7.2 -139.151
7.3 -217.263
7.4 -263.514
7.5 -276.98
7.6 -260.897
7.7 -221.307
7.8 -165.657
7.9 -101.575
8 -35.8717
8.1 26.1917
8.2 81.3311
8.3 128.274
8.4 167.326
8.5 199.525
8.6 225.609
8.7 245.125
8.8 256.047
8.9 255.09
9 238.669
9.1 204.21
9.2 151.369
9.3 82.7534
9.4 3.92952
9.5 -77.285
9.6 -152.019
9.7 -211.738
9.8 -249.546
9.9 -261.202
10 -245.741
10.1 -205.663
10.2 -146.637
10.3 -76.7309
10.4 -5.20917
10.5 58.9209
10.6 108.341
10.7 138.483
10.8 147.941
10.9 138.146
11 112.424
11.1 74.8038
11.2 28.9879
11.3 -22.1623
11.4 -76.5067
11.5 -132.022
11.6 -186.043
11.7 -234.753
11.8 -273.201
11.9 -295.911
12 -297.923
12.1 -275.946
12.2 -229.261
12.3 -160.134
12.4 -73.6417
12.5 23.0239
12.6 121.565
12.7 213.687
12.8 292.109
12.9 351.355
13 388.249
13.1 402.131
13.2 394.755
13.3 369.923
13.4 332.854
13.5 289.365
13.6 244.961
13.7 203.977
13.8 168.924
13.9 140.159
14 115.918
14.1 92.6844
14.2 65.79
14.3 30.1158
14.4 -19.1814
14.5 -85.9534
14.6 -172.331
14.7 -277.964
14.8 -399.283
14.9 -528.965
15 -655.852
15.1 -765.62
15.2 -842.318
15.3 -870.704
15.4 -838.973
15.5 -741.287
15.6 -579.469
15.7 -363.378
15.8 -109.839
15.9 159.643
16 421.855
16.1 654.892
16.2 840.678
16.3 966.673
16.4 1026.67
16.5 1020.79
16.6 954.79
16.7 838.84
16.8 685.899
16.9 509.85
17 323.677
17.1 138.086
17.2 -39.1068
17.3 -202.636
17.4 -348.652
17.5 -473.292
17.6 -571.62
17.7 -637.522
17.8 -664.787
17.9 -649.066
18 -589.987
18.1 -492.534
18.2 -366.988
18.3 -227.279
18.4 -88.181
18.5 37.7702
18.6 142.628
18.7 223.958
18.8 284.139
18.9 328.399
19 362.337
19.1 389.699
19.2 410.978
19.3 423.072
19.4 419.874
19.5 393.527
19.6 336.029
19.7 240.939
19.8 105.005
19.9 -70.4903
20 -278.869
20.1 -507.926
20.2 -740.656
20.3 -956.787
20.4 -1134.85
20.5 -1254.38
20.6 -1297.79
20.7 -1251.83
20.8 -1108.48
20.9 -865.769
21 -528.531
21.1 -109.393
21.2 370.412
21.3 880.844
21.4 1384.1
21.5 1837.24
21.6 2196.33
21.7 2421.49
21.8 2482.08
21.9 2360.86
22 2056.65
22.1 1585.12
22.2 977.775
22.3 279.735
22.4 -453.549
22.5 -1160.24
22.6 -1776.77
22.7 -2243.05
22.8 -2508.4
22.9 -2537.55
23 -2316.43
23.1 -1856.72
23.2 -1198.51
23.3 -410.225
23.4 414.871
23.5 1165.92
23.6 1725.72
23.7 1985.46
23.8 1862.04
23.9 1315.72
24 365.396
24.1 -902.182
24.2 -2332.48
24.3 -3715.01
24.4 -4807.33
24.5 -5369.29
24.6 -5202.99
24.7 -4191.98
24.8 -2332.6
24.9 249.464
25 3301.88
25.1 6469.39
25.2 9336.51
25.3 11483.7
25.4 12548.8
25.5 12283.7
25.6 10596.8
25.7 7574.29
25.8 3475.36
25.9 -1297.79
26 -6250.11
26.1 -10856.2
26.2 -14624.8
26.3 -17156.3
26.4 -18184
26.5 -17597.7
26.6 -15446.3
26.7 -11923.8
26.8 -7342.46
26.9 -2097.15
27 3372.92
27.1 8623.32
27.2 13240.7
27.3 16874.6
27.4 19262.3
27.5 20246.2
27.6 19781.4
27.7 17933.9
27.8 14869.9
27.9 10838.2
28 6146.83
28.1 1137.18
28.2 -3842.15
28.3 -8461.04
28.4 -12430.7
28.5 -15523.1
28.6 -17584.4
28.7 -18543.1
28.8 -18409.1
28.9 -17266.8
29 -15261
29.1 -12578.1
29.2 -9426.21
29.3 -6016.78
29.4 -2548.56
29.5 803.48
29.6 3895.02
29.7 6615.59
29.8 8888.95
29.9 10671.4
30 11948.6
30.1 12730.8
30.2 13047
30.3 12939
30.4 12454.2
30.5 11640.9
30.6 10543.3
30.7 9199.7
30.8 7641.8
30.9 5896.12
31 3986.62
31.1 1938.49
31.2 -217.239
31.3 -2438.89
31.4 -4669.95
31.5 -6836.67
31.6 -8848.7
31.7 -10603.7
31.8 -11995.8
31.9 -12927.3
32 -13321.7
32.1 -13134.8
32.2 -12362.8
32.3 -11044.6
32.4 -9258.56
32.5 -7114.11
32.6 -4740.07
32.7 -2272.04
32.8 159.373
32.9 2437.95
33 4468.13
33.1 6178.28
33.2 7521.32
33.3 8473.3
33.4 9030.87
33.5 9208.06
33.6 9032.93
33.7 8544.6
33.8 7790.73
33.9 6825.45
34 5707.58
34.1 4498.67
34.2 3260.47
34.3 2051.89
34.4 925.313
34.5 -76.9394
34.6 -925.361
34.7 -1604.56
34.8 -2112.74
34.9 -2459.39
35 -2661.96
35.1 -2742.14
35.2 -2722.69
35.3 -2625.31
35.4 -2469.74
35.5 -2273.77
35.6 -2053.73
35.7 -1825.14
35.8 -1603.23
35.9 -1403.18
36 -1240.14
36.1 -1128.85
36.2 -1082.88
36.3 -1112.99
36.4 -1224.98
36.5 -1417
36.6 -1677.18
36.7 -1982.38
36.8 -2298.86
36.9 -2585.23
37 -2797.33
37.1 -2894.29
37.2 -2844.36
37.3 -2629.27
37.4 -2246.48
37.5 -1708.92
37.6 -1042.68
37.7 -283.525
37.8 527.283
37.9 1346.92
38 2134.64
38.1 2854.79
38.2 3479.11
38.3 3988.27
38.4 4372.09
38.5 4628.8
38.6 4763
38.7 4783.21
38.8 4699.28
38.9 4520.59
39 4255.21
39.1 3910.15
39.2 3492.15
39.3 3008.65
39.4 2468.35
39.5 1881.17
39.6 1257.89
39.7 609.536
39.8 -52.8267
39.9 -718.146
40 -1375.1
40.1 -2011.87
40.2 -2616.14
40.3 -3175.43
40.4 -3677.56
40.5 -4111.16
40.6 -4465.9
40.7 -4732.58
40.8 -4903.18
40.9 -4970.98
41 -4931.23
41.1 -4781.94
41.2 -4524.86
41.3 -4166.21
41.4 -3716.77
41.5 -3191.39
41.6 -2607.86
41.7 -1985.47
41.8 -1343.5
41.9 -699.94
42 -70.457
42.1 532.241
42.2 1098.73
42.3 1622.85
42.4 2101.39
42.5 2533.43
42.6 2919.7
42.7 3261.73
42.8 3561.38
42.9 3820.42
43 4040.3
43.1 4221.86
43.2 4364.79
43.3 4466.95
43.4 4523.72
43.5 4527.63
43.6 4468.82
43.7 4336.29
43.8 4119.79
43.9 3811.88
44 3409.55
44.1 2914.86
44.2 2334.55
44.3 1678.84
44.4 959.959
44.5 191.014
44.6 -614.529
44.7 -1442.61
44.8 -2277.9
44.9 -3103.14
45 -3898.74
45.1 -4643
45.2 -5312.68
45.3 -5884
45.4 -6333.74
45.5 -6640.47
45.6 -6785.85
45.7 -6756
45.8 -6543.01
45.9 -6146.34
46 -5573.88
46.1 -4842.48
46.2 -3977.62
46.3 -3012.31
46.4 -1985.12
46.5 -937.404
46.6 89.7899
46.7 1059.16
46.8 1940.25
46.9 2711.92
47 3363.6
47.1 3895.08
47.2 4314.8
47.3 4637
47.4 4878.18
47.5 5053.91
47.6 5176.25
47.7 5252.47
47.8 5284.7
47.9 5270.44
48 5203.52
48.1 5075.07
48.2 4874.6
48.3 4591.25
48.4 4215.22
48.5 3739.48
48.6 3161.54
48.7 2484.85
48.8 1719.64
48.9 882.895
49 -2.55137
49.1 -909.475
49.2 -1808.13
49.3 -2668.2
49.4 -3460.76
49.5 -4160.13
49.6 -4745.51
49.7 -5202.31
49.8 -5522.86
49.9 -5706.33
50 -5757.81
50.1 -5686.78
50.2 -5505.35
50.3 -5226.64
50.4 -4863.69
50.5 -4428.88
50.6 -3933.77
50.7 -3388.95
50.8 -2803.97
50.9 -2187.16
51 -1545.77
51.1 -886.584
51.2 -217.081
51.3 453.112
51.4 1111.11
51.5 1740.56
51.6 2322.82
51.7 2839.26
51.8 3274.29
51.9 3618.04
52 3867.88
52.1 4028.34
52.2 4109.42
52.3 4123.87
52.4 4084.46
52.5 4001.64
52.6 3882.44
52.7 3730.31
52.8 3545.91
52.9 3328.14
53 3075.32
53.1 2786.06
53.2 2459.84
53.3 2097.23
53.4 1699.89
53.5 1270.33
53.6 811.684
53.7 327.664
53.8 -177.221
53.9 -697.002
54 -1223.37
54.1 -1744.87
54.2 -2246.68
54.3 -2711.25
54.4 -3119.94
54.5 -3455.51
54.6 -3704.59
54.7 -3859.78
54.8 -3920.54
54.9 -3892.82
55 -3787.46
55.1 -3618.02
55.2 -3398.51
55.3 -3141.59
55.4 -2857.49
55.5 -2553.69
55.6 -2235.15
55.7 -1904.87
55.8 -1564.47
55.9 -1214.77
56 -856.146
56.1 -488.726
56.2 -112.38
56.3 273.263
56.4 668.658
56.5 1073.84
56.6 1487.46
56.7 1905.55
56.8 2320.23
56.9 2718.99
57 3084.9
57.1 3398.06
57.2 3638.12
57.3 3787.31
57.4 3833.35
57.5 3771.36
57.6 3604.47
57.7 3343.08
57.8 3002.98
57.9 2603.16
58 2163.43
58.1 1702.72
58.2 1237.69
58.3 782.112
58.4 346.573
58.5 -61.3754
58.6 -436.761
58.7 -776.545
58.8 -1078.96
58.9 -1343.01
59 -1568.39
59.1 -1755.72
59.2 -1906.98
59.3 -2025.77
59.4 -2117.06
59.5 -2186.31
59.6 -2238.08
59.7 -2274.71
59.8 -2295.46
59.9 -2296.68
60 -2272.87
60.1 -2218.41
60.2 -2129.18
60.3 -2003.63
60.4 -1842.9
60.5 -1650.18
60.6 -1429.61
60.7 -1185.45
60.8 -921.72
60.9 -642.451
61 -352.272
61.1 -56.9367
61.2 236.54
61.3 520.221
61.4 785.931
61.5 1026.03
61.6 1234.04
61.7 1405.08
61.8 1536.14
61.9 1626.37
62 1677.26
62.1 1692.8
62.2 1679.15
62.3 1643.91
62.4 1594.9
62.5 1538.7
62.6 1479.64
62.7 1419.3
62.8 1356.95
62.9 1290.66
63 1218.56
63.1 1139.83
63.2 1055.03
63.3 965.751
63.4 873.687
63.5 779.685
63.6 682.964
63.7 580.731
63.8 468.182
63.9 338.825
64 185.119
64.1 -0.480773
64.2 -223.981
64.3 -487.862
64.4 -788.987
64.5 -1117.05
64.6 -1454.26
64.7 -1776.79
64.8 -2057.99
64.9 -2272.63
65 -2401.29
65.1 -2433.49
65.2 -2368.88
65.3 -2216.22
65.4 -1990.85
65.5 -1711.42
65.6 -1397.06
65.7 -1065.61
65.8 -732.907
65.9 -412.805
66 -117.388
66.1 143.175
66.2 361.171
66.3 532.091
66.4 655.196
66.5 733.614
66.6 773.873
66.7 785.034
66.8 777.644
66.9 762.686
67 750.528
67.1 749.786
67.2 766.096
67.3 800.949
67.4 850.999
67.5 908.312
67.6 961.824
67.7 999.88
67.8 1013.24
67.9 997.664
68 955.106
68.1 893.163
68.2 822.776
68.3 754.978
68.4 697.693
68.5 653.529
68.6 619.123
68.7 586.036
68.8 542.784
68.9 477.372
69 379.767
69.1 243.97
69.2 69.4975
69.3 -137.793
69.4 -365.69
69.5 -596.591
69.6 -809.565
69.7 -983.422
69.8 -1100.34
69.9 -1149.32
70 -1128.58
70.1 -1046.27
70.2 -919.254
70.3 -770.145
70.4 -623.424
70.5 -501.402
70.6 -420.862
70.7 -390.835
70.8 -411.714
70.9 -475.609
71 -567.789
71.1 -668.975
71.2 -758.259
71.3 -816.287
71.4 -828.244
71.5 -786.085
71.6 -689.51
71.7 -545.48
71.8 -366.4
71.9 -167.538
72 35.6248
72.1 229.451
72.2 403.283
72.3 549.735
72.4 664.529
72.5 746.286
72.6 796.541
72.7 819.874
72.8 823.817
72.9 818.139
73 813.349
73.1 818.594
73.2 839.532
73.3 876.816
73.4 925.719
73.5 977.007
73.6 1018.76
73.7 1038.57
73.8 1025.49
73.9 971.419
74 871.894
74.1 726.429
74.2 538.715
74.3 316.707
74.4 72.4668
74.5 -178.559
74.6 -419.054
74.7 -632.096
74.8 -803.756
74.9 -925.362
75 -994.73
75.1 -1015.99
75.2 -998.011
75.3 -952.064
75.4 -889.33
75.5 -819.11
75.6 -748.029
75.7 -680.194
75.8 -617.894
75.9 -562.31
76 -513.861
76.1 -472.127
76.2 -435.56
76.3 -401.379
76.4 -365.913
76.5 -325.428
76.6 -277.191
76.7 -220.335
76.8 -156.131
76.9 -87.5244
77 -18.0628
77.1 49.3598
77.2 113.462
77.3 174.863
77.4 235.591
77.5 298.013
77.6 363.573
77.7 431.789
77.8 499.827
77.9 562.768
78 614.478
78.1 648.829
78.2 660.985
78.3 648.502
78.4 612.045
78.5 555.593
78.6 486.071
78.7 412.376
78.8 343.888
78.9 288.64
79 251.517
79.1 232.903
79.2 228.228
79.3 228.681
79.4 223.097
79.5 200.673
79.6 153.861
79.7 80.6932
79.8 -14.1469
79.9 -119.875
80 -221.723
80.1 -304.133
80.2 -354.27
80.3 -364.997
80.4 -336.621
80.5 -277.056
80.6 -200.426
80.7 -124.497
80.8 -67.5178
80.9 -45.1147
81 -67.7648
81.1 -139.199
81.2 -255.855
81.3 -407.337
81.4 -577.713
81.5 -747.422
81.6 -895.544
81.7 -1002.2
81.8 -1050.79
81.9 -1029.92
82 -934.737
82.1 -767.543
82.2 -537.689
82.3 -260.723
82.4 43.0348
82.5 350.367
82.6 637.287
82.7 881.274
82.8 1063.48
82.9 1170.71
83 1197.05
83.1 1144.75
83.2 1024.22
83.3 852.823
83.4 652.568
83.5 446.896
83.6 257.172
83.7 99.5386
83.8 -17.1986
83.9 -92.1771
84 -131.504
84.1 -146.003
84.2 -148.294
84.3 -149.925
84.4 -159.176
84.5 -179.933
84.6 -211.668
84.7 -250.297
84.8 -289.561
84.9 -322.477
85 -342.551
85.1 -344.611
85.2 -325.241
85.3 -282.899
85.4 -217.921
85.5 -132.51
85.6 -30.8357
85.7 80.9218
85.8 194.691
85.9 300.76
86 388.57
86.1 447.85
86.2 469.995
86.3 449.517
86.4 384.973
86.5 279.513
86.6 140.758
86.7 -20.016
86.8 -189.086
86.9 -351.737
87 -493.792
87.1 -602.975
87.2 -670.086
87.3 -689.894
87.4 -661.702
87.5 -589.305
87.6 -480.442
87.7 -345.711
87.8 -197.079
87.9 -46.4519
88 95.6511
88.1 220.971
88.2 323.728
88.3 400.482
88.4 449.767
88.5 471.741
88.6 467.954
88.7 441.245
88.8 395.659
88.9 336.18
89 268.296
89.1 197.357
89.2 128.013
89.3 63.6846
89.4 6.44462
89.5 -42.8697
89.6 -84.3265
89.7 -118.532
89.8 -146.324
89.9 -168.538
90 -185.875
90.1 -198.735
90.2 -207.041
90.3 -210.096
90.4 -206.574
90.5 -194.705
90.6 -172.719
90.7 -139.421
90.8 -94.714
90.9 -39.9221
91 22.2602
91.1 88.1175
91.2 153.453
91.3 214.152
91.4 266.569
91.5 307.73
91.6 335.362
91.7 347.858
91.8 344.261
91.9 324.33
92 288.633
92.1 238.6
92.2 176.469
92.3 105.129
92.4 27.8959
92.5 -51.7057
92.6 -130.095
92.7 -203.74
92.8 -269.231
92.9 -323.429
93 -363.72
93.1 -388.31
93.2 -396.505
93.3 -388.883
93.4 -367.23
93.5 -334.279
93.6 -293.319
93.7 -247.706
93.8 -200.431
93.9 -153.831
94 -109.435
94.1 -67.9579
94.2 -29.3947
94.3 6.78175
94.4 41.3641
94.5 75.1016
94.6 108.401
94.7 141.094
94.8 172.334
94.9 200.683
95 224.349
95.1 241.551
95.2 250.889
95.3 251.623
95.4 243.81
95.5 228.271
95.6 206.418
95.7 180.042
95.8 151.079
95.9 121.449
96 92.9389
96.1 67.1248
96.2 45.3363
96.3 28.6066
96.4 17.6105
96.5 12.5933
96.6 13.2933
96.7 18.8703
96.8 27.858
96.9 38.2195
97 47.4809
97.1 52.9878
97.2 52.2686
97.3 43.4342
97.4 25.5664
97.5 -1.04818
97.6 -34.8963
97.7 -73.4223
97.8 -113.408
97.9 -151.462
98 -184.489
98.1 -210.077
98.2 -226.747
98.3 -233.999
98.4 -232.234
98.5 -222.599
98.6 -206.746
98.7 -186.589
98.8 -164.073
98.9 -140.948
99 -118.623
99.1 -98.0598
99.2 -79.7311
99.3 -63.6321
99.4 -49.3448
99.5 -36.1263
99.6 -23.0165
99.7 -8.95291
99.8 7.10539
99.9 26.0363
100 48.4067
100.1 74.3379
100.2 103.388
100.3 134.521
100.4 166.122
100.5 196.124
100.6 222.2
100.7 242.012
100.8 253.491
100.9 255.095
101 246.024
101.1 226.344
101.2 197.029
101.3 159.892
101.4 117.44
101.5 72.6541
101.6 28.7378
101.7 -11.1666
101.8 -44.2639
101.9 -68.3794
102 -82.1912
102.1 -85.3993
102.2 -78.7949
102.3 -64.2159
102.4 0
102.5 0
102.6 0
102.7 0
102.8 0
102.9 0
103 0
103.1 0
103.2 0
103.3 0
103.4 0
103.5 0
103.6 0
103.7 0
103.8 0
103.9 0
104 0
104.1 0
104.2 0
104.3 0
104.4 0
104.5 0
104.6 0
104.7 0
104.8 0
104.9 0
105 0
105.1 0
105.2 0
105.3 0
105.4 0
105.5 0
105.6 0
105.7 0
105.8 0
105.9 0
106 0
106.1 0
106.2 0
106.3 0
106.4 0
106.5 0
106.6 0
106.7 0
106.8 0
106.9 0
107 0
107.1 0
107.2 0
107.3 0
107.4 0
107.5 0
107.6 0
107.7 0
107.8 0
107.9 0
108 0
108.1 0
108.2 0
108.3 0
108.4 0
108.5 0
108.6 0
108.7 0
108.8 0
108.9 0
109 0
109.1 0
109.2 0
109.3 0
109.4 0
109.5 0
109.6 0
109.7 0
109.8 0
109.9 0
110 0
110.1 0
110.2 0
110.3 0
110.4 0
110.5 0
110.6 0
110.7 0
110.8 0
110.9 0
111 0
111.1 0
111.2 0
111.3 0
111.4 0
111.5 0
111.6 0
111.7 0
111.8 0
111.9 0
112 0
112.1 0
112.2 0
112.3 0
112.4 0
112.5 0
112.6 0
112.7 0
112.8 0
112.9 0
113 0
113.1 0
113.2 0
113.3 0
113.4 0
113.5 0
113.6 0
113.7 0
113.8 0
113.9 0
114 0
114.1 0
114.2 0
114.3 0
114.4 0
114.5 0
114.6 0
114.7 0
114.8 0
114.9 0
115 0
115.1 0
115.2 0
115.3 0
115.4 0
115.5 0
115.6 0
115.7 0
115.8 0
115.9 0
116 0
116.1 0
116.2 0
116.3 0
116.4 0
116.5 0
116.6 0
116.7 0
116.8 0
116.9 0
117 0
117.1 0
117.2 0
117.3 0
117.4 0
117.5 0
117.6 0
117.7 0
117.8 0
117.9 0
118 0
118.1 0
118.2 0
118.3 0
118.4 0
118.5 0
118.6 0
118.7 0
118.8 0
118.9 0
119 0
119.1 0
119.2 0
119.3 0
119.4 0
119.5 0
119.6 0
119.7 0
119.8 0
119.9 0
120 0
120.1 0
120.2 0
120.3 0
120.4 0
120.5 0
120.6 0
120.7 0
120.8 0
120.9 0
121 0
121.1 0
121.2 0
121.3 0
121.4 0
121.5 0
121.6 0
121.7 0
121.8 0
121.9 0
122 0
122.1 0
122.2 0
122.3 0
122.4 0
122.5 0
122.6 0
122.7 0
122.8 0
122.9 0
123 0
123.1 0
123.2 0
123.3 0
123.4 0
123.5 0
123.6 0
123.7 0
123.8 0
123.9 0
124 0
124.1 0
124.2 0
124.3 0
124.4 0
124.5 0
124.6 0
124.7 0
124.8 0
124.9 0
125 0
125.1 0
125.2 0
125.3 0
125.4 0
125.5 0
125.6 0
125.7 0
125.8 0
125.9 0
126 0
126.1 0
126.2 0
126.3 0
126.4 0
126.5 0
126.6 0
126.7 0
126.8 0
126.9 0
127 0
127.1 0
127.2 0
127.3 0
127.4 0
127.5 0
127.6 0
127.7 0
127.8 0
127.9 0
128 0
128.1 0
128.2 0
128.3 0
128.4 0
128.5 0
128.6 0
128.7 0
128.8 0
128.9 0
129 0
129.1 0
129.2 0
129.3 0
129.4 0
129.5 0
129.6 0
129.7 0
129.8 0
129.9 0
130 0
130.1 0
130.2 0
130.3 0
130.4 0
130.5 0
130.6 0
130.7 0
130.8 0
130.9 0
131 0
131.1 0
131.2 0
131.3 0
131.4 0
131.5 0
131.6 0
131.7 0
131.8 0
131.9 0
132 0
132.1 0
132.2 0
132.3 0
132.4 0
132.5 0
132.6 0
132.7 0
132.8 0
132.9 0
133 0
133.1 0
133.2 0
133.3 0
133.4 0
133.5 0
133.6 0
133.7 0
133.8 0
133.9 0
134 0
134.1 0
134.2 0
134.3 0
134.4 0
134.5 0
134.6 0
134.7 0
134.8 0
134.9 0
135 0
135.1 0
135.2 0
135.3 0
135.4 0
135.5 0
135.6 0
135.7 0
135.8 0
135.9 0
136 0
136.1 0
136.2 0
136.3 0
136.4 0
136.5 0
136.6 0
136.7 0
136.8 0
136.9 0
137 0
137.1 0
137.2 0
137.3 0
137.4 0
137.5 0
137.6 0
137.7 0
137.8 0
137.9 0
138 0
138.1 0
138.2 0
138.3 0
138.4 0
138.5 0
138.6 0
138.7 0
138.8 0
138.9 0
139 0
139.1 0
139.2 0
139.3 0
139.4 0
139.5 0
139.6 0
139.7 0
139.8 0
139.9 0
140 0
140.1 0
140.2 0
140.3 0
140.4 0
140.5 0
140.6 0
140.7 0
140.8 0
140.9 0
141 0
141.1 0
141.2 0
141.3 0
141.4 0
141.5 0
141.6 0
141.7 0
141.8 0
141.9 0
142 0
142.1 0
142.2 0
142.3 0
142.4 0
142.5 0
142.6 0
142.7 0
142.8 0
142.9 0
143 0
143.1 0
143.2 0
143.3 0
143.4 0
143.5 0
143.6 0
143.7 0
143.8 0
143.9 0
144 0
144.1 0
144.2 0
144.3 0
144.4 0
144.5 0
144.6 0
144.7 0
144.8 0
144.9 0
145 0
145.1 0
145.2 0
145.3 0
145.4 0
145.5 0
145.6 0
145.7 0
145.8 0
145.9 0
146 0
146.1 0
146.2 0
146.3 0
146.4 0
146.5 0
146.6 0
146.7 0
146.8 0
146.9 0
147 0
147.1 0
147.2 0
147.3 0
147.4 0
147.5 0
147.6 0
147.7 0
147.8 0
147.9 0
148 0
148.1 0
148.2 0
148.3 0
148.4 0
148.5 0
148.6 0
148.7 0
148.8 0
148.9 0
149 0
149.1 0
149.2 0
149.3 0
149.4 0
149.5 0
149.6 0
149.7 0
149.8 0
149.9 0
150 0
150.1 0
150.2 0
150.3 0
150.4 0
150.5 0
150.6 0
150.7 0
150.8 0
150.9 0
151 0
151.1 0
151.2 0
151.3 0
151.4 0
151.5 0
151.6 0
151.7 0
151.8 0
151.9 0
152 0
152.1 0
152.2 0
152.3 0
152.4 0
152.5 0
152.6 0
152.7 0
152.8 0
152.9 0
153 0
153.1 0
153.2 0
153.3 0
153.4 0
153.5 0
153.6 0
153.7 0
153.8 0
153.9 0
154 0
154.1 0
154.2 0
154.3 0
154.4 0
154.5 0
154.6 0
154.7 0
154.8 0
154.9 0
155 0
155.1 0
155.2 0
155.3 0
155.4 0
155.5 0
155.6 0
155.7 0
155.8 0
155.9 0
156 0
156.1 0
156.2 0
156.3 0
156.4 0
156.5 0
156.6 0
156.7 0
156.8 0
156.9 0
157 0
157.1 0
157.2 0
157.3 0
157.4 0
157.5 0
157.6 0
157.7 0
157.8 0
157.9 0
158 0
158.1 0
158.2 0
158.3 0
158.4 0
158.5 0
158.6 0
158.7 0
158.8 0
158.9 0
159 0
159.1 0
159.2 0
159.3 0
159.4 0
159.5 0
159.6 0
159.7 0
159.8 0
159.9 0
160 0
160.1 0
160.2 0
160.3 0
160.4 0
160.5 0
160.6 0
160.7 0
160.8 0
160.9 0
161 0
161.1 0
161.2 0
161.3 0
161.4 0
161.5 0
161.6 0
161.7 0
161.8 0
161.9 0
162 0
162.1 0
162.2 0
162.3 0
162.4 0
162.5 0
162.6 0
162.7 0
162.8 0
162.9 0
163 0
163.1 0
163.2 0
163.3 0
163.4 0
163.5 0
163.6 0
163.7 0
163.8 0
163.9 0
164 0
164.1 0
164.2 0
164.3 0
164.4 0
164.5 0
164.6 0
164.7 0
164.8 0
164.9 0
165 0
165.1 0
165.2 0
165.3 0
165.4 0
165.5 0
165.6 0
165.7 0
165.8 0
165.9 0
166 0
166.1 0
166.2 0
166.3 0
166.4 0
166.5 0
166.6 0
166.7 0
166.8 0
166.9 0
167 0
167.1 0
167.2 0
167.3 0
167.4 0
167.5 0
167.6 0
167.7 0
167.8 0
167.9 0
168 0
168.1 0
168.2 0
168.3 0
168.4 0
168.5 0
168.6 0
168.7 0
168.8 0
168.9 0
169 0
169.1 0
169.2 0
169.3 0
169.4 0
169.5 0
169.6 0
169.7 0
169.8 0
169.9 0
170 0
170.1 0
170.2 0
170.3 0
170.4 0
170.5 0
170.6 0
170.7 0
170.8 0
170.9 0
171 0
171.1 0
171.2 0
171.3 0
171.4 0
171.5 0
171.6 0
171.7 0
171.8 0
171.9 0
172 0
172.1 0
172.2 0
172.3 0
172.4 0
172.5 0
172.6 0
172.7 0
172.8 0
172.9 0
173 0
173.1 0
173.2 0
173.3 0
173.4 0
173.5 0
173.6 0
173.7 0
173.8 0
173.9 0
174 0
174.1 0
174.2 0
174.3 0
174.4 0
174.5 0
174.6 0
174.7 0
174.8 0
174.9 0
175 0
175.1 0
175.2 0
175.3 0
175.4 0
175.5 0
175.6 0
175.7 0
175.8 0
175.9 0
176 0
176.1 0
176.2 0
176.3 0
176.4 0
176.5 0
176.6 0
176.7 0
176.8 0
176.9 0
177 0
177.1 0
177.2 0
177.3 0
177.4 0
177.5 0
177.6 0
177.7 0
177.8 0
177.9 0
178 0
178.1 0
178.2 0
178.3 0
178.4 0
178.5 0
178.6 0
178.7 0
178.8 0
178.9 0
179 0
179.1 0
179.2 0
179.3 0
179.4 0
179.5 0
179.6 0
179.7 0
179.8 0
179.9 0
180 0
180.1 0
180.2 0
180.3 0
180.4 0
180.5 0
180.6 0
180.7 0
180.8 0
180.9 0
181 0
181.1 0
181.2 0
181.3 0
181.4 0
181.5 0
181.6 0
181.7 0
181.8 0
181.9 0
182 0
182.1 0
182.2 0
182.3 0
182.4 0
182.5 0
182.6 0
182.7 0
182.8 0
182.9 0
183 0
183.1 0
183.2 0
183.3 0
183.4 0
183.5 0
183.6 0
183.7 0
183.8 0
183.9 0
184 0
184.1 0
184.2 0
184.3 0
184.4 0
184.5 0
184.6 0
184.7 0
184.8 0
184.9 0
185 0
185.1 0
185.2 0
185.3 0
185.4 0
185.5 0
185.6 0
185.7 0
185.8 0
185.9 0
186 0
186.1 0
186.2 0
186.3 0
186.4 0
186.5 0
186.6 0
186.7 0
186.8 0
186.9 0
187 0
187.1 0
187.2 0
187.3 0
187.4 0
187.5 0
187.6 0
187.7 0
187.8 0
187.9 0
188 0
188.1 0
188.2 0
188.3 0
188.4 0
188.5 0
188.6 0
188.7 0
188.8 0
188.9 0
189 0
189.1 0
189.2 0
189.3 0
189.4 0
189.5 0
189.6 0
189.7 0
189.8 0
189.9 0
190 0
190.1 0
190.2 0
190.3 0
190.4 0
190.5 0
190.6 0
190.7 0
190.8 0
190.9 0
191 0
191.1 0
191.2 0
191.3 0
191.4 0
191.5 0
191.6 0
191.7 0
191.8 0
191.9 0
192 0
192.1 0
192.2 0
192.3 0
192.4 0
192.5 0
192.6 0
192.7 0
192.8 0
192.9 0
193 0
193.1 0
193.2 0
193.3 0
193.4 0
193.5 0
193.6 0
193.7 0
193.8 0
193.9 0
194 0
194.1 0
194.2 0
194.3 0
194.4 0
194.5 0
194.6 0
194.7 0
194.8 0
194.9 0
195 0
195.1 0
195.2 0
195.3 0
195.4 0
195.5 0
195.6 0
195.7 0
195.8 0
195.9 0
196 0
196.1 0
196.2 0
196.3 0
196.4 0
196.5 0
196.6 0
196.7 0
196.8 0
196.9 0
197 0
197.1 0
197.2 0
197.3 0
197.4 0
197.5 0
197.6 0
197.7 0
197.8 0
197.9 0
198 0
198.1 0
198.2 0
198.3 0
198.4 0
198.5 0
198.6 0
198.7 0
198.8 0
198.9 0
199 0
199.1 0
199.2 0
199.3 0
199.4 0
199.5 0
199.6 0
199.7 0
199.8 0
199.9 0
200 0
200.1 0
200.2 0
200.3 0
200.4 0
200.5 0
200.6 0
200.7 0
200.8 0
200.9 0
201 0
201.1 0
201.2 0
201.3 0
201.4 0
201.5 0
201.6 0
201.7 0
201.8 0
201.9 0
202 0
202.1 0
202.2 0
202.3 0
202.4 0
202.5 0
202.6 0
202.7 0
202.8 0
202.9 0
203 0
203.1 0
203.2 0
203.3 0
203.4 0
203.5 0
203.6 0
203.7 0
203.8 0
203.9 0
204 0
204.1 0
204.2 0
204.3 0
204.4 0
204.5 0
204.6 0
204.7 0
