0 -9.8816
0.1 -11.3556
0.2 -15.3087
0.3 -23.3506
0.4 -36.6271
0.5 -55.6262
0.6 -80.0008
0.7 -108.435
0.8 -138.62
0.9 -167.411
1 -191.228
1.1 -206.647
1.2 -211.106
1.3 -203.504
1.4 -184.508
1.5 -156.429
1.6 -122.702
1.7 -87.1056
1.8 -52.9933
1.9 -22.77
2 2.24765
2.1 21.6238
2.2 35.426
2.3 43.8813
2.4 47.2298
2.5 45.8287
2.6 40.368
2.7 32.0576
2.8 22.6322
2.9 14.1502
3 8.6656
3.1 7.90229
3.2 13.044
3.3 24.6525
3.4 42.6573
3.5 66.3176
3.6 94.1374
3.7 123.792
3.8 152.212
3.9 175.947
4 191.809
4.1 197.632
4.2 192.86
4.3 178.677
4.4 157.557
4.5 132.341
4.6 105.188
4.7 76.819
4.8 46.3724
4.9 11.9586
5 -28.3105
5.1 -75.191
5.2 -127.483
5.3 -181.771
5.4 -232.759
5.5 -274.055
5.6 -299.181
5.7 -302.627
5.8 -280.872
5.9 -233.28
6 -162.796
6.1 -76.2219
6.2 16.1778
6.3 101.939
6.4 168.482
6.5 205.652
6.6 208.077
6.7 176.615
6.8 118.383
6.9 45.2416
7 -28.8543
7.1 -90.9001
7.2 -131.428
7.3 -146.002
7.4 -135.383
7.5 -104.556
7.6 -61.0881
7.7 -13.3467
7.8 31.0356
7.9 66.2503
8 88.9536
8.1 98.4964
8.2 96.7673
8.3 87.6404
8.4 76.0242
8.5 66.6355
8.6 62.7543
8.7 65.307
8.8 72.5975
8.9 80.8202
9 85.2248
9.1 81.579
9.2 67.4713
9.3 43.0571
9.4 11.0788
9.5 -23.7851
9.6 -55.9853
9.7 -80.2683
9.8 -92.6837
9.9 -91.2801
10 -76.4263
10.1 -50.7695
10.2 -18.8275
10.3 13.7611
10.4 41.2503
10.5 58.9054
10.6 63.9731
10.7 56.2121
10.8 37.7934
10.9 12.5538
11 -15.1865
11.1 -41.8495
11.2 -65.4605
11.3 -85.845
11.4 -104.128
11.5 -121.76
11.6 -139.462
11.7 -156.504
11.8 -170.592
11.9 -178.373
12 -176.377
12.1 -162.057
12.2 -134.567
12.3 -95.0845
12.4 -46.6106
12.5 6.63729
12.6 60.0277
12.7 109.307
12.8 151.217
12.9 183.865
13 206.833
13.1 221.069
13.2 228.602
13.3 232.107
13.4 234.372
13.5 237.716
13.6 243.442
13.7 251.426
13.8 259.948
13.9 265.819
14 264.798
14.1 252.208
14.2 223.62
14.3 175.484
14.4 105.63
14.5 13.6351
14.6 -98.8667
14.7 -227.89
14.8 -366.83
14.9 -506.352
15 -634.661
15.1 -738.357
15.2 -803.982
15.3 -820.095
15.4 -779.497
15.5 -681.049
15.6 -530.541
15.7 -340.281
15.8 -127.425
15.9 88.5842
16 288.891
16.1 457.767
16.2 584.365
16.3 663.489
16.4 695.451
16.5 685.217
16.6 641.119
16.7 573.289
16.8 492.025
16.9 406.207
17 322.046
17.1 242.446
17.2 167.219
17.3 94.2007
17.4 21.0057
17.5 -53.1733
17.6 -126.37
17.7 -193.807
17.8 -249.121
17.9 -286.455
18 -302.641
18.1 -298.571
18.2 -279.149
18.3 -251.78
18.4 -223.903
18.5 -200.491
18.6 -182.444
18.7 -166.439
18.8 -146.276
18.9 -115.185
19 -68.3206
19.1 -4.64926
19.2 72.2254
19.3 154.396
19.4 230.895
19.5 289.462
19.6 318.466
19.7 308.705
19.8 254.93
19.9 156.93
20 20.0337
20.1 -145.134
20.2 -323.672
20.3 -498.091
20.4 -650.325
20.5 -763.661
20.6 -824.211
20.7 -821.791
20.8 -750.35
20.9 -608.238
21 -398.66
21.1 -130.356
21.2 181.702
21.3 516.127
21.4 845.972
21.5 1140.92
21.6 1370.66
21.7 1508.89
21.8 1537.11
21.9 1447.3
22 1243.2
22.1 939.909
22.2 562.355
22.3 142.92
22.4 -281.206
22.5 -670.819
22.6 -987.667
22.7 -1197.71
22.8 -1274.69
22.9 -1203.91
23 -985.644
23.1 -637.852
23.2 -197.281
23.3 281.367
23.4 728.797
23.5 1067.23
23.6 1219.33
23.7 1119.6
23.8 727.241
23.9 38.7852
24 -902.036
24.1 -1999.92
24.2 -3111.76
24.3 -4060.07
24.4 -4655.75
24.5 -4727.77
24.6 -4155.4
24.7 -2897
24.8 -1009.58
24.9 1345.97
25 3916.71
25.1 6386.3
25.2 8417
25.3 9699.06
25.4 9999.41
25.5 9201.32
25.6 7327.77
25.7 4543.9
25.8 1137.42
25.9 -2519.96
26 -6023.6
26.1 -8990.67
26.2 -11109.5
26.3 -12175.4
26.4 -12109.5
26.5 -10957.4
26.6 -8873.24
26.7 -6091.32
26.8 -2893.06
26.9 426.314
27 3587.11
27.1 6348.42
27.2 8524.47
27.3 9993.98
27.4 10703.2
27.5 10662.7
27.6 9939.42
27.7 8644.14
27.8 6916.73
27.9 4910.64
28 2778.57
28.1 660.605
28.2 -1324.49
28.3 -3084.78
28.4 -4557.96
28.5 -5711.64
28.6 -6541.49
28.7 -7066.95
28.8 -7324.77
28.9 -7360.5
29 -7219.29
29.1 -6937.34
29.2 -6535.91
29.3 -6019.1
29.4 -5375.96
29.5 -4586.12
29.6 -3627.7
29.7 -2485.4
29.8 -1157.34
29.9 340.454
30 1972.28
30.1 3683.43
30.2 5402.79
30.3 7046.95
30.4 8525.46
30.5 9746.96
30.6 10625.9
30.7 11089
30.8 11082.1
30.9 10574.3
31 9562.03
31.1 8071.03
31.2 6156.29
31.3 3901.04
31.4 1413.8
31.5 -1176.7
31.6 -3728.88
31.7 -6098.44
31.8 -8150.39
31.9 -9771.86
32 -10883.6
32.1 -11447.9
32.2 -11471.8
32.3 -11003.2
32.4 -10123.1
32.5 -8932.5
32.6 -7538.63
32.7 -6042.21
32.8 -4527.48
32.9 -3056.47
33 -1667.54
33.1 -377.581
33.2 813.158
33.3 1914.83
33.4 2941.56
33.5 3905.63
33.6 4813.12
33.7 5661.37
33.8 6438.3
33.9 7123.54
34 7690.85
34.1 8111.06
34.2 8355.08
34.3 8396.26
34.4 8212.3
34.5 7786.62
34.6 7109.78
34.7 6181.19
34.8 5011.27
34.9 3623.66
35 2056.82
35.1 364.384
35.2 -1386.43
35.3 -3118.37
35.4 -4749.39
35.5 -6198.89
35.6 -7394.02
35.7 -8275.41
35.8 -8801.63
35.9 -8952.32
36 -8729.64
36.1 -8158.13
36.2 -7282.68
36.3 -6164.78
36.4 -4877.01
36.5 -3496.54
36.6 -2098.45
36.7 -749.877
36.8 493.858
36.9 1590.84
37 2511.96
37.1 3238.87
37.2 3761.58
37.3 4076.65
37.4 4186.5
37.5 4099.86
37.6 3832.69
37.7 3409.09
37.8 2861.36
37.9 2229.12
38 1557.44
38.1 894.308
38.2 287.634
38.3 -217.877
38.4 -584.037
38.5 -782.424
38.6 -797.342
38.7 -627.978
38.8 -289.228
38.9 189.217
39 765.583
39.1 1390.14
39.2 2010.03
39.3 2573.9
39.4 3035.79
39.5 3357.85
39.6 3512.03
39.7 3480.93
39.8 3258.2
39.9 2848.57
40 2267.34
40.1 1539.45
40.2 697.654
40.3 -219.664
40.4 -1171.12
40.5 -2114.79
40.6 -3010.36
40.7 -3820.77
40.8 -4513.54
40.9 -5061.94
41 -5446.01
41.1 -5653.66
41.2 -5681.29
41.3 -5533.95
41.4 -5224.69
41.5 -4773.14
41.6 -4203.57
41.7 -3542.69
41.8 -2817.62
41.9 -2054.22
42 -1275.9
42.1 -502.877
42.2 248.131
42.3 963.868
42.4 1634.18
42.5 2251.45
42.6 2809.96
42.7 3305.32
42.8 3734.12
42.9 4093.88
43 4382.98
43.1 4600.59
43.2 4746.36
43.3 4819.83
43.4 4819.82
43.5 4744.14
43.6 4589.9
43.7 4354.51
43.8 4037.12
43.9 3639.99
44 3169.34
44.1 2635.17
44.2 2050.13
44.3 1427.81
44.4 781.032
44.5 120.741
44.6 -544.241
44.7 -1206.59
44.8 -1859.39
44.9 -2494.98
45 -3104.13
45.1 -3675.85
45.2 -4197.48
45.3 -4655.21
45.4 -5034.71
45.5 -5321.84
45.6 -5503.49
45.7 -5568.58
45.8 -5509.23
45.9 -5321.9
46 -5008.33
46.1 -4576.11
46.2 -4038.55
46.3 -3414
46.4 -2724.51
46.5 -1994.03
46.6 -1246.29
46.7 -502.684
46.8 219.653
46.9 909.082
47 1559.78
47.1 2170.93
47.2 2744.85
47.3 3284.55
47.4 3791.17
47.5 4262.05
47.6 4689.93
47.7 5063.24
47.8 5367.43
47.9 5586.66
48 5705.6
48.1 5710.84
48.2 5591.94
48.3 5342.25
48.4 4959.58
48.5 4447
48.6 3813.37
48.7 3073.6
48.8 2248.24
48.9 1362.49
49 444.601
49.1 -475.99
49.2 -1370.46
49.3 -2212.19
49.4 -2978.11
49.5 -3649.62
49.6 -4213.38
49.7 -4661.62
49.8 -4992.03
49.9 -5207.02
50 -5312.43
50.1 -5316.01
50.2 -5225.88
50.3 -5049.54
50.4 -4793.5
50.5 -4463.48
50.6 -4065.03
50.7 -3603.96
50.8 -3086.66
50.9 -2520.24
51 -1912.58
51.1 -1272.87
51.2 -612.313
51.3 54.9692
51.4 711.558
51.5 1337.29
51.6 1911.02
51.7 2413.36
51.8 2829.7
51.9 3152.57
52 3382.64
52.1 3527.86
52.2 3601.21
52.3 3617.63
52.4 3591
52.5 3532.05
52.6 3447.39
52.7 3339.78
52.8 3209.01
52.9 3053.21
53 2869.96
53.1 2657.17
53.2 2413.48
53.3 2138.4
53.4 1832.22
53.5 1495.73
53.6 1130.08
53.7 736.783
53.8 318.072
53.9 -122.315
54 -578.211
54.1 -1040.24
54.2 -1495.61
54.3 -1928.88
54.4 -2323.55
54.5 -2664.38
54.6 -2939.66
54.7 -3142.87
54.8 -3273.19
54.9 -3334.8
55 -3335.25
55.1 -3283.38
55.2 -3187.48
55.3 -3054.13
55.4 -2887.68
55.5 -2690.66
55.6 -2464.38
55.7 -2209.81
55.8 -1928.26
55.9 -1621.74
56 -1293.09
56.1 -945.731
56.2 -583.247
56.3 -208.967
56.4 174.268
56.5 563.92
56.6 957.077
56.7 1349.4
56.8 1734.03
56.9 2100.99
57 2437.35
57.1 2728.52
57.2 2960.35
57.3 3121.48
57.4 3205.42
57.5 3211.56
57.6 3144.93
57.7 3014.9
57.8 2833.1
57.9 2611.37
58 2360.07
58.1 2087.12
58.2 1797.78
58.3 1494.98
58.4 1180.06
58.5 853.697
58.6 516.839
58.7 171.628
58.8 -178.021
58.9 -526.264
59 -865.742
59.1 -1188.48
59.2 -1487.02
59.3 -1755.28
59.4 -1989
59.5 -2185.36
59.6 -2342.15
59.7 -2456.88
59.8 -2526.38
59.9 -2547.07
60 -2516.09
60.1 -2432.62
60.2 -2299.01
60.3 -2121.06
60.4 -1907.35
60.5 -1667.81
60.6 -1412.14
60.7 -1148.55
60.8 -883.326
60.9 -621.024
61 -365.183
61.1 -119.008
61.2 114.275
61.3 331.458
61.4 529.674
61.5 706.731
61.6 861.291
61.7 992.867
61.8 1101.75
61.9 1189.01
62 1256.56
62.1 1307.24
62.2 1344.62
62.3 1372.43
62.4 1393.71
62.5 1409.87
62.6 1420.16
62.7 1421.79
62.8 1410.8
62.9 1383.43
63 1337.43
63.1 1272.93
63.2 1192.42
63.3 1100.01
63.4 1000.24
63.5 896.775
63.6 791.468
63.7 683.896
63.8 571.282
63.9 448.797
64 310.169
64.1 148.689
64.2 -41.3237
64.3 -262.674
64.4 -513.411
64.5 -785.521
64.6 -1064.84
64.7 -1332.57
64.8 -1568.29
64.9 -1753.74
65 -1876.3
65.1 -1931.16
65.2 -1921.41
65.3 -1856.33
65.4 -1748.39
65.5 -1610.16
65.6 -1452.11
65.7 -1281.67
65.8 -1103.64
65.9 -921.24
66 -737.205
66.1 -554.347
66.2 -375.504
66.3 -203.103
66.4 -38.71
66.5 117.139
66.6 264.757
66.7 404.926
66.8 538.512
66.9 666.183
67 788.18
67.1 903.973
67.2 1011.75
67.3 1107.86
67.4 1186.56
67.5 1240.52
67.6 1262.19
67.7 1245.92
67.8 1190.29
67.9 1099.62
68 984.106
68.1 858.199
68.2 737.588
68.3 635.65
68.4 560.389
68.5 512.764
68.6 486.764
68.7 471.059
68.8 451.637
68.9 414.692
69 349.182
69.1 248.745
69.2 112.847
69.3 -52.8124
69.4 -236.71
69.5 -422.792
69.6 -592.705
69.7 -728.775
69.8 -817.275
69.9 -851.257
70 -832.203
70.1 -769.971
70.2 -680.974
70.3 -585.023
70.4 -501.601
70.5 -446.446
70.6 -429.091
70.7 -451.717
70.8 -509.284
70.9 -590.72
71 -680.856
71.1 -762.831
71.2 -820.702
71.3 -841.937
71.4 -819.429
71.5 -752.588
71.6 -647.204
71.7 -514.025
71.8 -366.378
71.9 -217.45
72 -77.9631
72.1 45.1916
72.2 149.174
72.3 234.505
72.4 303.993
72.5 361.78
72.6 412.82
72.7 462.668
72.8 517.283
72.9 582.421
73 662.503
73.1 759.138
73.2 869.83
73.3 987.429
73.4 1100.7
73.5 1195.97
73.6 1259.4
73.7 1279.3
73.8 1247.81
73.9 1161.74
74 1022.66
74.1 836.448
74.2 612.749
74.3 364.387
74.4 106.662
74.5 -143.736
74.6 -370.366
74.7 -559.158
74.8 -700.568
74.9 -791.156
75 -834.004
75.1 -837.724
75.2 -814.285
75.3 -776.283
75.4 -734.483
75.5 -696.273
75.6 -665.319
75.7 -642.221
75.8 -625.659
75.9 -613.45
76 -603.137
76.1 -592.071
76.2 -577.241
76.3 -555.236
76.4 -522.609
76.5 -476.629
76.6 -416.174
76.7 -342.331
76.8 -258.371
76.9 -169.017
77 -79.2
77.1 7.22892
77.2 88.3683
77.3 164.394
77.4 236.912
77.5 307.803
77.6 377.985
77.7 446.529
77.8 510.415
77.9 564.969
78 604.829
78.1 625.155
78.2 622.784
78.3 597.098
78.4 550.452
78.5 488.096
78.6 417.573
78.7 347.62
78.8 286.689
78.9 241.301
79 214.551
79.1 205.181
79.2 207.538
79.3 212.636
79.4 210.18
79.5 191.175
79.6 150.441
79.7 88.3635
79.8 11.2965
79.9 -69.5666
80 -140.656
80.1 -189.226
80.2 -206.502
80.3 -189.971
80.4 -144.28
80.5 -80.5486
80.6 -14.3099
80.7 37.4054
80.8 59.1842
80.9 39.9218
81 -25.359
81.1 -134.776
81.2 -279.919
81.3 -447.064
81.4 -618.982
81.5 -777.062
81.6 -903.479
81.7 -983.167
81.8 -1005.43
81.9 -965.051
82 -862.727
82.1 -704.945
82.2 -503.195
82.3 -272.755
82.4 -31.1139
82.5 203.673
82.6 414.63
82.7 587.38
82.8 711.463
82.9 781.391
83 797.314
83.1 765.127
83.2 695.864
83.3 604.236
83.4 506.412
83.5 417.343
83.6 348.136
83.7 304.081
83.8 283.836
83.9 280.042
84 281.25
84.1 274.719
84.2 249.371
84.3 198.241
84.4 119.851
84.5 18.3176
84.6 -97.6862
84.7 -216.731
84.8 -326.706
84.9 -416.681
85 -478.227
85.1 -506.119
85.2 -498.451
85.3 -456.321
85.4 -383.36
85.5 -285.234
85.6 -169.304
85.7 -44.2826
85.8 80.1825
85.9 193.932
86 287.128
86.1 351.261
86.2 380.233
86.3 371.383
86.4 325.891
86.5 248.806
86.6 148.474
86.7 35.4173
86.8 -78.9603
86.9 -183.71
87 -269.532
87.1 -329.648
87.2 -360.372
87.3 -361.379
87.4 -335.661
87.5 -289.003
87.6 -229.104
87.7 -164.386
87.8 -102.639
87.9 -49.9544
88 -9.94574
88.1 16.4695
88.2 30.6187
88.3 35.3272
88.4 34.0775
88.5 30.3348
88.6 27.1471
88.7 27.0221
88.8 31.9321
88.9 43.256
89 61.6329
89.1 86.7056
89.2 116.996
89.3 149.836
89.4 181.694
89.5 208.659
89.6 227.039
89.7 233.871
89.8 227.263
89.9 206.552
90 172.297
90.1 126.238
90.2 71.2415
90.3 11.1901
90.4 -49.2667
90.5 -105.112
90.6 -151.579
90.7 -184.819
90.8 -202.45
90.9 -203.838
91 -189.993
91.1 -163.16
91.2 -126.271
91.3 -82.4107
91.4 -34.4938
91.5 14.8525
91.6 63.2481
91.7 108.473
91.8 148.443
91.9 181.288
92 205.482
92.1 219.964
92.2 224.163
92.3 217.954
92.4 201.579
92.5 175.575
92.6 140.802
92.7 98.4832
92.8 50.2756
92.9 -1.78013
93 -55.4324
93.1 -108.474
93.2 -159.008
93.3 -205.623
93.4 -247.413
93.5 -283.819
93.6 -314.412
93.7 -338.636
93.8 -355.638
93.9 -364.246
94 -363.066
94.1 -350.681
94.2 -325.888
94.3 -287.95
94.4 -236.835
94.5 -173.428
94.6 -99.6665
94.7 -18.5543
94.8 65.975
94.9 149.379
95 226.96
95.1 294.387
95.2 348.166
95.3 385.966
95.4 406.749
95.5 410.703
95.6 399.027
95.7 373.671
95.8 337.059
95.9 291.889
96 240.975
96.1 187.129
96.2 133.075
96.3 81.349
96.4 34.179
96.5 -6.63562
96.6 -39.8521
96.7 -64.8986
96.8 -81.9567
96.9 -91.9375
97 -96.3774
97.1 -97.215
97.2 -96.4702
97.3 -95.8965
97.4 -96.6495
97.5 -99.1044
97.6 -102.864
97.7 -106.933
97.8 -110.038
97.9 -110.999
98 -109.04
98.1 -103.986
98.2 -96.3117
98.3 -87.0229
98.4 -77.4488
98.5 -69.0133
98.6 -62.9934
98.7 -60.3243
98.8 -61.4814
98.9 -66.3957
99 -74.4717
99.1 -84.6611
99.2 -95.5741
99.3 -105.629
99.4 -113.212
99.5 -116.826
99.6 -115.206
99.7 -107.409
99.8 -92.8804
99.9 -71.5028
100 -43.6424
100.1 -10.169
100.2 27.5379
100.3 67.654
100.4 108.006
100.5 146.236
100.6 180
100.7 207.189
100.8 226.135
100.9 235.785
101 235.802
101.1 226.587
101.2 209.233
101.3 185.391
101.4 157.101
101.5 126.591
101.6 96.0749
101.7 67.5704
101.8 42.7236
101.9 22.6684
102 7.92534
102.1 -1.65095
102.2 -6.85114
102.3 -9.0178
102.4 0
102.5 0
102.6 0
102.7 0
102.8 0
102.9 0
103 0
103.1 0
103.2 0
103.3 0
103.4 0
103.5 0
103.6 0
103.7 0
103.8 0
103.9 0
104 0
104.1 0
104.2 0
104.3 0
104.4 0
104.5 0
104.6 0
104.7 0
104.8 0
104.9 0
105 0
105.1 0
105.2 0
105.3 0
105.4 0
105.5 0
105.6 0
105.7 0
105.8 0
105.9 0
106 0
106.1 0
106.2 0
106.3 0
106.4 0
106.5 0
106.6 0
106.7 0
106.8 0
106.9 0
107 0
107.1 0
107.2 0
107.3 0
107.4 0
107.5 0
107.6 0
107.7 0
107.8 0
107.9 0
108 0
108.1 0
108.2 0
108.3 0
108.4 0
108.5 0
108.6 0
108.7 0
108.8 0
108.9 0
109 0
109.1 0
109.2 0
109.3 0
109.4 0
109.5 0
109.6 0
109.7 0
109.8 0
109.9 0
110 0
110.1 0
110.2 0
110.3 0
110.4 0
110.5 0
110.6 0
110.7 0
110.8 0
110.9 0
111 0
111.1 0
111.2 0
111.3 0
111.4 0
111.5 0
111.6 0
111.7 0
111.8 0
111.9 0
112 0
112.1 0
112.2 0
112.3 0
112.4 0
112.5 0
112.6 0
112.7 0
112.8 0
112.9 0
113 0
113.1 0
113.2 0
113.3 0
113.4 0
113.5 0
113.6 0
113.7 0
113.8 0
113.9 0
114 0
114.1 0
114.2 0
114.3 0
114.4 0
114.5 0
114.6 0
114.7 0
114.8 0
114.9 0
115 0
115.1 0
115.2 0
115.3 0
115.4 0
115.5 0
115.6 0
115.7 0
115.8 0
115.9 0
116 0
116.1 0
116.2 0
116.3 0
116.4 0
116.5 0
116.6 0
116.7 0
116.8 0
116.9 0
117 0
117.1 0
117.2 0
117.3 0
117.4 0
117.5 0
117.6 0
117.7 0
117.8 0
117.9 0
118 0
118.1 0
118.2 0
118.3 0
118.4 0
118.5 0
118.6 0
118.7 0
118.8 0
118.9 0
119 0
119.1 0
119.2 0
119.3 0
119.4 0
119.5 0
119.6 0
119.7 0
119.8 0
119.9 0
120 0
120.1 0
120.2 0
120.3 0
120.4 0
120.5 0
120.6 0
120.7 0
120.8 0
120.9 0
121 0
121.1 0
121.2 0
121.3 0
121.4 0
121.5 0
121.6 0
121.7 0
121.8 0
121.9 0
122 0
122.1 0
122.2 0
122.3 0
122.4 0
122.5 0
122.6 0
122.7 0
122.8 0
122.9 0
123 0
123.1 0
123.2 0
123.3 0
123.4 0
123.5 0
123.6 0
123.7 0
123.8 0
123.9 0
124 0
124.1 0
124.2 0
124.3 0
124.4 0
124.5 0
124.6 0
124.7 0
124.8 0
124.9 0
125 0
125.1 0
125.2 0
125.3 0
125.4 0
125.5 0
125.6 0
125.7 0
125.8 0
125.9 0
126 0
126.1 0
126.2 0
126.3 0
126.4 0
126.5 0
126.6 0
126.7 0
126.8 0
126.9 0
127 0
127.1 0
127.2 0
127.3 0
127.4 0
127.5 0
127.6 0
127.7 0
127.8 0
127.9 0
128 0
128.1 0
128.2 0
128.3 0
128.4 0
128.5 0
128.6 0
128.7 0
128.8 0
128.9 0
129 0
129.1 0
129.2 0
129.3 0
129.4 0
129.5 0
129.6 0
129.7 0
129.8 0
129.9 0
130 0
130.1 0
130.2 0
130.3 0
130.4 0
130.5 0
130.6 0
130.7 0
130.8 0
130.9 0
131 0
131.1 0
131.2 0
131.3 0
131.4 0
131.5 0
131.6 0
131.7 0
131.8 0
131.9 0
132 0
132.1 0
132.2 0
132.3 0
132.4 0
132.5 0
132.6 0
132.7 0
132.8 0
132.9 0
133 0
133.1 0
133.2 0
133.3 0
133.4 0
133.5 0
133.6 0
133.7 0
133.8 0
133.9 0
134 0
134.1 0
134.2 0
134.3 0
134.4 0
134.5 0
134.6 0
134.7 0
134.8 0
134.9 0
135 0
135.1 0
135.2 0
135.3 0
135.4 0
135.5 0
135.6 0
135.7 0
135.8 0
135.9 0
136 0
136.1 0
136.2 0
136.3 0
136.4 0
136.5 0
136.6 0
136.7 0
136.8 0
136.9 0
137 0
137.1 0
137.2 0
137.3 0
137.4 0
137.5 0
137.6 0
137.7 0
137.8 0
137.9 0
138 0
138.1 0
138.2 0
138.3 0
138.4 0
138.5 0
138.6 0
138.7 0
138.8 0
138.9 0
139 0
139.1 0
139.2 0
139.3 0
139.4 0
139.5 0
139.6 0
139.7 0
139.8 0
139.9 0
140 0
140.1 0
140.2 0
140.3 0
140.4 0
140.5 0
140.6 0
140.7 0
140.8 0
140.9 0
141 0
141.1 0
141.2 0
141.3 0
141.4 0
141.5 0
141.6 0
141.7 0
141.8 0
141.9 0
142 0
142.1 0
142.2 0
142.3 0
142.4 0
142.5 0
142.6 0
142.7 0
142.8 0
142.9 0
143 0
143.1 0
143.2 0
143.3 0
143.4 0
143.5 0
143.6 0
143.7 0
143.8 0
143.9 0
144 0
144.1 0
144.2 0
144.3 0
144.4 0
144.5 0
144.6 0
144.7 0
144.8 0
144.9 0
145 0
145.1 0
145.2 0
145.3 0
145.4 0
145.5 0
145.6 0
145.7 0
145.8 0
145.9 0
146 0
146.1 0
146.2 0
146.3 0
146.4 0
146.5 0
146.6 0
146.7 0
146.8 0
146.9 0
147 0
147.1 0
147.2 0
147.3 0
147.4 0
147.5 0
147.6 0
147.7 0
147.8 0
147.9 0
148 0
148.1 0
148.2 0
148.3 0
148.4 0
148.5 0
148.6 0
148.7 0
148.8 0
148.9 0
149 0
149.1 0
149.2 0
149.3 0
149.4 0
149.5 0
149.6 0
149.7 0
149.8 0
149.9 0
150 0
150.1 0
150.2 0
150.3 0
150.4 0
150.5 0
150.6 0
150.7 0
150.8 0
150.9 0
151 0
151.1 0
151.2 0
151.3 0
151.4 0
151.5 0
151.6 0
151.7 0
151.8 0
151.9 0
152 0
152.1 0
152.2 0
152.3 0
152.4 0
152.5 0
152.6 0
152.7 0
152.8 0
152.9 0
153 0
153.1 0
153.2 0
153.3 0
153.4 0
153.5 0
153.6 0
153.7 0
153.8 0
153.9 0
154 0
154.1 0
154.2 0
154.3 0
154.4 0
154.5 0
154.6 0
154.7 0
154.8 0
154.9 0
155 0
155.1 0
155.2 0
155.3 0
155.4 0
155.5 0
155.6 0
155.7 0
155.8 0
155.9 0
156 0
156.1 0
156.2 0
156.3 0
156.4 0
156.5 0
156.6 0
156.7 0
156.8 0
156.9 0
157 0
157.1 0
157.2 0
157.3 0
157.4 0
157.5 0
157.6 0
157.7 0
157.8 0
157.9 0
158 0
158.1 0
158.2 0
158.3 0
158.4 0
158.5 0
158.6 0
158.7 0
158.8 0
158.9 0
159 0
159.1 0
159.2 0
159.3 0
159.4 0
159.5 0
159.6 0
159.7 0
159.8 0
159.9 0
160 0
160.1 0
160.2 0
160.3 0
160.4 0
160.5 0
160.6 0
160.7 0
160.8 0
160.9 0
161 0
161.1 0
161.2 0
161.3 0
161.4 0
161.5 0
161.6 0
161.7 0
161.8 0
161.9 0
162 0
162.1 0
162.2 0
162.3 0
162.4 0
162.5 0
162.6 0
162.7 0
162.8 0
162.9 0
163 0
163.1 0
163.2 0
163.3 0
163.4 0
163.5 0
163.6 0
163.7 0
163.8 0
163.9 0
164 0
164.1 0
164.2 0
164.3 0
164.4 0
164.5 0
164.6 0
164.7 0
164.8 0
164.9 0
165 0
165.1 0
165.2 0
165.3 0
165.4 0
165.5 0
165.6 0
165.7 0
165.8 0
165.9 0
166 0
166.1 0
166.2 0
166.3 0
166.4 0
166.5 0
166.6 0
166.7 0
166.8 0
166.9 0
167 0
167.1 0
167.2 0
167.3 0
167.4 0
167.5 0
167.6 0
167.7 0
167.8 0
167.9 0
168 0
168.1 0
168.2 0
168.3 0
168.4 0
168.5 0
168.6 0
168.7 0
168.8 0
168.9 0
169 0
169.1 0
169.2 0
169.3 0
169.4 0
169.5 0
169.6 0
169.7 0
169.8 0
169.9 0
170 0
170.1 0
170.2 0
170.3 0
170.4 0
170.5 0
170.6 0
170.7 0
170.8 0
170.9 0
171 0
171.1 0
171.2 0
171.3 0
171.4 0
171.5 0
171.6 0
171.7 0
171.8 0
171.9 0
172 0
172.1 0
172.2 0
172.3 0
172.4 0
172.5 0
172.6 0
172.7 0
172.8 0
172.9 0
173 0
173.1 0
173.2 0
173.3 0
173.4 0
173.5 0
173.6 0
173.7 0
173.8 0
173.9 0
174 0
174.1 0
174.2 0
174.3 0
174.4 0
174.5 0
174.6 0
174.7 0
174.8 0
174.9 0
175 0
175.1 0
175.2 0
175.3 0
175.4 0
175.5 0
175.6 0
175.7 0
175.8 0
175.9 0
176 0
176.1 0
176.2 0
176.3 0
176.4 0
176.5 0
176.6 0
176.7 0
176.8 0
176.9 0
177 0
177.1 0
177.2 0
177.3 0
177.4 0
177.5 0
177.6 0
177.7 0
177.8 0
177.9 0
178 0
178.1 0
178.2 0
178.3 0
178.4 0
178.5 0
178.6 0
178.7 0
178.8 0
178.9 0
179 0
179.1 0
179.2 0
179.3 0
179.4 0
179.5 0
179.6 0
179.7 0
179.8 0
179.9 0
180 0
180.1 0
180.2 0
180.3 0
180.4 0
180.5 0
180.6 0
180.7 0
180.8 0
180.9 0
181 0
181.1 0
181.2 0
181.3 0
181.4 0
181.5 0
181.6 0
181.7 0
181.8 0
181.9 0
182 0
182.1 0
182.2 0
182.3 0
182.4 0
182.5 0
182.6 0
182.7 0
182.8 0
182.9 0
183 0
183.1 0
183.2 0
183.3 0
183.4 0
183.5 0
183.6 0
183.7 0
183.8 0
183.9 0
184 0
184.1 0
184.2 0
184.3 0
184.4 0
184.5 0
184.6 0
184.7 0
184.8 0
184.9 0
185 0
185.1 0
185.2 0
185.3 0
185.4 0
185.5 0
185.6 0
185.7 0
185.8 0
185.9 0
186 0
186.1 0
186.2 0
186.3 0
186.4 0
186.5 0
186.6 0
186.7 0
186.8 0
186.9 0
187 0
187.1 0
187.2 0
187.3 0
187.4 0
187.5 0
187.6 0
187.7 0
187.8 0
187.9 0
188 0
188.1 0
188.2 0
188.3 0
188.4 0
188.5 0
188.6 0
188.7 0
188.8 0
188.9 0
189 0
189.1 0
189.2 0
189.3 0
189.4 0
189.5 0
189.6 0
189.7 0
189.8 0
189.9 0
190 0
190.1 0
190.2 0
190.3 0
190.4 0
190.5 0
190.6 0
190.7 0
190.8 0
190.9 0
191 0
191.1 0
191.2 0
191.3 0
191.4 0
191.5 0
191.6 0
191.7 0
191.8 0
191.9 0
192 0
192.1 0
192.2 0
192.3 0
192.4 0
192.5 0
192.6 0
192.7 0
192.8 0
192.9 0
193 0
193.1 0
193.2 0
193.3 0
193.4 0
193.5 0
193.6 0
193.7 0
193.8 0
193.9 0
194 0
194.1 0
194.2 0
194.3 0
194.4 0
194.5 0
194.6 0
194.7 0
194.8 0
194.9 0
195 0
195.1 0
195.2 0
195.3 0
195.4 0
195.5 0
195.6 0
195.7 0
195.8 0
195.9 0
196 0
196.1 0
196.2 0
196.3 0
196.4 0
196.5 0
196.6 0
196.7 0
196.8 0
196.9 0
197 0
197.1 0
197.2 0
197.3 0
197.4 0
197.5 0
197.6 0
197.7 0
197.8 0
197.9 0
198 0
198.1 0
198.2 0
198.3 0
198.4 0
198.5 0
198.6 0
198.7 0
198.8 0
198.9 0
199 0
199.1 0
199.2 0
199.3 0
199.4 0
199.5 0
199.6 0
199.7 0
199.8 0
199.9 0
200 0
200.1 0
200.2 0
200.3 0
200.4 0
200.5 0
200.6 0
200.7 0
200.8 0
200.9 0
201 0
201.1 0
201.2 0
201.3 0
201.4 0
201.5 0
201.6 0
201.7 0
201.8 0
201.9 0
202 0
202.1 0
202.2 0
202.3 0
202.4 0
202.5 0
202.6 0
202.7 0
202.8 0
202.9 0
203 0
203.1 0
203.2 0
203.3 0
203.4 0
203.5 0
203.6 0
203.7 0
203.8 0
203.9 0
204 0
204.1 0
204.2 0
204.3 0
204.4 0
204.5 0
204.6 0
204.7 0
