0 55.689
0.1 -2.09121
0.2 -58.6514
0.3 -108.101
0.4 -144.224
0.5 -162.017
0.6 -159.126
0.7 -136.728
0.8 -99.5681
0.9 -55.2085
1 -12.7175
1.1 18.9016
1.2 32.268
1.3 23.0088
1.4 -9.17577
1.5 -59.9554
1.6 -120.559
1.7 -178.961
1.8 -222.111
1.9 -238.908
2 -223.273
2.1 -176.388
2.2 -107.207
2.3 -30.8471
2.4 35.0123
2.5 74.7794
2.6 79.3171
2.7 48.7025
2.8 -7.53365
2.9 -72.8087
3 -127.829
3.1 -155.611
3.2 -145.786
3.3 -97.0274
3.4 -17.1374
3.5 79.1
3.6 173.558
3.7 248.919
3.8 292.361
3.9 298.023
4 267.836
4.1 210.675
4.2 140.086
4.3 71.0971
4.4 16.814
4.5 -14.457
4.6 -20.8818
4.7 -7.12534
4.8 17.2956
4.9 40.9349
5 53.799
5.1 50.2184
5.2 30.3484
5.3 -0.172799
5.4 -32.2825
5.5 -56.6138
5.6 -66.676
5.7 -61.0629
5.8 -44.0133
5.9 -24.1317
6 -11.7171
6.1 -15.5329
6.2 -40.0064
6.3 -83.6861
6.4 -139.383
6.5 -195.889
6.6 -240.753
6.7 -263.303
6.8 -257.082
6.9 -221.106
7 -159.691
7.1 -81.032
7.2 4.92574
7.3 88.6673
7.4 162.687
7.5 222.08
7.6 264.16
7.7 287.425
7.8 290.475
7.9 271.469
8 228.492
8.1 160.835
8.2 70.7771
8.3 -34.8854
8.4 -144.278
8.5 -241.424
8.6 -308.829
8.7 -331.215
8.8 -299.513
8.9 -213.988
9 -85.5176
9.1 65.5363
9.2 212.8
9.3 329.022
9.4 391.704
9.5 387.898
9.6 317.033
9.7 191.081
9.8 32.053
9.9 -132.588
10 -275.494
10.1 -374.692
10.2 -417.395
10.3 -401.563
10.4 -335.025
10.5 -232.541
10.6 -111.676
10.7 11.4013
10.8 125.073
10.9 223.617
11 306.457
11.1 375.695
11.2 432.816
11.3 475.76
11.4 497.513
11.5 486.89
11.6 431.519
11.7 322.227
11.8 157.479
11.9 -53.6441
12 -291.067
12.1 -526.322
12.2 -727.584
12.3 -865.841
12.4 -920.563
12.5 -883.451
12.6 -759.518
12.7 -565.523
12.8 -326.507
12.9 -71.4645
13 170.859
13.1 375.445
13.2 523.511
13.3 604.103
13.4 614.856
13.5 561.906
13.6 458.889
13.7 324.979
13.8 182.149
13.9 52.11
14 -46.5098
14.1 -100.237
14.2 -101.893
14.3 -50.9794
14.4 46.3296
14.5 177.281
14.6 322.821
14.7 458.545
14.8 556.987
14.9 591.658
15 542.512
15.1 401.666
15.2 177.572
15.3 -104.133
15.4 -404.08
15.5 -676.575
15.6 -879.219
15.7 -982.133
15.8 -974.169
15.9 -864.426
16 -678.851
16.1 -453.2
16.2 -224.559
16.3 -23.7631
16.4 129.561
16.5 228.638
16.6 278.161
16.7 290.855
16.8 283.096
16.9 270.618
17 265.009
17.1 271.466
17.2 288.125
17.3 307.074
17.4 316.905
17.5 306.28
17.6 267.611
17.7 199.768
17.8 108.933
17.9 7.24488
18 -90.3483
18.1 -169.982
18.2 -222.204
18.3 -243.681
18.4 -236.878
18.5 -208.12
18.6 -164.959
18.7 -113.965
18.8 -59.656
18.9 -4.71793
19 48.9055
19.1 98.7905
19.2 141.327
19.3 171.847
19.4 185.49
19.5 178.455
19.6 149.201
19.7 99.3228
19.8 33.9462
19.9 -38.3895
20 -106.43
20.1 -157.586
20.2 -180.035
20.3 -165.38
20.4 -111.331
20.5 -23.5967
20.6 83.8922
20.7 190.965
20.8 275.283
20.9 317.605
21 306.748
21.1 242.691
21.2 136.73
21.3 8.51554
21.4 -119.145
21.5 -226.114
21.6 -299.596
21.7 -336.32
21.8 -341.786
21.9 -327.114
22 -304.711
22.1 -284.232
22.2 -269.985
22.3 -260.332
22.4 -248.978
22.5 -227.49
22.6 -188.22
22.7 -126.836
22.8 -43.8919
22.9 54.8202
23 159.17
23.1 256.628
23.2 334.845
23.3 384.314
23.4 400.44
23.5 384.458
23.6 342.834
23.7 285.299
23.8 222.07
23.9 161.196
24 106.905
24.1 59.5221
24.2 16.8879
24.3 -23.3934
24.4 -61.8507
24.5 -96.0848
24.6 -121.142
24.7 -131.076
24.8 -120.953
24.9 -88.445
25 -34.4852
25.1 37.0277
25.2 119.977
25.3 206.622
25.4 287.705
25.5 352.278
25.6 387.887
25.7 381.835
25.8 323.788
25.9 209.234
26 42.6032
26.1 -161.384
26.2 -379.115
26.3 -582.239
26.4 -743.491
26.5 -842.327
26.6 -868.61
26.7 -823.305
26.8 -716.364
26.9 -563.022
27 -380.147
27.1 -183.947
27.2 10.6067
27.3 189.263
27.4 338.081
27.5 444.196
27.6 498.057
27.7 496.476
27.8 445.136
27.9 359.165
28 261
28.1 175.783
28.2 125.46
28.3 123.262
28.4 170.119
28.5 253.946
28.6 351.924
28.7 435.191
28.8 474.892
28.9 448.418
29 344.696
29.1 167.548
29.2 -63.6178
29.3 -316.166
29.4 -549.513
29.5 -722.506
29.6 -801.501
29.7 -767.365
29.8 -619.769
29.9 -377.725
30 -76.2522
30.1 239.996
30.2 524.681
30.3 737.65
30.4 851.293
30.5 854.468
30.6 753.544
30.7 570.558
30.8 338.783
30.9 96.3171
31 -121.293
31.1 -288.03
31.2 -392.386
31.3 -438.994
31.4 -446.231
31.5 -440.272
31.6 -447.134
31.7 -485.001
31.8 -559.054
31.9 -660.209
32 -767.873
32.1 -855.563
32.2 -897.463
32.3 -874.007
32.4 -775.242
32.5 -601.678
32.6 -363.136
32.7 -76.5011
32.8 236.84
32.9 553.447
33 850.073
33.1 1105.73
33.2 1303.51
33.3 1431.8
33.4 1484.81
33.5 1462.02
33.6 1367.05
33.7 1206.46
33.8 988.983
33.9 725.558
34 429.865
34.1 118.727
34.2 -188.351
34.3 -470.883
34.4 -710.095
34.5 -891.8
34.6 -1008.45
34.7 -1059.7
34.8 -1051.31
34.9 -993.195
35 -897.236
35.1 -775.893
35.2 -641.636
35.3 -506.873
35.4 -383.651
35.5 -282.588
35.6 -211.046
35.7 -171.224
35.8 -159.155
35.9 -165.421
36 -177.706
36.1 -184.467
36.2 -178.368
36.3 -158.052
36.4 -127.369
36.5 -92.0934
36.6 -55.1534
36.7 -11.9711
36.8 52.3454
36.9 162.66
37 349.748
37.1 642.79
37.2 1059.53
37.3 1595.87
37.4 2217.13
37.5 2853.68
37.6 3403.1
37.7 3740.55
37.8 3737.31
37.9 3285.39
38 2324.1
38.1 862.781
38.2 -1006.3
38.3 -3109.45
38.4 -5209.27
38.5 -7036.85
38.6 -8332.72
38.7 -8889.08
38.8 -8584.66
38.9 -7405.52
39 -5447.92
39.1 -2903.53
39.2 -30.3584
39.3 2884.11
39.4 5560.71
39.5 7761
39.6 9309.79
39.7 10106.2
39.8 10123.9
39.9 9402.75
40 8035.63
40.1 6153.78
40.2 3912.67
40.3 1479.98
40.4 -974.326
40.5 -3286.66
40.6 -5308
40.7 -6912.43
40.8 -8005.61
40.9 -8532.59
41 -8483.28
41.1 -7894.16
41.2 -6845.09
41.3 -5450.9
41.4 -3848.57
41.5 -2181.5
41.6 -583.329
41.7 836.419
41.8 2002.61
41.9 2879.28
42 3468.53
42.1 3803.88
42.2 3939.72
42.3 3938.82
42.4 3860.17
42.5 3749.3
42.6 3632.56
42.7 3516.01
42.8 3388.55
42.9 3228.27
43 3010.11
43.1 2713.15
43.2 2325.86
43.3 1848.48
43.4 1292.29
43.5 676.582
43.6 24.3808
43.7 -641.669
43.8 -1302.21
43.9 -1942.22
44 -2550.32
44.1 -3116.88
44.2 -3631.82
44.3 -4083.09
44.4 -4456.21
44.5 -4735.02
44.6 -4903.25
44.7 -4946.23
44.8 -4852.12
44.9 -4612.4
45 -4221.71
45.1 -3677.43
45.2 -2979.79
45.3 -2132.8
45.4 -1146.14
45.5 -37.6963
45.6 1164.13
45.7 2419.05
45.8 3675.22
45.9 4871.62
46 5942.24
46.1 6821.71
46.2 7451.38
46.3 7785.17
46.4 7794.3
46.5 7470.41
46.6 6826.45
46.7 5895.38
46.8 4726.83
46.9 3382.03
47 1928.13
47.1 432.521
47.2 -1041.64
47.3 -2438.41
47.4 -3710.29
47.5 -4818.13
47.6 -5730.47
47.7 -6422.93
47.8 -6878.13
47.9 -7086.12
48 -7044.95
48.1 -6761.09
48.2 -6249.27
48.3 -5531.88
48.4 -4638.2
48.5 -3603.82
48.6 -2470.38
48.7 -1285.27
48.8 -100.739
48.9 1028.25
49 2047.74
49.1 2909.69
49.2 3577.16
49.3 4028.44
49.4 4259.02
49.5 4280.85
49.6 4119.13
49.7 3807.71
49.8 3384.08
49.9 2885.29
50 2345.04
50.1 1792.22
50.2 1250.46
50.3 738.318
50.4 269.995
50.5 -143.453
50.6 -492.506
50.7 -767.443
50.8 -957.107
50.9 -1048.96
51 -1030.99
51.1 -895.376
51.2 -643.095
51.3 -287.995
51.4 141.283
51.5 602.612
51.6 1045.08
51.7 1416.16
51.8 1669.59
51.9 1772.27
52 1708.51
52.1 1481.17
52.2 1109.91
52.3 627.232
52.4 73.5865
52.5 -507.835
52.6 -1075.8
52.7 -1594.9
52.8 -2038.36
52.9 -2389.46
53 -2641.52
53.1 -2796.56
53.2 -2862.94
53.3 -2852.79
53.4 -2779.73
53.5 -2657.59
53.6 -2499.81
53.7 -2319.44
53.8 -2128.72
53.9 -1937.87
54 -1753.04
54.1 -1573.79
54.2 -1391.29
54.3 -1188.2
54.4 -940.8
54.5 -623.362
54.6 -213.871
54.7 300.298
54.8 918.139
54.9 1623.26
55 2384.92
55.1 3161.52
55.2 3905.63
55.3 4569.44
55.4 5109.59
55.5 5490.87
55.6 5688.23
55.7 5687.57
55.8 5485.24
55.9 5087.11
56 4507.25
56.1 3766.93
56.2 2893.82
56.3 1921.43
56.4 888.467
56.5 -162.162
56.6 -1185.29
56.7 -2136.38
56.8 -2975.37
56.9 -3670.9
57 -4204.08
57.1 -4570.88
57.2 -4782.16
57.3 -4860.96
57.4 -4837.31
57.5 -4741.41
57.6 -4596.8
57.7 -4415.19
57.8 -4194.61
57.9 -3921.28
58 -3575.3
58.1 -3138.34
58.2 -2601.69
58.3 -1972.09
58.4 -1273.83
58.5 -546.494
58.6 161.37
58.7 800.856
58.8 1331.72
58.9 1729.7
59 1990.64
59.1 2130.86
59.2 2183.7
59.3 2193.24
59.4 2206.27
59.5 2263.84
59.6 2393.85
59.7 2605.84
59.8 2888.89
59.9 3213.19
60 3535.09
60.1 3804.74
60.2 3974.88
60.3 4009
60.4 3887.25
60.5 3608.86
60.6 3190.88
60.7 2663.76
60.8 2064.94
60.9 1432.05
61 797.102
61.1 182.778
61.2 -398.739
61.3 -944.401
61.4 -1457.04
61.5 -1941.12
61.6 -2398.68
61.7 -2826.39
61.8 -3214.57
61.9 -3548.35
62 -3810.52
62.1 -3985.34
62.2 -4062.03
62.3 -4037.21
62.4 -3915.51
62.5 -3708.6
62.6 -3433.04
62.7 -3107.74
62.8 -2751.48
62.9 -2380.8
63 -2008.31
63.1 -1641.22
63.2 -1280.38
63.3 -920.059
63.4 -549.14
63.5 -153.92
63.6 277.585
63.7 750.823
63.8 1260.73
63.9 1790.05
64 2310.76
64.1 2788.56
64.2 3189.21
64.3 3485.1
64.4 3660.2
64.5 3712.26
64.6 3652.1
64.7 3500.53
64.8 3283.9
64.9 3029.56
65 2761.79
65.1 2498.6
65.2 2249.59
65.3 2014.97
65.4 1785.85
65.5 1546.22
65.6 1276.58
65.7 958.779
65.8 581.094
65.9 142.406
66 -345.845
66.1 -860.518
66.2 -1370.36
66.3 -1841.48
66.4 -2243.34
66.5 -2553.95
66.6 -2763.1
66.7 -2873.26
66.8 -2897.91
66.9 -2858.02
67 -2777.11
67.1 -2676.17
67.2 -2569.08
67.3 -2459.97
67.4 -2342.92
67.5 -2204.55
67.6 -2028.84
67.7 -1803.07
67.8 -1523.08
67.9 -1196.14
68 -840.499
68.1 -481.531
68.2 -145.615
68.3 146.286
68.4 383.41
68.5 566.979
68.6 708.68
68.7 826.619
68.8 940.246
68.9 1065.81
69 1213.42
69.1 1386.09
69.2 1580.33
69.3 1787.53
69.4 1995.44
69.5 2189.39
69.6 2353.12
69.7 2469.69
69.8 2522.79
69.9 2498.56
70 2387.97
70.1 2189.28
70.2 1910
70.3 1567.76
70.4 1189.34
70.5 807.76
70.6 457.262
70.7 167.07
70.8 -45.019
70.9 -177.511
71 -246.974
71.1 -285.615
71.2 -334.623
71.3 -434.512
71.4 -614.764
71.5 -885.556
71.6 -1233.96
71.7 -1625.84
71.8 -2013.02
71.9 -2343.82
72 -2574
72.1 -2675.42
72.2 -2640.38
72.3 -2481.07
72.4 -2224.95
72.5 -1907.88
72.6 -1566.83
72.7 -1233.94
72.8 -932.661
72.9 -676.171
73 -467.7
73.1 -302.152
73.2 -168.497
73.3 -52.5087
73.4 60.5213
73.5 183.435
73.6 325.494
73.7 491.47
73.8 681.53
73.9 891.707
74 1114.51
74.1 1339.35
74.2 1552.7
74.3 1738.19
74.4 1877.13
74.5 1950.07
74.6 1939.59
74.7 1834.03
74.8 1631.38
74.9 1342.3
75 990.949
75.1 613.033
75.2 251.21
75.3 -51.5246
75.4 -259.148
75.5 -349.013
75.6 -316.137
75.7 -174.37
75.8 45.5136
75.9 300.392
76 541.763
76.1 723.3
76.2 808.194
76.3 775.053
76.4 620.981
76.5 361.95
76.6 29.4393
76.7 -335.88
76.8 -691.852
76.9 -1002.52
77 -1243.86
77.1 -1406.15
77.2 -1492.68
77.3 -1515.68
77.4 -1490.75
77.5 -1431.75
77.6 -1348.1
77.7 -1244.66
77.8 -1123.86
77.9 -988.837
78 -845.45
78.1 -702.73
78.2 -571.392
78.3 -460.713
78.4 -375.548
78.5 -314.552
78.6 -270.341
78.7 -231.424
78.8 -185.147
78.9 -120.587
79 -30.495
79.1 87.9272
79.2 233.346
79.3 400.944
79.4 583.435
79.5 771.641
79.6 955.094
79.7 1122.74
79.8 1263.96
79.9 1369.72
80 1433.77
80.1 1453.22
80.2 1428.55
80.3 1362.9
80.4 1261.11
80.5 1128.83
80.6 972.031
80.7 796.925
80.8 610.228
80.9 419.213
81 231.458
81.1 54.1017
81.2 -107.054
81.3 -248.304
81.4 -368.323
81.5 -467.848
81.6 -548.939
81.7 -614.143
81.8 -665.788
81.9 -705.649
82 -734.96
82.1 -754.56
82.2 -765.001
82.3 -766.515
82.4 -758.908
82.5 -741.531
82.6 -713.483
82.7 -674.058
82.8 -623.308
82.9 -562.548
83 -494.462
83.1 -422.84
83.2 -351.941
83.3 -285.721
83.4 -227.202
83.5 -178.076
83.6 -138.679
83.7 -108.103
83.8 -84.4531
83.9 -65.1863
84 -47.3674
84.1 -27.9766
84.2 -4.29394
84.3 25.7216
84.4 63.0805
84.5 107.642
84.6 158.247
84.7 213.094
84.8 270.225
84.9 327.897
85 384.736
85.1 439.602
85.2 491.258
85.3 538.082
85.4 577.942
85.5 608.381
85.6 627.008
85.7 632.008
85.8 622.546
85.9 598.925
86 562.507
86.1 515.442
86.2 460.329
86.3 399.835
86.4 336.383
86.5 271.84
86.6 207.261
86.7 142.706
86.8 77.2532
86.9 9.2741
87 -62.9873
87.1 -140.696
87.2 -223.708
87.3 -310.175
87.4 -396.608
87.5 -478.399
87.6 -550.67
87.7 -609.131
87.8 -650.677
87.9 -673.591
88 -677.374
88.1 -662.396
88.2 -629.601
88.3 -580.389
88.4 -516.768
88.5 -441.528
88.6 -358.317
88.7 -271.484
88.8 -185.648
88.9 -105.123
89 -33.3722
89.1 27.3575
89.2 76.1321
89.3 113.253
89.4 140.052
89.5 158.642
89.6 171.655
89.7 181.915
89.8 192.02
89.9 203.842
90 218.101
90.1 234.155
90.2 250.129
90.3 263.418
90.4 271.426
90.5 272.307
90.6 265.444
90.7 251.557
90.8 232.42
90.9 210.348
91 187.679
91.1 166.407
91.2 148.027
91.3 133.535
91.4 123.473
91.5 117.932
91.6 116.483
91.7 118.125
91.8 121.324
91.9 124.189
92 124.76
92.1 121.325
92.2 112.653
92.3 98.0683
92.4 77.4305
92.5 51.0615
92.6 19.6955
92.7 -15.5276
92.8 -53.0631
92.9 -91.0491
93 -127.524
93.1 -160.727
93.2 -189.415
93.3 -213.029
93.4 -231.64
93.5 -245.697
93.6 -255.695
93.7 -261.907
93.8 -264.325
93.9 -262.782
94 -257.168
94.1 -247.6
94.2 -234.439
94.3 -218.152
94.4 -199.121
94.5 -177.538
94.6 -153.463
94.7 -127.023
94.8 -98.6267
94.9 -69.0525
95 -39.3388
95.1 -10.5171
95.2 16.6489
95.3 41.7839
95.4 64.7995
95.5 85.6368
95.6 104.04
95.7 119.523
95.8 131.61
95.9 140.229
96 146.061
96.1 150.59
96.2 155.76
96.3 163.346
96.4 174.285
96.5 188.27
96.6 203.777
96.7 218.521
96.8 230.102
96.9 236.58
97 236.762
97.1 230.162
97.2 216.793
97.3 196.957
97.4 171.2
97.5 140.407
97.6 105.906
97.7 69.3964
97.8 32.6733
97.9 -2.80807
98 -36.2718
98.1 -67.6689
98.2 -97.3939
98.3 -125.727
98.4 -152.363
98.5 -176.256
98.6 -195.918
98.7 -210.044
98.8 -218.117
98.9 -220.689
99 -219.144
99.1 -215.031
99.2 -209.333
99.3 -202.016
99.4 -192.139
99.5 -178.475
99.6 -160.317
99.7 -138.084
99.8 -113.396
99.9 -88.6053
100 -66.0018
100.1 -47.083
100.2 -32.2095
100.3 -20.7349
100.4 -11.4434
100.5 -3.01345
100.6 5.76076
100.7 16.0447
100.8 29.1462
100.9 46.5622
101 69.6775
101.1 99.1425
101.2 134.215
101.3 172.423
101.4 209.817
101.5 241.824
101.6 264.386
101.7 274.912
101.8 272.676
101.9 258.487
102 233.894
102.1 200.368
102.2 158.897
102.3 110.239
102.4 0
102.5 0
102.6 0
102.7 0
102.8 0
102.9 0
103 0
103.1 0
103.2 0
103.3 0
103.4 0
103.5 0
103.6 0
103.7 0
103.8 0
103.9 0
104 0
104.1 0
104.2 0
104.3 0
104.4 0
104.5 0
104.6 0
104.7 0
104.8 0
104.9 0
105 0
105.1 0
105.2 0
105.3 0
105.4 0
105.5 0
105.6 0
105.7 0
105.8 0
105.9 0
106 0
106.1 0
106.2 0
106.3 0
106.4 0
106.5 0
106.6 0
106.7 0
106.8 0
106.9 0
107 0
107.1 0
107.2 0
107.3 0
107.4 0
107.5 0
107.6 0
107.7 0
107.8 0
107.9 0
108 0
108.1 0
108.2 0
108.3 0
108.4 0
108.5 0
108.6 0
108.7 0
108.8 0
108.9 0
109 0
109.1 0
109.2 0
109.3 0
109.4 0
109.5 0
109.6 0
109.7 0
109.8 0
109.9 0
110 0
110.1 0
110.2 0
110.3 0
110.4 0
110.5 0
110.6 0
110.7 0
110.8 0
110.9 0
111 0
111.1 0
111.2 0
111.3 0
111.4 0
111.5 0
111.6 0
111.7 0
111.8 0
111.9 0
112 0
112.1 0
112.2 0
112.3 0
112.4 0
112.5 0
112.6 0
112.7 0
112.8 0
112.9 0
113 0
113.1 0
113.2 0
113.3 0
113.4 0
113.5 0
113.6 0
113.7 0
113.8 0
113.9 0
114 0
114.1 0
114.2 0
114.3 0
114.4 0
114.5 0
114.6 0
114.7 0
114.8 0
114.9 0
115 0
115.1 0
115.2 0
115.3 0
115.4 0
115.5 0
115.6 0
115.7 0
115.8 0
115.9 0
116 0
116.1 0
116.2 0
116.3 0
116.4 0
116.5 0
116.6 0
116.7 0
116.8 0
116.9 0
117 0
117.1 0
117.2 0
117.3 0
117.4 0
117.5 0
117.6 0
117.7 0
117.8 0
117.9 0
118 0
118.1 0
118.2 0
118.3 0
118.4 0
118.5 0
118.6 0
118.7 0
118.8 0
118.9 0
119 0
119.1 0
119.2 0
119.3 0
119.4 0
119.5 0
119.6 0
119.7 0
119.8 0
119.9 0
120 0
120.1 0
120.2 0
120.3 0
120.4 0
120.5 0
120.6 0
120.7 0
120.8 0
120.9 0
121 0
121.1 0
121.2 0
121.3 0
121.4 0
121.5 0
121.6 0
121.7 0
121.8 0
121.9 0
122 0
122.1 0
122.2 0
122.3 0
122.4 0
122.5 0
122.6 0
122.7 0
122.8 0
122.9 0
123 0
123.1 0
123.2 0
123.3 0
123.4 0
123.5 0
123.6 0
123.7 0
123.8 0
123.9 0
124 0
124.1 0
124.2 0
124.3 0
124.4 0
124.5 0
124.6 0
124.7 0
124.8 0
124.9 0
125 0
125.1 0
125.2 0
125.3 0
125.4 0
125.5 0
125.6 0
125.7 0
125.8 0
125.9 0
126 0
126.1 0
126.2 0
126.3 0
126.4 0
126.5 0
126.6 0
126.7 0
126.8 0
126.9 0
127 0
127.1 0
127.2 0
127.3 0
127.4 0
127.5 0
127.6 0
127.7 0
127.8 0
127.9 0
128 0
128.1 0
128.2 0
128.3 0
128.4 0
128.5 0
128.6 0
128.7 0
128.8 0
128.9 0
129 0
129.1 0
129.2 0
129.3 0
129.4 0
129.5 0
129.6 0
129.7 0
129.8 0
129.9 0
130 0
130.1 0
130.2 0
130.3 0
130.4 0
130.5 0
130.6 0
130.7 0
130.8 0
130.9 0
131 0
131.1 0
131.2 0
131.3 0
131.4 0
131.5 0
131.6 0
131.7 0
131.8 0
131.9 0
132 0
132.1 0
132.2 0
132.3 0
132.4 0
132.5 0
132.6 0
132.7 0
132.8 0
132.9 0
133 0
133.1 0
133.2 0
133.3 0
133.4 0
133.5 0
133.6 0
133.7 0
133.8 0
133.9 0
134 0
134.1 0
134.2 0
134.3 0
134.4 0
134.5 0
134.6 0
134.7 0
134.8 0
134.9 0
135 0
135.1 0
135.2 0
135.3 0
135.4 0
135.5 0
135.6 0
135.7 0
135.8 0
135.9 0
136 0
136.1 0
136.2 0
136.3 0
136.4 0
136.5 0
136.6 0
136.7 0
136.8 0
136.9 0
137 0
137.1 0
137.2 0
137.3 0
137.4 0
137.5 0
137.6 0
137.7 0
137.8 0
137.9 0
138 0
138.1 0
138.2 0
138.3 0
138.4 0
138.5 0
138.6 0
138.7 0
138.8 0
138.9 0
139 0
139.1 0
139.2 0
139.3 0
139.4 0
139.5 0
139.6 0
139.7 0
139.8 0
139.9 0
140 0
140.1 0
140.2 0
140.3 0
140.4 0
140.5 0
140.6 0
140.7 0
140.8 0
140.9 0
141 0
141.1 0
141.2 0
141.3 0
141.4 0
141.5 0
141.6 0
141.7 0
141.8 0
141.9 0
142 0
142.1 0
142.2 0
142.3 0
142.4 0
142.5 0
142.6 0
142.7 0
142.8 0
142.9 0
143 0
143.1 0
143.2 0
143.3 0
143.4 0
143.5 0
143.6 0
143.7 0
143.8 0
143.9 0
144 0
144.1 0
144.2 0
144.3 0
144.4 0
144.5 0
144.6 0
144.7 0
144.8 0
144.9 0
145 0
145.1 0
145.2 0
145.3 0
145.4 0
145.5 0
145.6 0
145.7 0
145.8 0
145.9 0
146 0
146.1 0
146.2 0
146.3 0
146.4 0
146.5 0
146.6 0
146.7 0
146.8 0
146.9 0
147 0
147.1 0
147.2 0
147.3 0
147.4 0
147.5 0
147.6 0
147.7 0
147.8 0
147.9 0
148 0
148.1 0
148.2 0
148.3 0
148.4 0
148.5 0
148.6 0
148.7 0
148.8 0
148.9 0
149 0
149.1 0
149.2 0
149.3 0
149.4 0
149.5 0
149.6 0
149.7 0
149.8 0
149.9 0
150 0
150.1 0
150.2 0
150.3 0
150.4 0
150.5 0
150.6 0
150.7 0
150.8 0
150.9 0
151 0
151.1 0
151.2 0
151.3 0
151.4 0
151.5 0
151.6 0
151.7 0
151.8 0
151.9 0
152 0
152.1 0
152.2 0
152.3 0
152.4 0
152.5 0
152.6 0
152.7 0
152.8 0
152.9 0
153 0
153.1 0
153.2 0
153.3 0
153.4 0
153.5 0
153.6 0
153.7 0
153.8 0
153.9 0
154 0
154.1 0
154.2 0
154.3 0
154.4 0
154.5 0
154.6 0
154.7 0
154.8 0
154.9 0
155 0
155.1 0
155.2 0
155.3 0
155.4 0
155.5 0
155.6 0
155.7 0
155.8 0
155.9 0
156 0
156.1 0
156.2 0
156.3 0
156.4 0
156.5 0
156.6 0
156.7 0
156.8 0
156.9 0
157 0
157.1 0
157.2 0
157.3 0
157.4 0
157.5 0
157.6 0
157.7 0
157.8 0
157.9 0
158 0
158.1 0
158.2 0
158.3 0
158.4 0
158.5 0
158.6 0
158.7 0
158.8 0
158.9 0
159 0
159.1 0
159.2 0
159.3 0
159.4 0
159.5 0
159.6 0
159.7 0
159.8 0
159.9 0
160 0
160.1 0
160.2 0
160.3 0
160.4 0
160.5 0
160.6 0
160.7 0
160.8 0
160.9 0
161 0
161.1 0
161.2 0
161.3 0
161.4 0
161.5 0
161.6 0
161.7 0
161.8 0
161.9 0
162 0
162.1 0
162.2 0
162.3 0
162.4 0
162.5 0
162.6 0
162.7 0
162.8 0
162.9 0
163 0
163.1 0
163.2 0
163.3 0
163.4 0
163.5 0
163.6 0
163.7 0
163.8 0
163.9 0
164 0
164.1 0
164.2 0
164.3 0
164.4 0
164.5 0
164.6 0
164.7 0
164.8 0
164.9 0
165 0
165.1 0
165.2 0
165.3 0
165.4 0
165.5 0
165.6 0
165.7 0
165.8 0
165.9 0
166 0
166.1 0
166.2 0
166.3 0
166.4 0
166.5 0
166.6 0
166.7 0
166.8 0
166.9 0
167 0
167.1 0
167.2 0
167.3 0
167.4 0
167.5 0
167.6 0
167.7 0
167.8 0
167.9 0
168 0
168.1 0
168.2 0
168.3 0
168.4 0
168.5 0
168.6 0
168.7 0
168.8 0
168.9 0
169 0
169.1 0
169.2 0
169.3 0
169.4 0
169.5 0
169.6 0
169.7 0
169.8 0
169.9 0
170 0
170.1 0
170.2 0
170.3 0
170.4 0
170.5 0
170.6 0
170.7 0
170.8 0
170.9 0
171 0
171.1 0
171.2 0
171.3 0
171.4 0
171.5 0
171.6 0
171.7 0
171.8 0
171.9 0
172 0
172.1 0
172.2 0
172.3 0
172.4 0
172.5 0
172.6 0
172.7 0
172.8 0
172.9 0
173 0
173.1 0
173.2 0
173.3 0
173.4 0
173.5 0
173.6 0
173.7 0
173.8 0
173.9 0
174 0
174.1 0
174.2 0
174.3 0
174.4 0
174.5 0
174.6 0
174.7 0
174.8 0
174.9 0
175 0
175.1 0
175.2 0
175.3 0
175.4 0
175.5 0
175.6 0
175.7 0
175.8 0
175.9 0
176 0
176.1 0
176.2 0
176.3 0
176.4 0
176.5 0
176.6 0
176.7 0
176.8 0
176.9 0
177 0
177.1 0
177.2 0
177.3 0
177.4 0
177.5 0
177.6 0
177.7 0
177.8 0
177.9 0
178 0
178.1 0
178.2 0
178.3 0
178.4 0
178.5 0
178.6 0
178.7 0
178.8 0
178.9 0
179 0
179.1 0
179.2 0
179.3 0
179.4 0
179.5 0
179.6 0
179.7 0
179.8 0
179.9 0
180 0
180.1 0
180.2 0
180.3 0
180.4 0
180.5 0
180.6 0
180.7 0
180.8 0
180.9 0
181 0
181.1 0
181.2 0
181.3 0
181.4 0
181.5 0
181.6 0
181.7 0
181.8 0
181.9 0
182 0
182.1 0
182.2 0
182.3 0
182.4 0
182.5 0
182.6 0
182.7 0
182.8 0
182.9 0
183 0
183.1 0
183.2 0
183.3 0
183.4 0
183.5 0
183.6 0
183.7 0
183.8 0
183.9 0
184 0
184.1 0
184.2 0
184.3 0
184.4 0
184.5 0
184.6 0
184.7 0
184.8 0
184.9 0
185 0
185.1 0
185.2 0
185.3 0
185.4 0
185.5 0
185.6 0
185.7 0
185.8 0
185.9 0
186 0
186.1 0
186.2 0
186.3 0
186.4 0
186.5 0
186.6 0
186.7 0
186.8 0
186.9 0
187 0
187.1 0
187.2 0
187.3 0
187.4 0
187.5 0
187.6 0
187.7 0
187.8 0
187.9 0
188 0
188.1 0
188.2 0
188.3 0
188.4 0
188.5 0
188.6 0
188.7 0
188.8 0
188.9 0
189 0
189.1 0
189.2 0
189.3 0
189.4 0
189.5 0
189.6 0
189.7 0
189.8 0
189.9 0
190 0
190.1 0
190.2 0
190.3 0
190.4 0
190.5 0
190.6 0
190.7 0
190.8 0
190.9 0
191 0
191.1 0
191.2 0
191.3 0
191.4 0
191.5 0
191.6 0
191.7 0
191.8 0
191.9 0
192 0
192.1 0
192.2 0
192.3 0
192.4 0
192.5 0
192.6 0
192.7 0
192.8 0
192.9 0
193 0
193.1 0
193.2 0
193.3 0
193.4 0
193.5 0
193.6 0
193.7 0
193.8 0
193.9 0
194 0
194.1 0
194.2 0
194.3 0
194.4 0
194.5 0
194.6 0
194.7 0
194.8 0
194.9 0
195 0
195.1 0
195.2 0
195.3 0
195.4 0
195.5 0
195.6 0
195.7 0
195.8 0
195.9 0
196 0
196.1 0
196.2 0
196.3 0
196.4 0
196.5 0
196.6 0
196.7 0
196.8 0
196.9 0
197 0
197.1 0
197.2 0
197.3 0
197.4 0
197.5 0
197.6 0
197.7 0
197.8 0
197.9 0
198 0
198.1 0
198.2 0
198.3 0
198.4 0
198.5 0
198.6 0
198.7 0
198.8 0
198.9 0
199 0
199.1 0
199.2 0
199.3 0
199.4 0
199.5 0
199.6 0
199.7 0
199.8 0
199.9 0
200 0
200.1 0
200.2 0
200.3 0
200.4 0
200.5 0
200.6 0
200.7 0
200.8 0
200.9 0
201 0
201.1 0
201.2 0
201.3 0
201.4 0
201.5 0
201.6 0
201.7 0
201.8 0
201.9 0
202 0
202.1 0
202.2 0
202.3 0
202.4 0
202.5 0
202.6 0
202.7 0
202.8 0
202.9 0
203 0
203.1 0
203.2 0
203.3 0
203.4 0
203.5 0
203.6 0
203.7 0
203.8 0
203.9 0
204 0
204.1 0
204.2 0
204.3 0
204.4 0
204.5 0
204.6 0
204.7 0
