0 -50.7993
0.1 -96.1184
0.2 -135.384
0.3 -162.431
0.4 -172.577
0.5 -164.134
0.6 -139.34
0.7 -104.319
0.8 -67.9242
0.9 -39.7305
1 -27.6474
1.1 -35.8092
1.2 -63.3331
1.3 -104.292
1.4 -148.951
1.5 -185.989
1.6 -205.169
1.7 -199.823
1.8 -168.54
1.9 -115.628
2 -50.2118
2.1 15.8455
2.2 70.715
2.3 105.344
2.4 115.493
2.5 102.53
2.6 72.7524
2.7 35.5123
2.8 0.675389
2.9 -23.8421
3 -33.7458
3.1 -28.8384
3.2 -12.2726
3.3 11.0878
3.4 36.569
3.5 61.233
3.6 84.5872
3.7 108.275
3.8 134.93
3.9 166.607
4 203.321
4.1 242.191
4.2 277.486
4.3 301.553
4.4 306.458
4.5 285.871
4.6 236.737
4.7 160.35
4.8 62.5373
4.9 -47.0347
5 -156.326
5.1 -252.858
5.2 -325.781
5.3 -367.733
5.4 -376.168
5.5 -353.881
5.6 -308.567
5.7 -251.364
5.8 -194.557
5.9 -148.851
6 -120.849
6.1 -111.43
6.2 -115.567
6.3 -123.801
6.4 -125.016
6.5 -109.738
6.6 -72.9373
6.7 -15.4319
6.8 56.5577
6.9 133.471
7 205.317
7.1 264.381
7.2 306.788
7.3 332.519
7.4 344.045
7.5 344.258
7.6 334.605
7.7 314.087
7.8 279.454
7.9 226.453
8 151.645
8.1 54.2443
8.2 -62.4751
8.3 -190.593
8.4 -317.87
8.5 -429.079
8.6 -508.263
8.7 -541.654
8.8 -520.741
8.9 -444.754
9 -321.734
9.1 -167.67
9.2 -3.61387
9.3 148.569
9.4 270.659
9.5 351.44
9.6 387.975
9.7 384.578
9.8 350.083
9.9 294.573
10 226.797
10.1 153.093
10.2 77.8359
10.3 4.81592
10.4 -61.4168
10.5 -115.038
10.6 -149.568
10.7 -159.365
10.8 -141.372
10.9 -96.4457
11 -29.8821
11.1 48.9382
11.2 127.582
11.3 192.041
11.4 228.514
11.5 225.442
11.6 175.675
11.7 78.4876
11.8 -59.1187
11.9 -222.403
12 -390.549
12.1 -539.889
12.2 -647.999
12.3 -697.636
12.4 -679.497
12.5 -593.194
12.6 -446.508
12.7 -253.489
12.8 -32.2067
12.9 197.237
13 414.267
13.1 599.205
13.2 734.821
13.3 808.255
13.4 813.052
13.5 750.704
13.6 630.995
13.7 470.764
13.8 291.205
13.9 114.354
14 -40.3355
14.1 -158.575
14.2 -232.622
14.3 -261.53
14.4 -250.621
14.5 -210.46
14.6 -155.436
14.7 -101.836
14.8 -65.3067
14.9 -57.9173
15 -85.3837
15.1 -145.332
15.2 -227.359
15.3 -315.18
15.4 -390.442
15.5 -437.131
15.6 -445.269
15.7 -412.812
15.8 -345.329
15.9 -253.781
16 -151.293
16.1 -49.9559
16.2 41.5194
16.3 118.923
16.4 182.471
16.5 235.794
16.6 284.289
16.7 333.091
16.8 384.924
16.9 438.265
17 486.356
17.1 517.673
17.2 518.161
17.3 474.998
17.4 381.006
17.5 238.324
17.6 59.9604
17.7 -131.634
17.8 -308.911
17.9 -445.399
18 -521.942
18.1 -531.192
18.2 -479.027
18.3 -382.609
18.4 -265.743
18.5 -152.961
18.6 -63.9683
18.7 -9.7948
18.8 8.59328
18.9 -0.818703
19 -24.1659
19.1 -45.8312
19.2 -52.5986
19.3 -36.8859
19.4 1.65268
19.5 56.4949
19.6 116.472
19.7 169.246
19.8 205.07
19.9 219.705
20 215.551
20.1 200.589
20.2 185.396
20.3 179.205
20.4 186.329
20.5 204.18
20.6 223.629
20.7 231.615
20.8 215.185
20.9 165.643
21 81.5044
21.1 -30.6217
21.2 -157.406
21.3 -281.891
21.4 -387.311
21.5 -460.536
21.6 -494.304
21.7 -487.817
21.8 -445.812
21.9 -376.575
22 -289.522
22.1 -193.025
22.2 -92.965
22.3 7.65943
22.4 108.028
22.5 207.896
22.6 305.573
22.7 396.139
22.8 470.624
22.9 516.695
23 521.011
23.1 472.819
23.2 367.842
23.3 211.223
23.4 18.3757
23.5 -186.84
23.6 -376.385
23.7 -523.702
23.8 -609.207
23.9 -624.071
24 -571.312
24.1 -464.053
24.2 -321.702
24.3 -165.313
24.4 -13.4487
24.5 120.521
24.6 229.382
24.7 311.553
24.8 369.657
24.9 408.743
25 434.55
25.1 451.979
25.2 463.844
25.3 470.014
25.4 467.184
25.5 449.475
25.6 409.93
25.7 342.631
25.8 244.851
25.9 118.539
26 -29.4156
26.1 -188.252
26.2 -345.347
26.3 -488.43
26.4 -607.229
26.5 -694.116
26.6 -743.805
26.7 -752.647
26.8 -718.187
26.9 -639.503
27 -518.366
27.1 -360.74
27.2 -177.863
27.3 13.8522
27.4 194.48
27.5 343.66
27.6 444.43
27.7 486.857
27.8 470.489
27.9 404.922
28 308.225
28.1 203.433
28.2 113.821
28.3 57.9442
28.4 45.5784
28.5 75.5469
28.6 136.041
28.7 207.447
28.8 267.033
28.9 294.343
29 275.912
29.1 208.154
29.2 97.7891
29.3 -40.0561
29.4 -185.339
29.5 -317.103
29.6 -417.002
29.7 -471.703
29.8 -474.034
29.9 -423.093
30 -323.678
30.1 -185.337
30.2 -21.1545
30.3 153.686
30.4 323.506
30.5 473.714
30.6 592.069
30.7 669.338
30.8 699.284
30.9 678.187
31 604.348
31.1 478.002
31.2 301.899
31.3 82.3604
31.4 -169.665
31.5 -438.198
31.6 -702.945
31.7 -941.227
31.8 -1130.78
31.9 -1252.82
32 -1294.61
32.1 -1251.14
32.2 -1125.65
32.3 -928.938
32.4 -677.754
32.5 -392.454
32.6 -94.1078
32.7 198.498
32.8 471.47
32.9 717.384
33 935.247
33.1 1128.6
33.2 1302.1
33.3 1457.45
33.4 1589.93
33.5 1686.83
33.6 1728.26
33.7 1690.56
33.8 1551.27
33.9 1294.53
34 915.712
34.1 424.259
34.2 -155.416
34.3 -785.022
34.4 -1415.18
34.5 -1989.7
34.6 -2451.18
34.7 -2747.8
34.8 -2840.49
34.9 -2709.66
35 -2359.84
35.1 -1820.83
35.2 -1144.61
35.3 -398.198
35.4 345.947
35.5 1019.89
35.6 1567.92
35.7 1950.5
35.8 2144.13
35.9 2138.3
36 1931.95
36.1 1531.76
36.2 954.019
36.3 229.855
36.4 -587.65
36.5 -1417.84
36.6 -2151.85
36.7 -2659.93
36.8 -2807.78
36.9 -2480.72
37 -1611.85
37.1 -208.616
37.2 1629.03
37.3 3704.56
37.4 5739.17
37.5 7404.84
37.6 8372.92
37.7 8370.97
37.8 7237.61
37.9 4964.43
38 1715.04
38.1 -2184.58
38.2 -6284.83
38.3 -10075.1
38.4 -13058.9
38.5 -14829.1
38.6 -15127.8
38.7 -13882.3
38.8 -11210.4
38.9 -7397.26
39 -2849.3
39.1 1964.55
39.2 6572.91
39.3 10554.6
39.4 13577.1
39.5 15419.9
39.6 15981.7
39.7 15276.3
39.8 13420.2
39.9 10614.8
40 7124.71
40.1 3254.39
40.2 -676.913
40.3 -4361.12
40.4 -7526.18
40.5 -9957.9
40.6 -11516.4
40.7 -12145.3
40.8 -11871.9
40.9 -10799.6
41 -9092.68
41.1 -6955.89
41.2 -4611.34
41.3 -2275.29
41.4 -137.075
41.5 1657.77
41.6 3018.65
41.7 3914.21
41.8 4369.42
41.9 4455.95
42 4277.13
42.1 3949.86
42.2 3586.33
42.3 3278.27
42.4 3086.23
42.5 3034.91
42.6 3114.67
42.7 3287.9
42.8 3498.31
42.9 3681.24
43 3772.94
43.1 3718.15
43.2 3475.17
43.3 3018.91
43.4 2342.07
43.5 1454.9
43.6 384.045
43.7 -829.47
43.8 -2132.68
43.9 -3463.56
44 -4754.27
44.1 -5934.7
44.2 -6936.68
44.3 -7698.57
44.4 -8170.23
44.5 -8317.59
44.6 -8125.97
44.7 -7601.15
44.8 -6767.76
44.9 -5665.03
45 -4340.95
45.1 -2846.47
45.2 -1231.21
45.3 458.053
45.4 2176.25
45.5 3876.92
45.6 5508.92
45.7 7014.49
45.8 8329.89
45.9 9388.83
46 10128.1
46.1 10494.4
46.2 10450.5
46.3 9980.96
46.4 9094.55
46.5 7825.53
46.6 6231.53
46.7 4389.42
46.8 2389.09
46.9 326.023
47 -1706.3
47.1 -3622.78
47.2 -5351.06
47.3 -6833.15
47.4 -8024.99
47.5 -8894.67
47.6 -9420.71
47.7 -9591.43
47.8 -9405.62
47.9 -8874.17
48 -8021.74
48.1 -6887.57
48.2 -5524.86
48.3 -3998.79
48.4 -2383.42
48.5 -758.059
48.6 796.966
48.7 2205.08
48.8 3399.03
48.9 4326.91
49 4957.86
49.1 5286
49.2 5331.1
49.3 5135.25
49.4 4755.65
49.5 4255.06
49.6 3692.14
49.7 3113.88
49.8 2551.72
49.9 2021.54
50 1526.8
50.1 1063.31
50.2 624.179
50.3 203.994
50.4 -198.173
50.5 -576.904
50.6 -919.686
50.7 -1207.43
50.8 -1416.51
50.9 -1522.5
51 -1505.11
51.1 -1353.53
51.2 -1070.65
51.3 -675.076
51.4 -200.066
51.5 310.235
51.6 806.41
51.7 1239.84
51.8 1568.09
51.9 1758.85
52 1792.49
52.1 1663.19
52.2 1379.14
52.3 961.604
52.4 442.653
52.5 -138.414
52.6 -739.846
52.7 -1322.58
52.8 -1854.64
52.9 -2313.85
53 -2688.2
53.1 -2974.22
53.2 -3174.17
53.3 -3293.12
53.4 -3336.85
53.5 -3310.77
53.6 -3219.62
53.7 -3067.4
53.8 -2856.97
53.9 -2589.35
54 -2263.13
54.1 -1874.55
54.2 -1418.65
54.3 -891.495
54.4 -292.835
54.5 371.605
54.6 1088.91
54.7 1839.12
54.8 2596.64
54.9 3332.14
55 4014.64
55.1 4613.29
55.2 5098.9
55.3 5445.43
55.4 5631.72
55.5 5643.28
55.6 5473.98
55.7 5127.11
55.8 4615.42
55.9 3960.14
56 3189.18
56.1 2334.88
56.2 1431.86
56.3 515.085
56.4 -381.976
56.5 -1229.1
56.6 -2001.23
56.7 -2680.22
56.8 -3256.16
56.9 -3727.51
57 -4099.94
57.1 -4383.61
57.2 -4589.61
57.3 -4726.14
57.4 -4795.76
57.5 -4794
57.6 -4710.24
57.7 -4530.28
57.8 -4240.53
57.9 -3832.72
58 -3308.28
58.1 -2681.48
58.2 -1980.41
58.3 -1245.29
58.4 -523.945
58.5 135.089
58.6 690.594
58.7 1116.34
58.8 1406.52
58.9 1577.39
59 1664.47
59.1 1715.56
59.2 1781.02
59.3 1903.45
59.4 2109.11
59.5 2403
59.6 2768.49
59.7 3171.42
59.8 3567.35
59.9 3910.13
60 4159.95
60.1 4289.17
60.2 4285.03
60.3 4149.12
60.4 3894.18
60.5 3539.26
60.6 3104.5
60.7 2606.86
60.8 2057.64
60.9 1462.45
61 823.437
61.1 143.118
61.2 -571.314
61.3 -1304.59
61.4 -2032.07
61.5 -2721.14
61.6 -3335.33
61.7 -3840.05
61.8 -4208.63
61.9 -4427.04
62 -4496
62.1 -4430.14
62.2 -4254.58
62.3 -3999.84
62.4 -3696.74
62.5 -3372.02
62.6 -3045.76
62.7 -2730.25
62.8 -2430.12
62.9 -2143.21
63 -1861.6
63.1 -1573.03
63.2 -1262.67
63.3 -915.442
63.4 -518.994
63.5 -66.7465
63.6 439.544
63.7 988.48
63.8 1559.46
63.9 2124.92
64 2653.89
64.1 3116.26
64.2 3486.73
64.3 3747.96
64.4 3892.37
64.5 3922.55
64.6 3850.29
64.7 3694.43
64.8 3477.78
64.9 3223.37
65 2950.79
65.1 2673.02
65.2 2394.69
65.3 2112.16
65.4 1815.53
65.5 1492.28
65.6 1131.54
65.7 728.098
65.8 284.998
65.9 -185.836
66 -665.03
66.1 -1128.92
66.2 -1553.66
66.3 -1919.44
66.4 -2213.86
66.5 -2433.89
66.6 -2585.83
66.7 -2683.39
66.8 -2743.98
66.9 -2784.2
67 -2815.47
67.1 -2841.01
67.2 -2855.14
67.3 -2845.14
67.4 -2795.18
67.5 -2691.28
67.6 -2525.59
67.7 -2298.68
67.8 -2019.34
67.9 -1701.84
68 -1361.99
68.1 -1013.35
68.2 -664.786
68.3 -320.073
68.4 20.6594
68.5 358.575
68.6 693.878
68.7 1024.52
68.8 1346.15
68.9 1653.07
69 1939.49
69.1 2200.6
69.2 2432.84
69.3 2633.53
69.4 2800
69.5 2928.6
69.6 3014.09
69.7 3049.53
69.8 3026.9
69.9 2938.36
70 2778.19
70.1 2544.84
70.2 2242.76
70.3 1883.36
70.4 1484.34
70.5 1067.42
70.6 654.556
70.7 263.719
70.8 -94.6141
70.9 -418.95
71 -715.659
71.1 -995.453
71.2 -1268.56
71.3 -1540.18
71.4 -1807.69
71.5 -2060.57
71.6 -2282.76
71.7 -2456.76
71.8 -2567.85
71.9 -2607.29
72 -2573.69
72.1 -2472.67
72.2 -2315.1
72.3 -2114.98
72.4 -1887.42
72.5 -1646.97
72.6 -1406.4
72.7 -1175.66
72.8 -961.02
72.9 -764.484
73 -583.792
73.1 -413.191
73.2 -244.975
73.3 -71.4816
73.4 112.994
73.5 310.903
73.6 521.033
73.7 738.889
73.8 957.588
73.9 1168.83
74 1363.66
74.1 1532.91
74.2 1667.67
74.3 1759.85
74.4 1803.2
74.5 1794.57
74.6 1735.09
74.7 1630.97
74.8 1493.34
74.9 1337.13
75 1179.19
75.1 1035.62
75.2 919.254
75.3 837.373
75.4 790.127
75.5 770.031
75.6 762.617
75.7 748.541
75.8 706.72
75.9 618.131
76 470.099
76.1 259.451
76.2 -5.88673
76.3 -307.463
76.4 -619.505
76.5 -913.351
76.6 -1163
76.7 -1350.13
76.8 -1467.14
76.9 -1517.69
77 -1514.8
77.1 -1476.75
77.2 -1422.35
77.3 -1366.74
77.4 -1318.63
77.5 -1279.58
77.6 -1245.44
77.7 -1209.03
77.8 -1162.98
77.9 -1102.14
78 -1024.26
78.1 -929.657
78.2 -820.017
78.3 -696.782
78.4 -560.193
78.5 -409.233
78.6 -242.46
78.7 -59.2973
78.8 138.78
78.9 347.632
79 560.706
79.1 769.854
79.2 966.487
79.3 1142.44
79.4 1290.79
79.5 1405.99
79.6 1483.93
79.7 1522.05
79.8 1519.47
79.9 1477.37
80 1399.2
80.1 1290.58
80.2 1158.76
80.3 1011.7
80.4 857.124
80.5 701.62
80.6 550.164
80.7 406.061
80.8 271.246
80.9 146.636
81 32.4424
81.1 -71.7227
81.2 -166.798
81.3 -254.204
81.4 -335.627
81.5 -412.635
81.6 -486.258
81.7 -556.679
81.8 -623.106
81.9 -683.884
82 -736.83
82.1 -779.593
82.2 -809.969
82.3 -826.134
82.4 -826.824
82.5 -811.52
82.6 -780.673
82.7 -735.899
82.8 -680.029
82.9 -616.918
83 -550.914
83.1 -486.146
83.2 -425.761
83.3 -371.373
83.4 -322.87
83.5 -278.658
83.6 -236.276
83.7 -193.025
83.8 -146.61
83.9 -95.6054
84 -39.5521
84.1 21.1147
84.2 85.2818
84.3 151.453
84.4 218.025
84.5 283.526
84.6 346.788
84.7 406.993
84.8 463.614
84.9 516.238
85 564.324
85.1 606.981
85.2 642.886
85.3 670.392
85.4 687.801
85.5 693.738
85.6 687.445
85.7 668.964
85.8 639.081
85.9 599.104
86 550.575
86.1 494.98
86.2 433.587
86.3 367.365
86.4 296.978
86.5 222.82
86.6 145.073
86.7 63.8095
86.8 -20.8348
86.9 -108.41
87 -197.873
87.1 -287.411
87.2 -374.426
87.3 -455.764
87.4 -528.134
87.5 -588.606
87.6 -635.02
87.7 -666.192
87.8 -681.868
87.9 -682.516
88 -669.069
88.1 -642.747
88.2 -605.016
88.3 -557.625
88.4 -502.672
88.5 -442.534
88.6 -379.647
88.7 -316.197
88.8 -253.818
88.9 -193.421
89 -135.222
89.1 -78.9448
89.2 -24.1353
89.3 29.5818
89.4 82.3364
89.5 133.97
89.6 184.07
89.7 232.01
89.8 276.967
89.9 317.904
90 353.615
90.1 382.855
90.2 404.56
90.3 418.12
90.4 423.566
90.5 421.617
90.6 413.513
90.7 400.701
90.8 384.486
90.9 365.767
91 344.959
91.1 322.089
91.2 297.002
91.3 269.551
91.4 239.722
91.5 207.629
91.6 173.442
91.7 137.321
91.8 99.4145
91.9 59.9112
92 19.1296
92.1 -22.4199
92.2 -64.0519
92.3 -105.005
92.4 -144.539
92.5 -182.004
92.6 -216.818
92.7 -248.397
92.8 -276.065
92.9 -299.047
93 -316.56
93.1 -327.982
93.2 -333.044
93.3 -331.931
93.4 -325.243
93.5 -313.835
93.6 -298.586
93.7 -280.204
93.8 -259.158
93.9 -235.715
94 -210.071
94.1 -182.483
94.2 -153.325
94.3 -123.066
94.4 -92.1929
94.5 -61.1247
94.6 -30.1899
94.7 0.340532
94.8 30.2018
94.9 59.1063
95 86.765
95.1 112.961
95.2 137.593
95.3 160.666
95.4 182.194
95.5 202.04
95.6 219.796
95.7 234.764
95.8 246.091
95.9 252.996
96 255.01
96.1 252.105
96.2 244.637
96.3 233.148
96.4 218.11
96.5 199.741
96.6 178.007
96.7 152.809
96.8 124.273
96.9 93.0248
97 60.3215
97.1 27.9769
97.2 -1.86842
97.3 -27.0786
97.4 -45.8585
97.5 -57.036
97.6 -60.2946
97.7 -56.3699
97.8 -47.1695
97.9 -35.7794
98 -26.2333
98.1 -22.9837
98.2 -30.1249
98.3 -50.4355
98.4 -84.5717
98.5 -130.626
98.6 -184.248
98.7 -239.336
98.8 -289.116
98.9 -327.325
99 -349.203
99.1 -352.063
99.2 -335.432
99.3 -300.814
99.4 -251.264
99.5 -190.912
99.6 -124.488
99.7 -56.867
99.8 7.39641
99.9 64.5323
100 111.947
100.1 148.442
100.2 174.164
100.3 190.287
100.4 198.534
100.5 200.687
100.6 198.261
100.7 192.423
100.8 184.103
100.9 174.198
101 163.704
101.1 153.687
101.2 145.11
101.3 138.586
101.4 134.194
101.5 131.409
101.6 129.172
101.7 126.005
101.8 120.158
101.9 109.74
102 92.9147
102.1 68.2344
102.2 35.1379
102.3 -5.47465
102.4 0
102.5 0
102.6 0
102.7 0
102.8 0
102.9 0
103 0
103.1 0
103.2 0
103.3 0
103.4 0
103.5 0
103.6 0
103.7 0
103.8 0
103.9 0
104 0
104.1 0
104.2 0
104.3 0
104.4 0
104.5 0
104.6 0
104.7 0
104.8 0
104.9 0
105 0
105.1 0
105.2 0
105.3 0
105.4 0
105.5 0
105.6 0
105.7 0
105.8 0
105.9 0
106 0
106.1 0
106.2 0
106.3 0
106.4 0
106.5 0
106.6 0
106.7 0
106.8 0
106.9 0
107 0
107.1 0
107.2 0
107.3 0
107.4 0
107.5 0
107.6 0
107.7 0
107.8 0
107.9 0
108 0
108.1 0
108.2 0
108.3 0
108.4 0
108.5 0
108.6 0
108.7 0
108.8 0
108.9 0
109 0
109.1 0
109.2 0
109.3 0
109.4 0
109.5 0
109.6 0
109.7 0
109.8 0
109.9 0
110 0
110.1 0
110.2 0
110.3 0
110.4 0
110.5 0
110.6 0
110.7 0
110.8 0
110.9 0
111 0
111.1 0
111.2 0
111.3 0
111.4 0
111.5 0
111.6 0
111.7 0
111.8 0
111.9 0
112 0
112.1 0
112.2 0
112.3 0
112.4 0
112.5 0
112.6 0
112.7 0
112.8 0
112.9 0
113 0
113.1 0
113.2 0
113.3 0
113.4 0
113.5 0
113.6 0
113.7 0
113.8 0
113.9 0
114 0
114.1 0
114.2 0
114.3 0
114.4 0
114.5 0
114.6 0
114.7 0
114.8 0
114.9 0
115 0
115.1 0
115.2 0
115.3 0
115.4 0
115.5 0
115.6 0
115.7 0
115.8 0
115.9 0
116 0
116.1 0
116.2 0
116.3 0
116.4 0
116.5 0
116.6 0
116.7 0
116.8 0
116.9 0
117 0
117.1 0
117.2 0
117.3 0
117.4 0
117.5 0
117.6 0
117.7 0
117.8 0
117.9 0
118 0
118.1 0
118.2 0
118.3 0
118.4 0
118.5 0
118.6 0
118.7 0
118.8 0
118.9 0
119 0
119.1 0
119.2 0
119.3 0
119.4 0
119.5 0
119.6 0
119.7 0
119.8 0
119.9 0
120 0
120.1 0
120.2 0
120.3 0
120.4 0
120.5 0
120.6 0
120.7 0
120.8 0
120.9 0
121 0
121.1 0
121.2 0
121.3 0
121.4 0
121.5 0
121.6 0
121.7 0
121.8 0
121.9 0
122 0
122.1 0
122.2 0
122.3 0
122.4 0
122.5 0
122.6 0
122.7 0
122.8 0
122.9 0
123 0
123.1 0
123.2 0
123.3 0
123.4 0
123.5 0
123.6 0
123.7 0
123.8 0
123.9 0
124 0
124.1 0
124.2 0
124.3 0
124.4 0
124.5 0
124.6 0
124.7 0
124.8 0
124.9 0
125 0
125.1 0
125.2 0
125.3 0
125.4 0
125.5 0
125.6 0
125.7 0
125.8 0
125.9 0
126 0
126.1 0
126.2 0
126.3 0
126.4 0
126.5 0
126.6 0
126.7 0
126.8 0
126.9 0
127 0
127.1 0
127.2 0
127.3 0
127.4 0
127.5 0
127.6 0
127.7 0
127.8 0
127.9 0
128 0
128.1 0
128.2 0
128.3 0
128.4 0
128.5 0
128.6 0
128.7 0
128.8 0
128.9 0
129 0
129.1 0
129.2 0
129.3 0
129.4 0
129.5 0
129.6 0
129.7 0
129.8 0
129.9 0
130 0
130.1 0
130.2 0
130.3 0
130.4 0
130.5 0
130.6 0
130.7 0
130.8 0
130.9 0
131 0
131.1 0
131.2 0
131.3 0
131.4 0
131.5 0
131.6 0
131.7 0
131.8 0
131.9 0
132 0
132.1 0
132.2 0
132.3 0
132.4 0
132.5 0
132.6 0
132.7 0
132.8 0
132.9 0
133 0
133.1 0
133.2 0
133.3 0
133.4 0
133.5 0
133.6 0
133.7 0
133.8 0
133.9 0
134 0
134.1 0
134.2 0
134.3 0
134.4 0
134.5 0
134.6 0
134.7 0
134.8 0
134.9 0
135 0
135.1 0
135.2 0
135.3 0
135.4 0
135.5 0
135.6 0
135.7 0
135.8 0
135.9 0
136 0
136.1 0
136.2 0
136.3 0
136.4 0
136.5 0
136.6 0
136.7 0
136.8 0
136.9 0
137 0
137.1 0
137.2 0
137.3 0
137.4 0
137.5 0
137.6 0
137.7 0
137.8 0
137.9 0
138 0
138.1 0
138.2 0
138.3 0
138.4 0
138.5 0
138.6 0
138.7 0
138.8 0
138.9 0
139 0
139.1 0
139.2 0
139.3 0
139.4 0
139.5 0
139.6 0
139.7 0
139.8 0
139.9 0
140 0
140.1 0
140.2 0
140.3 0
140.4 0
140.5 0
140.6 0
140.7 0
140.8 0
140.9 0
141 0
141.1 0
141.2 0
141.3 0
141.4 0
141.5 0
141.6 0
141.7 0
141.8 0
141.9 0
142 0
142.1 0
142.2 0
142.3 0
142.4 0
142.5 0
142.6 0
142.7 0
142.8 0
142.9 0
143 0
143.1 0
143.2 0
143.3 0
143.4 0
143.5 0
143.6 0
143.7 0
143.8 0
143.9 0
144 0
144.1 0
144.2 0
144.3 0
144.4 0
144.5 0
144.6 0
144.7 0
144.8 0
144.9 0
145 0
145.1 0
145.2 0
145.3 0
145.4 0
145.5 0
145.6 0
145.7 0
145.8 0
145.9 0
146 0
146.1 0
146.2 0
146.3 0
146.4 0
146.5 0
146.6 0
146.7 0
146.8 0
146.9 0
147 0
147.1 0
147.2 0
147.3 0
147.4 0
147.5 0
147.6 0
147.7 0
147.8 0
147.9 0
148 0
148.1 0
148.2 0
148.3 0
148.4 0
148.5 0
148.6 0
148.7 0
148.8 0
148.9 0
149 0
149.1 0
149.2 0
149.3 0
149.4 0
149.5 0
149.6 0
149.7 0
149.8 0
149.9 0
150 0
150.1 0
150.2 0
150.3 0
150.4 0
150.5 0
150.6 0
150.7 0
150.8 0
150.9 0
151 0
151.1 0
151.2 0
151.3 0
151.4 0
151.5 0
151.6 0
151.7 0
151.8 0
151.9 0
152 0
152.1 0
152.2 0
152.3 0
152.4 0
152.5 0
152.6 0
152.7 0
152.8 0
152.9 0
153 0
153.1 0
153.2 0
153.3 0
153.4 0
153.5 0
153.6 0
153.7 0
153.8 0
153.9 0
154 0
154.1 0
154.2 0
154.3 0
154.4 0
154.5 0
154.6 0
154.7 0
154.8 0
154.9 0
155 0
155.1 0
155.2 0
155.3 0
155.4 0
155.5 0
155.6 0
155.7 0
155.8 0
155.9 0
156 0
156.1 0
156.2 0
156.3 0
156.4 0
156.5 0
156.6 0
156.7 0
156.8 0
156.9 0
157 0
157.1 0
157.2 0
157.3 0
157.4 0
157.5 0
157.6 0
157.7 0
157.8 0
157.9 0
158 0
158.1 0
158.2 0
158.3 0
158.4 0
158.5 0
158.6 0
158.7 0
158.8 0
158.9 0
159 0
159.1 0
159.2 0
159.3 0
159.4 0
159.5 0
159.6 0
159.7 0
159.8 0
159.9 0
160 0
160.1 0
160.2 0
160.3 0
160.4 0
160.5 0
160.6 0
160.7 0
160.8 0
160.9 0
161 0
161.1 0
161.2 0
161.3 0
161.4 0
161.5 0
161.6 0
161.7 0
161.8 0
161.9 0
162 0
162.1 0
162.2 0
162.3 0
162.4 0
162.5 0
162.6 0
162.7 0
162.8 0
162.9 0
163 0
163.1 0
163.2 0
163.3 0
163.4 0
163.5 0
163.6 0
163.7 0
163.8 0
163.9 0
164 0
164.1 0
164.2 0
164.3 0
164.4 0
164.5 0
164.6 0
164.7 0
164.8 0
164.9 0
165 0
165.1 0
165.2 0
165.3 0
165.4 0
165.5 0
165.6 0
165.7 0
165.8 0
165.9 0
166 0
166.1 0
166.2 0
166.3 0
166.4 0
166.5 0
166.6 0
166.7 0
166.8 0
166.9 0
167 0
167.1 0
167.2 0
167.3 0
167.4 0
167.5 0
167.6 0
167.7 0
167.8 0
167.9 0
168 0
168.1 0
168.2 0
168.3 0
168.4 0
168.5 0
168.6 0
168.7 0
168.8 0
168.9 0
169 0
169.1 0
169.2 0
169.3 0
169.4 0
169.5 0
169.6 0
169.7 0
169.8 0
169.9 0
170 0
170.1 0
170.2 0
170.3 0
170.4 0
170.5 0
170.6 0
170.7 0
170.8 0
170.9 0
171 0
171.1 0
171.2 0
171.3 0
171.4 0
171.5 0
171.6 0
171.7 0
171.8 0
171.9 0
172 0
172.1 0
172.2 0
172.3 0
172.4 0
172.5 0
172.6 0
172.7 0
172.8 0
172.9 0
173 0
173.1 0
173.2 0
173.3 0
173.4 0
173.5 0
173.6 0
173.7 0
173.8 0
173.9 0
174 0
174.1 0
174.2 0
174.3 0
174.4 0
174.5 0
174.6 0
174.7 0
174.8 0
174.9 0
175 0
175.1 0
175.2 0
175.3 0
175.4 0
175.5 0
175.6 0
175.7 0
175.8 0
175.9 0
176 0
176.1 0
176.2 0
176.3 0
176.4 0
176.5 0
176.6 0
176.7 0
176.8 0
176.9 0
177 0
177.1 0
177.2 0
177.3 0
177.4 0
177.5 0
177.6 0
177.7 0
177.8 0
177.9 0
178 0
178.1 0
178.2 0
178.3 0
178.4 0
178.5 0
178.6 0
178.7 0
178.8 0
178.9 0
179 0
179.1 0
179.2 0
179.3 0
179.4 0
179.5 0
179.6 0
179.7 0
179.8 0
179.9 0
180 0
180.1 0
180.2 0
180.3 0
180.4 0
180.5 0
180.6 0
180.7 0
180.8 0
180.9 0
181 0
181.1 0
181.2 0
181.3 0
181.4 0
181.5 0
181.6 0
181.7 0
181.8 0
181.9 0
182 0
182.1 0
182.2 0
182.3 0
182.4 0
182.5 0
182.6 0
182.7 0
182.8 0
182.9 0
183 0
183.1 0
183.2 0
183.3 0
183.4 0
183.5 0
183.6 0
183.7 0
183.8 0
183.9 0
184 0
184.1 0
184.2 0
184.3 0
184.4 0
184.5 0
184.6 0
184.7 0
184.8 0
184.9 0
185 0
185.1 0
185.2 0
185.3 0
185.4 0
185.5 0
185.6 0
185.7 0
185.8 0
185.9 0
186 0
186.1 0
186.2 0
186.3 0
186.4 0
186.5 0
186.6 0
186.7 0
186.8 0
186.9 0
187 0
187.1 0
187.2 0
187.3 0
187.4 0
187.5 0
187.6 0
187.7 0
187.8 0
187.9 0
188 0
188.1 0
188.2 0
188.3 0
188.4 0
188.5 0
188.6 0
188.7 0
188.8 0
188.9 0
189 0
189.1 0
189.2 0
189.3 0
189.4 0
189.5 0
189.6 0
189.7 0
189.8 0
189.9 0
190 0
190.1 0
190.2 0
190.3 0
190.4 0
190.5 0
190.6 0
190.7 0
190.8 0
190.9 0
191 0
191.1 0
191.2 0
191.3 0
191.4 0
191.5 0
191.6 0
191.7 0
191.8 0
191.9 0
192 0
192.1 0
192.2 0
192.3 0
192.4 0
192.5 0
192.6 0
192.7 0
192.8 0
192.9 0
193 0
193.1 0
193.2 0
193.3 0
193.4 0
193.5 0
193.6 0
193.7 0
193.8 0
193.9 0
194 0
194.1 0
194.2 0
194.3 0
194.4 0
194.5 0
194.6 0
194.7 0
194.8 0
194.9 0
195 0
195.1 0
195.2 0
195.3 0
195.4 0
195.5 0
195.6 0
195.7 0
195.8 0
195.9 0
196 0
196.1 0
196.2 0
196.3 0
196.4 0
196.5 0
196.6 0
196.7 0
196.8 0
196.9 0
197 0
197.1 0
197.2 0
197.3 0
197.4 0
197.5 0
197.6 0
197.7 0
197.8 0
197.9 0
198 0
198.1 0
198.2 0
198.3 0
198.4 0
198.5 0
198.6 0
198.7 0
198.8 0
198.9 0
199 0
199.1 0
199.2 0
199.3 0
199.4 0
199.5 0
199.6 0
199.7 0
199.8 0
199.9 0
200 0
200.1 0
200.2 0
200.3 0
200.4 0
200.5 0
200.6 0
200.7 0
200.8 0
200.9 0
201 0
201.1 0
201.2 0
201.3 0
201.4 0
201.5 0
201.6 0
201.7 0
201.8 0
201.9 0
202 0
202.1 0
202.2 0
202.3 0
202.4 0
202.5 0
202.6 0
202.7 0
202.8 0
202.9 0
203 0
203.1 0
203.2 0
203.3 0
203.4 0
203.5 0
203.6 0
203.7 0
203.8 0
203.9 0
204 0
204.1 0
204.2 0
204.3 0
204.4 0
204.5 0
204.6 0
204.7 0
