0 -23.3738
0.1 -20.5381
0.2 -19.4343
0.3 -22.5413
0.4 -31.876
0.5 -48.6919
0.6 -73.2
0.7 -104.352
0.8 -139.756
0.9 -175.821
1 -208.173
1.1 -232.33
1.2 -244.529
1.3 -242.48
1.4 -225.848
1.5 -196.281
1.6 -156.992
1.7 -112.024
1.8 -65.4468
1.9 -20.7378
2 19.4906
2.1 53.4318
2.2 79.8454
2.3 97.8287
2.4 106.759
2.5 106.462
2.6 97.472
2.7 81.2417
2.8 60.1369
2.9 37.1952
3 15.7173
3.1 -1.1709
3.2 -10.8613
3.3 -11.4814
3.4 -2.0291
3.5 17.4879
3.6 45.8934
3.7 80.7297
3.8 118.34
3.9 154.275
4 184.029
4.1 203.95
4.2 211.996
4.3 208.057
4.4 193.655
4.5 171.117
4.6 142.54
4.7 108.974
4.8 70.181
4.9 25.0635
5 -27.3913
5.1 -87.0389
5.2 -151.769
5.3 -217.244
5.4 -277.238
5.5 -324.444
5.6 -351.548
5.7 -352.38
5.8 -323.035
5.9 -262.899
6 -175.441
6.1 -68.5666
6.2 45.7716
6.3 152.904
6.4 237.711
6.5 287.459
6.6 294.532
6.7 258.287
6.8 185.425
6.9 88.6876
7 -15.7944
7.1 -111.769
7.2 -185.868
7.3 -229.644
7.4 -240.286
7.5 -220.136
7.6 -175.371
7.7 -114.361
7.8 -46.0967
7.9 21.1181
8 80.6333
8.1 128.086
8.2 161.666
8.3 181.961
8.4 191.319
8.5 192.833
8.6 189.174
8.7 181.622
8.8 169.656
8.9 151.263
9 123.894
9.1 85.7378
9.2 36.8773
9.3 -20.079
9.4 -80.0758
9.5 -136.366
9.6 -181.696
9.7 -209.612
9.8 -215.597
9.9 -197.881
10 -157.823
10.1 -99.8613
10.2 -31.0228
10.3 40.001
10.4 104.117
10.5 153.26
10.6 181.705
10.7 186.934
10.8 169.805
10.9 133.972
11 84.7359
11.1 27.6944
11.2 -32.3542
11.3 -91.9324
11.4 -148.728
11.5 -200.939
11.6 -246.472
11.7 -282.403
11.8 -304.974
11.9 -310.156
12 -294.616
12.1 -256.749
12.2 -197.42
12.3 -120.206
12.4 -31.0591
12.5 62.5114
12.6 152.493
12.7 231.46
12.8 293.489
12.9 334.797
13 354.058
13.1 352.407
13.2 333.168
13.3 301.316
13.4 262.747
13.5 223.402
13.6 188.376
13.7 161.131
13.8 142.968
13.9 132.859
14 127.642
14.1 122.544
14.2 111.901
14.3 89.93
14.4 51.4834
14.5 -7.26101
14.6 -88.1336
14.7 -190.311
14.8 -309.71
14.9 -438.59
15 -565.624
15.1 -676.687
15.2 -756.464
15.3 -790.755
15.4 -769.08
15.5 -686.971
15.6 -547.352
15.7 -360.593
15.8 -143.155
15.9 84.8549
16 302.655
16.1 491.639
16.2 637.582
16.3 731.928
16.4 772.137
16.5 761.251
16.6 706.855
16.7 619.623
16.8 511.592
16.9 394.347
17 277.398
17.1 167.113
17.2 66.4916
17.3 -24.0832
17.4 -105.341
17.5 -177.409
17.6 -238.565
17.7 -285.048
17.8 -312.092
17.9 -315.857
18 -295.49
18.1 -254.429
18.2 -200.286
18.3 -143.22
18.4 -93.268
18.5 -57.5661
18.6 -38.4238
18.7 -32.9006
18.8 -33.9927
18.9 -32.9741
19 -22.0997
19.1 3.12574
19.2 42.6648
19.3 91.818
19.4 142.085
19.5 182.683
19.6 202.377
19.7 191.355
19.8 142.96
19.9 55.0821
20 -68.982
20.1 -220.412
20.2 -385.604
20.3 -547.672
20.4 -688.423
20.5 -790.383
20.6 -838.478
20.7 -821.184
20.8 -731.24
20.9 -566.198
21 -329.088
21.1 -29.2806
21.2 316.71
21.3 685.001
21.4 1045.27
21.5 1363.13
21.6 1603.91
21.7 1737.16
21.8 1741.02
21.9 1605.67
22 1335.03
22.1 946.862
22.2 471.181
22.3 -52.2459
22.4 -577.11
22.5 -1054.13
22.6 -1434.95
22.7 -1676.47
22.8 -1745.44
22.9 -1623.17
23 -1309.83
23.1 -827.564
23.2 -221.898
23.3 439.382
23.4 1070.27
23.5 1573.86
23.6 1852.9
23.7 1823.3
23.8 1429.29
23.9 658.465
24 -446.114
24.1 -1779.95
24.2 -3180.16
24.3 -4439.53
24.4 -5331.42
24.5 -5643.3
24.6 -5214.05
24.7 -3968.84
24.8 -1944.62
24.9 699.523
25 3691.18
25.1 6672.92
25.2 9247.36
25.3 11032.8
25.4 11720.8
25.5 11126.3
25.6 9221.94
25.7 6149.05
25.8 2204.41
25.9 -2196.8
26 -6575.19
26.1 -10449.7
26.2 -13398.3
26.3 -15108.1
26.4 -15407
26.5 -14276.3
26.6 -11842.3
26.7 -8353.58
26.8 -4147.05
26.9 390.501
27 4861.22
27.1 8891.81
27.2 12163.8
27.3 14436.8
27.4 15564.2
27.5 15500
27.6 14296.3
27.7 12093.7
27.8 9103.6
27.9 5586.15
28 1826.14
28.1 -1891.34
28.2 -5303.08
28.3 -8186.77
28.4 -10375.7
28.5 -11768.8
28.6 -12334.7
28.7 -12110.7
28.8 -11193.5
28.9 -9726.52
29 -7880.93
29.1 -5836.12
29.2 -3760.7
29.3 -1797.18
29.4 -51.9017
29.5 1409.26
29.6 2559.95
29.7 3408.57
29.8 3990.98
29.9 4362
30 4586.62
30.1 4731.12
30.2 4854.93
30.3 5003.34
30.4 5202.03
30.5 5453.82
30.6 5738.13
30.7 6013.32
30.8 6221.41
30.9 6294.74
31 6163.97
31.1 5766.72
31.2 5056.31
31.3 4009.89
31.4 2634.92
31.5 972.772
31.6 -901.538
31.7 -2884.46
31.8 -4853.6
31.9 -6680.82
32 -8246.82
32.1 -9454.37
32.2 -10238
32.3 -10568.3
32.4 -10451.1
32.5 -9921.54
32.6 -9035.22
32.7 -7859.19
32.8 -6463.28
32.9 -4914.15
33 -3271.78
33.1 -1588.53
33.2 90.1837
33.3 1724.13
33.4 3276.37
33.5 4711.79
33.6 5996.33
33.7 7097.28
33.8 7984.58
33.9 8632.82
34 9023.43
34.1 9146.59
34.2 9002.21
34.3 8599.62
34.4 7956.32
34.5 7095.88
34.6 6045.95
34.7 4836.97
34.8 3501.77
34.9 2076.15
35 599.804
35.1 -883.116
35.2 -2324.36
35.3 -3673.27
35.4 -4879.63
35.5 -5897.15
35.6 -6687.14
35.7 -7221.51
35.8 -7485.14
35.9 -7477.11
36 -7210.96
36.1 -6713.95
36.2 -6025.07
36.3 -5191.82
36.4 -4265.91
36.5 -3298.21
36.6 -2333.87
36.7 -1408.47
36.8 -546.173
36.9 239.745
37 944.309
37.1 1566.96
37.2 2107.65
37.3 2563.99
37.4 2930.18
37.5 3197.79
37.6 3357.82
37.7 3403.39
37.8 3332.27
37.9 3148.64
38 2864.15
38.1 2497.97
38.2 2076.19
38.3 1630.34
38.4 1195.08
38.5 805.128
38.6 491.692
38.7 278.876
38.8 180.838
38.9 200.265
39 328.466
39.1 546.943
39.2 829.937
39.3 1147.28
39.4 1466.95
39.5 1757.16
39.6 1987.9
39.7 2132.3
39.8 2167.95
39.9 2078.37
40 1854.16
40.1 1493.98
40.2 1004.71
40.3 400.952
40.4 -295.885
40.5 -1058.92
40.6 -1857.06
40.7 -2656.33
40.8 -3421.24
40.9 -4116.36
41 -4708.32
41.1 -5167.96
41.2 -5472.37
41.3 -5606.55
41.4 -5564.2
41.5 -5347.65
41.6 -4966.99
41.7 -4438.62
41.8 -3783.72
41.9 -3026.54
42 -2193.07
42.1 -1309.7
42.2 -402.31
42.3 504.595
42.4 1388.34
42.5 2228.41
42.6 3006.57
42.7 3706.97
42.8 4316.37
42.9 4824.41
43 5223.83
43.1 5510.46
43.2 5682.89
43.3 5741.63
43.4 5688.29
43.5 5524.86
43.6 5253.65
43.7 4877.89
43.8 4402.91
43.9 3837.3
44 3193.61
44.1 2488.06
44.2 1739.38
44.3 966.894
44.4 188.672
44.5 -579.837
44.6 -1326.26
44.7 -2040.85
44.8 -2715.48
44.9 -3342.5
45 -3913.87
45.1 -4420.7
45.2 -4853.35
45.3 -5201.63
45.4 -5455.35
45.5 -5604.86
45.6 -5641.75
45.7 -5559.76
45.8 -5355.82
45.9 -5031.17
46 -4592.21
46.1 -4051.01
46.2 -3425.08
46.3 -2736.58
46.4 -2010.77
46.5 -1273.98
46.6 -551.187
46.7 136.375
46.8 773.395
46.9 1351.92
47 1871.71
47.1 2339.3
47.2 2765.77
47.3 3163.72
47.4 3543.93
47.5 3912.65
47.6 4269.83
47.7 4608.74
47.8 4916.76
47.9 5176.84
48 5369.38
48.1 5473.99
48.2 5471.16
48.3 5343.81
48.4 5078.96
48.5 4669.32
48.6 4114.78
48.7 3423.43
48.8 2611.75
48.9 1703.93
49 730.358
49.1 -274.487
49.2 -1274.36
49.3 -2233.56
49.4 -3119.09
49.5 -3902.56
49.6 -4561.78
49.7 -5081.88
49.8 -5455.73
49.9 -5683.61
50 -5771.95
50.1 -5731.63
50.2 -5575.93
50.3 -5318.98
50.4 -4974.56
50.5 -4555.64
50.6 -4074.23
50.7 -3541.34
50.8 -2966.92
50.9 -2359.76
51 -1727.63
51.1 -1077.93
51.2 -418.783
51.3 239.574
51.4 883.826
51.5 1497.56
51.6 2062.53
51.7 2561.11
51.8 2979.2
51.9 3308.77
52 3549.05
52.1 3706.16
52.2 3791.13
52.3 3817.08
52.4 3796.35
52.5 3738.44
52.6 3649.01
52.7 3530.08
52.8 3380.96
52.9 3199.54
53 2983.48
53.1 2731.15
53.2 2442.14
53.3 2117.38
53.4 1759.02
53.5 1370.09
53.6 954.159
53.7 515.177
53.8 57.6669
53.9 -412.7
54 -888.279
54.1 -1358.73
54.2 -1810.81
54.3 -2229.12
54.4 -2597.65
54.5 -2902.15
54.6 -3132.4
54.7 -3283.95
54.8 -3358.64
54.9 -3363.89
55 -3310.84
55.1 -3212.06
55.2 -3079.29
55.3 -2921.84
55.4 -2745.81
55.5 -2554.13
55.6 -2347.07
55.7 -2123.19
55.8 -1880.18
55.9 -1615.6
56 -1327.4
56.1 -1014.14
56.2 -675.03
56.3 -309.903
56.4 80.722
56.5 495.229
56.6 930.121
56.7 1378.95
56.8 1831.31
56.9 2272.37
57 2683.36
57.1 3043.25
57.2 3331.3
57.3 3530.12
57.4 3628.35
57.5 3622.22
57.6 3515.86
57.7 3320.15
57.8 3050.63
57.9 2725.12
58 2361.45
58.1 1975.79
58.2 1581.66
58.3 1189.45
58.4 806.558
58.5 437.758
58.6 85.9288
58.7 -247.157
58.8 -560.07
58.9 -851.252
59 -1118.97
59.1 -1361.67
59.2 -1578.56
59.3 -1770.03
59.4 -1937.49
59.5 -2082.71
59.6 -2206.66
59.7 -2308.32
59.8 -2384.19
59.9 -2428.63
60 -2435.13
60.1 -2398.02
60.2 -2314.13
60.3 -2183.65
60.4 -2010
60.5 -1798.91
60.6 -1557.19
60.7 -1291.61
60.8 -1008.47
60.9 -713.757
61 -413.615
61.1 -114.807
61.2 175.22
61.3 448.726
61.4 698.346
61.5 917.805
61.6 1102.43
61.7 1249.4
61.8 1357.92
61.9 1429.21
62 1466.65
62.1 1475.65
62.2 1463.3
62.3 1437.51
62.4 1405.71
62.5 1373.62
62.6 1344.17
62.7 1317.36
62.8 1290.8
62.9 1261
63 1224.74
63.1 1180.12
63.2 1126.83
63.3 1065.77
63.4 998.112
63.5 924.336
63.6 843.474
63.7 752.777
63.8 647.758
63.9 522.542
64 370.501
64.1 185.255
64.2 -37.8746
64.3 -300.023
64.4 -596.905
64.5 -917.511
64.6 -1244.06
64.7 -1553.66
64.8 -1821.57
64.9 -2025.42
65 -2149.18
65.1 -2185.92
65.2 -2138.38
65.3 -2017.43
65.4 -1839.18
65.5 -1621.48
65.6 -1381.17
65.7 -1132.51
65.8 -886.776
65.9 -652.767
66 -437.324
66.1 -245.597
66.2 -80.828
66.3 56.0846
66.4 166.895
66.5 255.891
66.6 329.309
66.7 394.447
66.8 458.717
66.9 528.798
67 609.878
67.1 704.882
67.2 813.647
67.3 932.19
67.4 1052.44
67.5 1162.89
67.6 1250.3
67.7 1302.42
67.8 1310.89
67.9 1273.65
68 1195.69
68.1 1088.11
68.2 965.384
68.3 841.854
68.4 728.357
68.5 630.055
68.6 545.871
68.7 469.511
68.8 391.567
68.9 302.035
69 192.686
69.1 58.9481
69.2 -98.8405
69.3 -274.841
69.4 -457.898
69.5 -632.619
69.6 -781.455
69.7 -887.623
69.8 -938.432
69.9 -928.268
70 -860.442
70.1 -747.298
70.2 -608.441
70.3 -467.453
70.4 -347.858
70.5 -269.225
70.6 -244.17
70.7 -276.673
70.8 -361.8
70.9 -486.677
71 -632.45
71.1 -776.972
71.2 -897.915
71.3 -975.956
71.4 -997.573
71.5 -956.915
71.6 -856.341
71.7 -705.457
71.8 -518.907
71.9 -313.508
72 -105.486
72.1 91.5443
72.2 267.567
72.3 416.245
72.4 534.526
72.5 622.232
72.6 681.891
72.7 718.715
72.8 740.384
72.9 756.252
73 775.832
73.1 806.774
73.2 852.909
73.3 913.001
73.4 980.665
73.5 1045.52
73.6 1095.19
73.7 1117.57
73.8 1102.72
73.9 1044.08
74 939.031
74.1 788.969
74.2 599.262
74.3 379.115
74.4 141.225
74.5 -99.0683
74.6 -325.35
74.7 -522.339
74.8 -678.316
74.9 -787.096
75 -848.907
75.1 -869.833
75.2 -859.963
75.3 -830.825
75.4 -792.922
75.5 -754.037
75.6 -718.67
75.7 -688.466
75.8 -663.168
75.9 -641.548
76 -621.919
76.1 -602.18
76.2 -579.628
76.3 -550.921
76.4 -512.457
76.5 -461.196
76.6 -395.642
76.7 -316.562
76.8 -227.086
76.9 -132.039
77 -36.7147
77.1 54.4857
77.2 139.052
77.3 216.637
77.4 288.538
77.5 356.605
77.6 421.993
77.7 484.205
77.8 540.734
77.9 587.395
78 619.201
78.1 631.55
78.2 621.408
78.3 588.238
78.4 534.524
78.5 465.768
78.6 389.944
78.7 316.392
78.8 254.277
78.9 210.809
79 189.571
79.1 189.394
79.2 204.157
79.3 223.762
79.4 236.206
79.5 230.374
79.6 198.879
79.7 140.2
79.8 59.4886
79.9 -32.2641
80 -120.557
80.1 -190.666
80.2 -231.082
80.3 -236.259
80.4 -208.03
80.5 -155.408
80.6 -92.8754
80.7 -37.6237
80.8 -6.36692
80.9 -12.3809
81 -63.272
81.1 -159.769
81.2 -295.599
81.3 -458.34
81.4 -631.02
81.5 -794.196
81.6 -928.258
81.7 -1015.69
81.8 -1043.06
81.9 -1002.56
82 -892.942
82.1 -719.64
82.2 -494.303
82.3 -233.621
82.4 42.323
82.5 311.955
82.6 554.239
82.7 750.667
82.8 887.087
82.9 955.244
83 953.868
83.1 889.071
83.2 773.858
83.3 626.593
83.4 468.477
83.5 320.363
83.6 199.474
83.7 116.681
83.8 74.9647
83.9 69.4429
84 88.944
84.1 118.741
84.2 143.766
84.3 151.57
84.4 134.407
84.5 90.1085
84.6 21.7728
84.7 -63.448
84.8 -156.039
84.9 -245.826
85 -323.364
85.1 -380.872
85.2 -412.726
85.3 -415.589
85.4 -388.419
85.5 -332.434
85.6 -251.175
85.7 -150.509
85.8 -38.4453
85.9 75.1737
86 179.524
86.1 263.958
86.2 319.372
86.3 339.606
86.4 322.284
86.5 269.267
86.6 186.443
86.7 82.8751
86.8 -30.376
86.9 -141.612
87 -239.846
87.1 -315.944
87.2 -363.528
87.3 -379.602
87.4 -364.861
87.5 -323.446
87.6 -262.261
87.7 -189.857
87.8 -115.022
87.9 -45.5479
88 12.8126
88.1 56.8559
88.2 85.773
88.3 100.647
88.4 103.783
88.5 98.1247
88.6 86.8652
88.7 73.2732
88.8 60.5986
88.9 51.8759
89 49.612
89.1 55.3439
89.2 69.3241
89.3 90.2771
89.4 115.589
89.5 141.709
89.6 164.737
89.7 180.984
89.8 187.421
89.9 181.975
90 163.686
90.1 132.823
90.2 90.967
90.3 41.0306
90.4 -12.9119
90.5 -65.9843
90.6 -113.142
90.7 -149.911
90.8 -173.046
90.9 -180.961
91 -173.76
91.1 -152.946
91.2 -120.948
91.3 -80.6132
91.4 -34.8714
91.5 13.4286
91.6 61.5388
91.7 106.79
91.8 146.631
91.9 178.771
92 201.366
92.1 213.176
92.2 213.632
92.3 202.794
92.4 181.253
92.5 150.034
92.6 110.559
92.7 64.6424
92.8 14.4898
92.9 -37.4005
93 -88.4626
93.1 -136.363
93.2 -179.297
93.3 -216.195
93.4 -246.721
93.5 -271.102
93.6 -289.841
93.7 -303.375
93.8 -311.801
93.9 -314.752
94 -311.399
94.1 -300.582
94.2 -281.015
94.3 -251.543
94.4 -211.418
94.5 -160.586
94.6 -99.9168
94.7 -31.3339
94.8 42.2195
94.9 117.003
95 188.865
95.1 253.736
95.2 308.104
95.3 349.369
95.4 376.039
95.5 387.723
95.6 384.983
95.7 369.122
95.8 341.959
95.9 305.65
96 262.552
96.1 215.119
96.2 165.821
96.3 117.038
96.4 70.9467
96.5 29.3792
96.6 -6.314
96.7 -35.3971
96.8 -57.8507
96.9 -74.3663
97 -86.2556
97.1 -95.234
97.2 -103.095
97.3 -111.348
97.4 -120.868
97.5 -131.687
97.6 -142.996
97.7 -153.32
97.8 -160.868
97.9 -163.951
98 -161.364
98.1 -152.651
98.2 -138.218
98.3 -119.261
98.4 -97.5711
98.5 -75.2897
98.6 -54.6158
98.7 -37.5357
98.8 -25.6109
98.9 -19.7928
99 -20.3423
99.1 -26.8198
99.2 -38.1363
99.3 -52.6709
99.4 -68.4321
99.5 -83.2353
99.6 -94.882
99.7 -101.33
99.8 -100.851
99.9 -92.1864
100 -74.687
100.1 -48.4229
100.2 -14.2571
100.3 26.1736
100.4 70.5405
100.5 116.001
100.6 159.449
100.7 197.804
100.8 228.319
100.9 248.855
101 258.088
101.1 255.632
101.2 242.06
101.3 218.819
101.4 188.071
101.5 152.47
101.6 114.911
101.7 78.2572
101.8 45.0836
101.9 17.4256
102 -3.41729
102.1 -17.0191
102.2 -23.8691
102.3 -25.3101
102.4 0
102.5 0
102.6 0
102.7 0
102.8 0
102.9 0
103 0
103.1 0
103.2 0
103.3 0
103.4 0
103.5 0
103.6 0
103.7 0
103.8 0
103.9 0
104 0
104.1 0
104.2 0
104.3 0
104.4 0
104.5 0
104.6 0
104.7 0
104.8 0
104.9 0
105 0
105.1 0
105.2 0
105.3 0
105.4 0
105.5 0
105.6 0
105.7 0
105.8 0
105.9 0
106 0
106.1 0
106.2 0
106.3 0
106.4 0
106.5 0
106.6 0
106.7 0
106.8 0
106.9 0
107 0
107.1 0
107.2 0
107.3 0
107.4 0
107.5 0
107.6 0
107.7 0
107.8 0
107.9 0
108 0
108.1 0
108.2 0
108.3 0
108.4 0
108.5 0
108.6 0
108.7 0
108.8 0
108.9 0
109 0
109.1 0
109.2 0
109.3 0
109.4 0
109.5 0
109.6 0
109.7 0
109.8 0
109.9 0
110 0
110.1 0
110.2 0
110.3 0
110.4 0
110.5 0
110.6 0
110.7 0
110.8 0
110.9 0
111 0
111.1 0
111.2 0
111.3 0
111.4 0
111.5 0
111.6 0
111.7 0
111.8 0
111.9 0
112 0
112.1 0
112.2 0
112.3 0
112.4 0
112.5 0
112.6 0
112.7 0
112.8 0
112.9 0
113 0
113.1 0
113.2 0
113.3 0
113.4 0
113.5 0
113.6 0
113.7 0
113.8 0
113.9 0
114 0
114.1 0
114.2 0
114.3 0
114.4 0
114.5 0
114.6 0
114.7 0
114.8 0
114.9 0
115 0
115.1 0
115.2 0
115.3 0
115.4 0
115.5 0
115.6 0
115.7 0
115.8 0
115.9 0
116 0
116.1 0
116.2 0
116.3 0
116.4 0
116.5 0
116.6 0
116.7 0
116.8 0
116.9 0
117 0
117.1 0
117.2 0
117.3 0
117.4 0
117.5 0
117.6 0
117.7 0
117.8 0
117.9 0
118 0
118.1 0
118.2 0
118.3 0
118.4 0
118.5 0
118.6 0
118.7 0
118.8 0
118.9 0
119 0
119.1 0
119.2 0
119.3 0
119.4 0
119.5 0
119.6 0
119.7 0
119.8 0
119.9 0
120 0
120.1 0
120.2 0
120.3 0
120.4 0
120.5 0
120.6 0
120.7 0
120.8 0
120.9 0
121 0
121.1 0
121.2 0
121.3 0
121.4 0
121.5 0
121.6 0
121.7 0
121.8 0
121.9 0
122 0
122.1 0
122.2 0
122.3 0
122.4 0
122.5 0
122.6 0
122.7 0
122.8 0
122.9 0
123 0
123.1 0
123.2 0
123.3 0
123.4 0
123.5 0
123.6 0
123.7 0
123.8 0
123.9 0
124 0
124.1 0
124.2 0
124.3 0
124.4 0
124.5 0
124.6 0
124.7 0
124.8 0
124.9 0
125 0
125.1 0
125.2 0
125.3 0
125.4 0
125.5 0
125.6 0
125.7 0
125.8 0
125.9 0
126 0
126.1 0
126.2 0
126.3 0
126.4 0
126.5 0
126.6 0
126.7 0
126.8 0
126.9 0
127 0
127.1 0
127.2 0
127.3 0
127.4 0
127.5 0
127.6 0
127.7 0
127.8 0
127.9 0
128 0
128.1 0
128.2 0
128.3 0
128.4 0
128.5 0
128.6 0
128.7 0
128.8 0
128.9 0
129 0
129.1 0
129.2 0
129.3 0
129.4 0
129.5 0
129.6 0
129.7 0
129.8 0
129.9 0
130 0
130.1 0
130.2 0
130.3 0
130.4 0
130.5 0
130.6 0
130.7 0
130.8 0
130.9 0
131 0
131.1 0
131.2 0
131.3 0
131.4 0
131.5 0
131.6 0
131.7 0
131.8 0
131.9 0
132 0
132.1 0
132.2 0
132.3 0
132.4 0
132.5 0
132.6 0
132.7 0
132.8 0
132.9 0
133 0
133.1 0
133.2 0
133.3 0
133.4 0
133.5 0
133.6 0
133.7 0
133.8 0
133.9 0
134 0
134.1 0
134.2 0
134.3 0
134.4 0
134.5 0
134.6 0
134.7 0
134.8 0
134.9 0
135 0
135.1 0
135.2 0
135.3 0
135.4 0
135.5 0
135.6 0
135.7 0
135.8 0
135.9 0
136 0
136.1 0
136.2 0
136.3 0
136.4 0
136.5 0
136.6 0
136.7 0
136.8 0
136.9 0
137 0
137.1 0
137.2 0
137.3 0
137.4 0
137.5 0
137.6 0
137.7 0
137.8 0
137.9 0
138 0
138.1 0
138.2 0
138.3 0
138.4 0
138.5 0
138.6 0
138.7 0
138.8 0
138.9 0
139 0
139.1 0
139.2 0
139.3 0
139.4 0
139.5 0
139.6 0
139.7 0
139.8 0
139.9 0
140 0
140.1 0
140.2 0
140.3 0
140.4 0
140.5 0
140.6 0
140.7 0
140.8 0
140.9 0
141 0
141.1 0
141.2 0
141.3 0
141.4 0
141.5 0
141.6 0
141.7 0
141.8 0
141.9 0
142 0
142.1 0
142.2 0
142.3 0
142.4 0
142.5 0
142.6 0
142.7 0
142.8 0
142.9 0
143 0
143.1 0
143.2 0
143.3 0
143.4 0
143.5 0
143.6 0
143.7 0
143.8 0
143.9 0
144 0
144.1 0
144.2 0
144.3 0
144.4 0
144.5 0
144.6 0
144.7 0
144.8 0
144.9 0
145 0
145.1 0
145.2 0
145.3 0
145.4 0
145.5 0
145.6 0
145.7 0
145.8 0
145.9 0
146 0
146.1 0
146.2 0
146.3 0
146.4 0
146.5 0
146.6 0
146.7 0
146.8 0
146.9 0
147 0
147.1 0
147.2 0
147.3 0
147.4 0
147.5 0
147.6 0
147.7 0
147.8 0
147.9 0
148 0
148.1 0
148.2 0
148.3 0
148.4 0
148.5 0
148.6 0
148.7 0
148.8 0
148.9 0
149 0
149.1 0
149.2 0
149.3 0
149.4 0
149.5 0
149.6 0
149.7 0
149.8 0
149.9 0
150 0
150.1 0
150.2 0
150.3 0
150.4 0
150.5 0
150.6 0
150.7 0
150.8 0
150.9 0
151 0
151.1 0
151.2 0
151.3 0
151.4 0
151.5 0
151.6 0
151.7 0
151.8 0
151.9 0
152 0
152.1 0
152.2 0
152.3 0
152.4 0
152.5 0
152.6 0
152.7 0
152.8 0
152.9 0
153 0
153.1 0
153.2 0
153.3 0
153.4 0
153.5 0
153.6 0
153.7 0
153.8 0
153.9 0
154 0
154.1 0
154.2 0
154.3 0
154.4 0
154.5 0
154.6 0
154.7 0
154.8 0
154.9 0
155 0
155.1 0
155.2 0
155.3 0
155.4 0
155.5 0
155.6 0
155.7 0
155.8 0
155.9 0
156 0
156.1 0
156.2 0
156.3 0
156.4 0
156.5 0
156.6 0
156.7 0
156.8 0
156.9 0
157 0
157.1 0
157.2 0
157.3 0
157.4 0
157.5 0
157.6 0
157.7 0
157.8 0
157.9 0
158 0
158.1 0
158.2 0
158.3 0
158.4 0
158.5 0
158.6 0
158.7 0
158.8 0
158.9 0
159 0
159.1 0
159.2 0
159.3 0
159.4 0
159.5 0
159.6 0
159.7 0
159.8 0
159.9 0
160 0
160.1 0
160.2 0
160.3 0
160.4 0
160.5 0
160.6 0
160.7 0
160.8 0
160.9 0
161 0
161.1 0
161.2 0
161.3 0
161.4 0
161.5 0
161.6 0
161.7 0
161.8 0
161.9 0
162 0
162.1 0
162.2 0
162.3 0
162.4 0
162.5 0
162.6 0
162.7 0
162.8 0
162.9 0
163 0
163.1 0
163.2 0
163.3 0
163.4 0
163.5 0
163.6 0
163.7 0
163.8 0
163.9 0
164 0
164.1 0
164.2 0
164.3 0
164.4 0
164.5 0
164.6 0
164.7 0
164.8 0
164.9 0
165 0
165.1 0
165.2 0
165.3 0
165.4 0
165.5 0
165.6 0
165.7 0
165.8 0
165.9 0
166 0
166.1 0
166.2 0
166.3 0
166.4 0
166.5 0
166.6 0
166.7 0
166.8 0
166.9 0
167 0
167.1 0
167.2 0
167.3 0
167.4 0
167.5 0
167.6 0
167.7 0
167.8 0
167.9 0
168 0
168.1 0
168.2 0
168.3 0
168.4 0
168.5 0
168.6 0
168.7 0
168.8 0
168.9 0
169 0
169.1 0
169.2 0
169.3 0
169.4 0
169.5 0
169.6 0
169.7 0
169.8 0
169.9 0
170 0
170.1 0
170.2 0
170.3 0
170.4 0
170.5 0
170.6 0
170.7 0
170.8 0
170.9 0
171 0
171.1 0
171.2 0
171.3 0
171.4 0
171.5 0
171.6 0
171.7 0
171.8 0
171.9 0
172 0
172.1 0
172.2 0
172.3 0
172.4 0
172.5 0
172.6 0
172.7 0
172.8 0
172.9 0
173 0
173.1 0
173.2 0
173.3 0
173.4 0
173.5 0
173.6 0
173.7 0
173.8 0
173.9 0
174 0
174.1 0
174.2 0
174.3 0
174.4 0
174.5 0
174.6 0
174.7 0
174.8 0
174.9 0
175 0
175.1 0
175.2 0
175.3 0
175.4 0
175.5 0
175.6 0
175.7 0
175.8 0
175.9 0
176 0
176.1 0
176.2 0
176.3 0
176.4 0
176.5 0
176.6 0
176.7 0
176.8 0
176.9 0
177 0
177.1 0
177.2 0
177.3 0
177.4 0
177.5 0
177.6 0
177.7 0
177.8 0
177.9 0
178 0
178.1 0
178.2 0
178.3 0
178.4 0
178.5 0
178.6 0
178.7 0
178.8 0
178.9 0
179 0
179.1 0
179.2 0
179.3 0
179.4 0
179.5 0
179.6 0
179.7 0
179.8 0
179.9 0
180 0
180.1 0
180.2 0
180.3 0
180.4 0
180.5 0
180.6 0
180.7 0
180.8 0
180.9 0
181 0
181.1 0
181.2 0
181.3 0
181.4 0
181.5 0
181.6 0
181.7 0
181.8 0
181.9 0
182 0
182.1 0
182.2 0
182.3 0
182.4 0
182.5 0
182.6 0
182.7 0
182.8 0
182.9 0
183 0
183.1 0
183.2 0
183.3 0
183.4 0
183.5 0
183.6 0
183.7 0
183.8 0
183.9 0
184 0
184.1 0
184.2 0
184.3 0
184.4 0
184.5 0
184.6 0
184.7 0
184.8 0
184.9 0
185 0
185.1 0
185.2 0
185.3 0
185.4 0
185.5 0
185.6 0
185.7 0
185.8 0
185.9 0
186 0
186.1 0
186.2 0
186.3 0
186.4 0
186.5 0
186.6 0
186.7 0
186.8 0
186.9 0
187 0
187.1 0
187.2 0
187.3 0
187.4 0
187.5 0
187.6 0
187.7 0
187.8 0
187.9 0
188 0
188.1 0
188.2 0
188.3 0
188.4 0
188.5 0
188.6 0
188.7 0
188.8 0
188.9 0
189 0
189.1 0
189.2 0
189.3 0
189.4 0
189.5 0
189.6 0
189.7 0
189.8 0
189.9 0
190 0
190.1 0
190.2 0
190.3 0
190.4 0
190.5 0
190.6 0
190.7 0
190.8 0
190.9 0
191 0
191.1 0
191.2 0
191.3 0
191.4 0
191.5 0
191.6 0
191.7 0
191.8 0
191.9 0
192 0
192.1 0
192.2 0
192.3 0
192.4 0
192.5 0
192.6 0
192.7 0
192.8 0
192.9 0
193 0
193.1 0
193.2 0
193.3 0
193.4 0
193.5 0
193.6 0
193.7 0
193.8 0
193.9 0
194 0
194.1 0
194.2 0
194.3 0
194.4 0
194.5 0
194.6 0
194.7 0
194.8 0
194.9 0
195 0
195.1 0
195.2 0
195.3 0
195.4 0
195.5 0
195.6 0
195.7 0
195.8 0
195.9 0
196 0
196.1 0
196.2 0
196.3 0
196.4 0
196.5 0
196.6 0
196.7 0
196.8 0
196.9 0
197 0
197.1 0
197.2 0
197.3 0
197.4 0
197.5 0
197.6 0
197.7 0
197.8 0
197.9 0
198 0
198.1 0
198.2 0
198.3 0
198.4 0
198.5 0
198.6 0
198.7 0
198.8 0
198.9 0
199 0
199.1 0
199.2 0
199.3 0
199.4 0
199.5 0
199.6 0
199.7 0
199.8 0
199.9 0
200 0
200.1 0
200.2 0
200.3 0
200.4 0
200.5 0
200.6 0
200.7 0
200.8 0
200.9 0
201 0
201.1 0
201.2 0
201.3 0
201.4 0
201.5 0
201.6 0
201.7 0
201.8 0
201.9 0
202 0
202.1 0
202.2 0
202.3 0
202.4 0
202.5 0
202.6 0
202.7 0
202.8 0
202.9 0
203 0
203.1 0
203.2 0
203.3 0
203.4 0
203.5 0
203.6 0
203.7 0
203.8 0
203.9 0
204 0
204.1 0
204.2 0
204.3 0
204.4 0
204.5 0
204.6 0
204.7 0
