0 -52.3126
0.1 -37.5199
0.2 -24.1387
0.3 -15.2028
0.4 -13.2516
0.5 -20.0095
0.6 -36.0908
0.7 -60.7702
0.8 -91.8909
0.9 -125.999
1 -158.761
1.1 -185.637
1.2 -202.705
1.3 -207.428
1.4 -199.134
1.5 -179.065
1.6 -149.969
1.7 -115.389
1.8 -78.877
1.9 -43.4107
2 -11.1396
2.1 16.5277
2.2 38.6632
2.3 54.5732
2.4 63.7285
2.5 65.9277
2.6 61.5571
2.7 51.805
2.8 38.6738
2.9 24.7555
3 12.8488
3.1 5.55018
3.2 4.94193
3.3 12.4051
3.4 28.5133
3.5 52.9184
3.6 84.2116
3.7 119.822
3.8 156.107
3.9 188.752
4 213.498
4.1 227.029
4.2 227.71
4.3 215.873
4.4 193.492
4.5 163.325
4.6 127.858
4.7 88.4709
4.8 45.1744
4.9 -2.96176
5 -56.8762
5.1 -116.442
5.2 -179.652
5.3 -242.355
5.4 -298.57
5.5 -341.285
5.6 -363.503
5.7 -359.366
5.8 -325.262
5.9 -260.818
6 -169.681
6.1 -59.8549
6.2 56.6848
6.3 165.323
6.4 251.055
6.5 301.298
6.6 308.593
6.7 272.438
6.8 199.624
6.9 102.92
7 -1.58403
7.1 -97.7382
7.2 -172.321
7.3 -217.046
7.4 -229.253
7.5 -211.39
7.6 -169.673
7.7 -112.438
7.8 -48.5476
7.9 13.9013
8 68.5336
8.1 111.309
8.2 140.76
8.3 157.807
8.4 165.094
8.5 165.944
8.6 163.173
8.7 158.11
8.8 150.176
8.9 137.2
9 116.371
9.1 85.5359
9.2 44.3628
9.3 -4.99963
9.4 -57.977
9.5 -108.293
9.6 -149.124
9.7 -174.37
9.8 -179.765
9.9 -163.663
10 -127.401
10.1 -75.2467
10.2 -13.9092
10.3 48.3648
10.4 103.027
10.5 142.62
10.6 162.044
10.7 159.377
10.8 136
10.9 95.9796
11 44.8853
11.1 -11.5727
11.2 -68.6493
11.3 -123.077
11.4 -172.894
11.5 -216.765
11.6 -253.142
11.7 -279.699
11.8 -293.276
11.9 -290.414
12 -268.273
12.1 -225.639
12.2 -163.635
12.3 -85.9434
12.4 1.53479
12.5 91.4892
12.6 176.241
12.7 248.799
12.8 303.748
12.9 337.834
13 350.248
13.1 342.589
13.2 318.555
13.3 283.383
13.4 243.103
13.5 203.66
13.6 170.028
13.7 145.439
13.8 130.888
13.9 124.984
14 124.184
14.1 123.343
14.2 116.461
14.3 97.4825
14.4 61.0571
14.5 3.24425
14.6 -77.8212
14.7 -181.273
14.8 -302.915
14.9 -434.842
15 -565.523
15.1 -680.605
15.2 -764.528
15.3 -802.851
15.4 -784.849
15.5 -705.814
15.6 -568.438
15.7 -382.862
15.8 -165.344
15.9 64.1825
16 285.059
16.1 478.727
16.2 630.91
16.3 732.883
16.4 781.814
16.5 780.319
16.6 735.449
16.7 657.252
16.8 557.086
16.9 445.859
17 332.456
17.1 222.727
17.2 119.319
17.3 22.4596
17.4 -68.5022
17.5 -153.377
17.6 -229.895
17.7 -293.54
17.8 -338.621
17.9 -360.258
18 -356.496
18.1 -329.675
18.2 -286.384
18.3 -235.896
18.4 -187.574
18.5 -148.145
18.6 -119.824
18.7 -99.9165
18.8 -82.0085
18.9 -58.2858
19 -22.1883
19.1 29.3901
19.2 94.9045
19.3 168.124
19.4 239.087
19.5 295.715
19.6 325.717
19.7 318.534
19.8 267.111
19.9 169.313
20 28.7886
20.1 -144.933
20.2 -337.22
20.3 -529.888
20.4 -703.243
20.5 -838.17
20.6 -917.894
20.7 -929.206
20.8 -863.26
20.9 -716.19
21 -489.855
21.1 -192.765
21.2 159.07
21.3 541.873
21.4 924.997
21.5 1273.31
21.6 1550.97
21.7 1725.93
21.8 1774.43
21.9 1684.39
22 1457.33
22.1 1108.45
22.2 665.316
22.3 165.374
22.4 -347.026
22.5 -824.077
22.6 -1218.28
22.7 -1486.62
22.8 -1595.15
22.9 -1523.62
23 -1269.8
23.1 -852.701
23.2 -314.118
23.3 282.31
23.4 854.871
23.5 1310.8
23.6 1556.57
23.7 1511.01
23.8 1120.25
23.9 372.477
24 -690.091
24.1 -1965.28
24.2 -3293.94
24.3 -4473.75
24.4 -5283.8
24.5 -5517.63
24.6 -5019.97
24.7 -3721.04
24.8 -1661.54
24.9 997.481
25 3983.6
25.1 6941.38
25.2 9477.22
25.3 11214.5
25.4 11850.5
25.5 11205.9
25.6 9258.12
25.7 6151.84
25.8 2185.22
25.9 -2227.32
26 -6609.13
26.1 -10483.5
26.2 -13433.8
26.3 -15152.3
26.4 -15471.6
26.5 -14375.6
26.6 -11991.4
26.7 -8565.4
26.8 -4429.72
26.9 36.062
27 4443.05
27.1 8427.77
27.2 11681.3
27.3 13971.7
27.4 15158
27.5 15196.6
27.6 14138.3
27.7 12117.6
27.8 9335.84
27.9 6039.55
28 2497.02
28.1 -1024.63
28.2 -4280.25
28.3 -7064.08
28.4 -9222.97
28.5 -10665
28.6 -11362.7
28.7 -11350.7
28.8 -10717.5
28.9 -9591.44
29 -8123.86
29.1 -6470.18
29.2 -4772.6
29.3 -3146.65
29.4 -1673.07
29.5 -395.427
29.6 677.217
29.7 1564.11
29.8 2304.54
29.9 2948.9
30 3549.83
30.1 4154.1
30.2 4795.47
30.3 5488.98
30.4 6227.36
30.5 6979.85
30.6 7693.84
30.7 8299.26
30.8 8715.13
30.9 8857.8
31 8650.02
31.1 8030.13
31.2 6960.91
31.3 5437.16
31.4 3491.18
31.5 1195.05
31.6 -1341.55
31.7 -3978.39
31.8 -6556.43
31.9 -8913.13
32 -10898.9
32.1 -12391.8
32.2 -13309.2
32.3 -13612.4
32.4 -13306.5
32.5 -12434.6
32.6 -11068.8
32.7 -9299.76
32.8 -7227.29
32.9 -4952.59
33 -2573.1
33.1 -179.474
33.2 2145.65
33.3 4327.93
33.4 6301.19
33.5 8007.54
33.6 9397.78
33.7 10432.6
33.8 11084.3
33.9 11338.5
34 11196
34.1 10673.5
34.2 9803.39
34.3 8631.82
34.4 7215.24
34.5 5616.54
34.6 3900.96
34.7 2132.8
34.8 373.337
34.9 -1320.08
35 -2894.25
35.1 -4300.2
35.2 -5493.81
35.3 -6437.31
35.4 -7101.35
35.5 -7467.5
35.6 -7530.34
35.7 -7298.83
35.8 -6796.67
35.9 -6061.54
36 -5143.41
36.1 -4101.87
36.2 -3002.56
36.3 -1912.63
36.4 -895.472
36.5 -5.16184
36.6 718.506
36.7 1253.48
36.8 1596.53
36.9 1761.59
37 1775.69
37.1 1673.45
37.2 1491.34
37.3 1262.98
37.4 1016.34
37.5 772.746
37.6 547.608
37.7 351.883
37.8 193.766
37.9 80.0709
38 17.1593
38.1 11.4141
38.2 69.3056
38.3 196.995
38.4 399.381
38.5 678.576
38.6 1031.99
38.7 1450.51
38.8 1917.31
38.9 2407.86
39 2891.37
39.1 3333.41
39.2 3699.14
39.3 3956.54
39.4 4078.94
39.5 4046.67
39.6 3847.9
39.7 3478.99
39.8 2944.51
39.9 2257.24
40 1437.89
40.1 514.43
40.2 -479.153
40.3 -1504.64
40.4 -2521.71
40.5 -3490.01
40.6 -4371.06
40.7 -5129.73
40.8 -5735.53
40.9 -6163.83
41 -6397.11
41.1 -6426.18
41.2 -6251.16
41.3 -5881.82
41.4 -5337.14
41.5 -4643.92
41.6 -3834.73
41.7 -2945.42
41.8 -2012.61
41.9 -1071.51
42 -154.014
42.1 712.65
42.2 1506.78
42.3 2212.64
42.4 2820.36
42.5 3325.46
42.6 3728.13
42.7 4032.29
42.8 4244.81
42.9 4374.78
43 4432.75
43.1 4430.01
43.2 4377.42
43.3 4284.22
43.4 4156.8
43.5 3997.95
43.6 3806.84
43.7 3579.98
43.8 3312.79
43.9 3001.37
44 2643.91
44.1 2241.18
44.2 1796.1
44.3 1312.72
44.4 795.028
44.5 246.293
44.6 -330.868
44.7 -933.62
44.8 -1557.65
44.9 -2195.93
45 -2837.9
45.1 -3469.31
45.2 -4072.54
45.3 -4627.4
45.4 -5112.18
45.5 -5504.79
45.6 -5784.14
45.7 -5931.66
45.8 -5932.96
45.9 -5779.42
46 -5469.57
46.1 -5009.83
46.2 -4414.62
46.3 -3705.54
46.4 -2909.85
46.5 -2058.3
46.6 -1182.39
46.7 -311.68
46.8 528.878
46.9 1320.83
47 2053.12
47.1 2721.67
47.2 3327.69
47.3 3875.13
47.4 4367.75
47.5 4806.75
47.6 5189.24
47.7 5507.97
47.8 5752.13
47.9 5908.66
48 5963.92
48.1 5905.09
48.2 5721.43
48.3 5405.33
48.4 4953.48
48.5 4367.95
48.6 3657.21
48.7 2836.63
48.8 1928.41
48.9 960.591
49 -34.6384
49.1 -1023.05
49.2 -1970.63
49.3 -2845.75
49.4 -3620.96
49.5 -4274.61
49.6 -4792.02
49.7 -5166.12
49.8 -5397.52
49.9 -5493.66
50 -5467.27
50.1 -5334.31
50.2 -5111.77
50.3 -4815.89
50.4 -4461.03
50.5 -4059.15
50.6 -3619.89
50.7 -3150.64
50.8 -2656.8
50.9 -2141.92
51 -1608.18
51.1 -1057.35
51.2 -492.194
51.3 81.9115
51.4 655.74
51.5 1216.03
51.6 1746.67
51.7 2231
51.8 2654.83
51.9 3008.89
52 3290.29
52.1 3502.16
52.2 3651.94
52.3 3748.73
52.4 3800.72
52.5 3813.31
52.6 3788.35
52.7 3724.55
52.8 3618.58
52.9 3466.42
53 3264.7
53.1 3011.6
53.2 2707.3
53.3 2354.1
53.4 1956.12
53.5 1518.87
53.6 1048.69
53.7 552.497
53.8 37.7329
53.9 -487.16
54 -1012.07
54.1 -1524.62
54.2 -2010.01
54.3 -2451.84
54.4 -2833.66
54.5 -3141.3
54.6 -3365.12
54.7 -3501.63
54.8 -3553.96
54.9 -3531.01
55 -3445.52
55.1 -3311.67
55.2 -3142.76
55.3 -2949.55
55.4 -2739.41
55.5 -2516.32
55.6 -2281.43
55.7 -2033.93
55.8 -1771.91
55.9 -1493.15
56 -1195.6
56.1 -877.68
56.2 -538.313
56.3 -176.916
56.4 206.487
56.5 610.843
56.6 1033.26
56.7 1467.92
56.8 1905.07
56.9 2330.48
57 2726.02
57.1 3071.17
57.2 3345.71
57.3 3532.66
57.4 3620.9
57.5 3606.86
57.6 3494.65
57.7 3295.01
57.8 3023.24
57.9 2696.75
58 2332.94
58.1 1947.51
58.2 1553.48
58.3 1160.88
58.4 776.766
58.5 405.755
58.6 50.6839
58.7 -286.556
58.8 -604.277
58.9 -900.541
59 -1173.14
59.1 -1420.02
59.2 -1639.85
59.3 -1832.54
59.4 -1999.1
59.5 -2141.02
59.6 -2259.13
59.7 -2352.47
59.8 -2417.75
59.9 -2449.74
60 -2442.47
60.1 -2390.98
60.2 -2292.84
60.3 -2149.01
60.4 -1963.67
60.5 -1743.19
60.6 -1494.9
60.7 -1225.91
60.8 -942.701
60.9 -651.183
61 -357.253
61.1 -67.2324
61.2 212.04
61.3 473.55
61.4 710.736
61.5 918.143
61.6 1091.88
61.7 1229.84
61.8 1331.77
61.9 1399.29
62 1435.97
62.1 1447.21
62.2 1439.87
62.3 1421.43
62.4 1398.79
62.5 1376.93
62.6 1358.07
62.7 1341.43
62.8 1323.9
62.9 1301.36
63 1270.09
63.1 1227.82
63.2 1174.08
63.3 1109.73
63.4 1036.12
63.5 954.026
63.6 862.939
63.7 760.658
63.8 643.319
63.9 505.697
64 341.807
64.1 145.863
64.2 -86.3076
64.3 -355.454
64.4 -657.047
64.5 -979.99
64.6 -1306.58
64.7 -1614.14
64.8 -1878.27
64.9 -2077.02
65 -2194.83
65.1 -2225.17
65.2 -2171.12
65.3 -2043.84
65.4 -1859.53
65.5 -1636.04
65.6 -1390.09
65.7 -1135.75
65.8 -884.084
65.9 -643.648
66 -421.117
66.1 -221.555
66.2 -48.2409
66.3 97.7559
66.4 217.871
66.5 315.94
66.6 397.636
66.7 469.624
66.8 538.663
66.9 610.818
67 690.762
67.1 781.058
67.2 881.386
67.3 987.841
67.4 1092.69
67.5 1185.02
67.6 1252.41
67.7 1283.62
67.8 1271.43
67.9 1214.93
68 1120.26
68.1 999.538
68.2 868.052
68.3 740.715
68.4 628.661
68.5 537.052
68.6 464.514
68.7 404.183
68.8 345.832
68.9 278.438
69 192.601
69.1 82.4766
69.2 -52.896
69.3 -208.949
69.4 -375.696
69.5 -538.752
69.6 -681.348
69.7 -787.2
69.8 -843.79
69.9 -845.326
70 -794.574
70.1 -702.982
70.2 -588.948
70.3 -474.603
70.4 -381.861
70.5 -328.633
70.6 -325.942
70.7 -376.35
70.8 -473.786
70.9 -604.597
71 -749.569
71.1 -886.626
71.2 -993.938
71.3 -1053.06
71.4 -1051.65
71.5 -985.276
71.6 -857.8
71.7 -680.361
71.8 -469.041
71.9 -241.923
72 -16.2621
72.1 193.579
72.2 377.139
72.3 527.943
72.4 643.092
72.5 722.825
72.6 770.302
72.7 791.541
72.8 795.138
72.9 791.423
73 790.889
73.1 802.131
73.2 829.848
73.3 873.57
73.4 927.552
73.5 981.908
73.6 1024.6
73.7 1043.7
73.8 1029.26
73.9 974.548
74 876.593
74.1 736.299
74.2 558.406
74.3 351.392
74.4 127.163
74.5 -99.7546
74.6 -313.735
74.7 -500.212
74.8 -648.06
74.9 -751.523
75 -811.062
75.1 -832.774
75.2 -826.547
75.3 -803.506
75.4 -773.583
75.5 -743.873
75.6 -718.122
75.7 -697.215
75.8 -680.186
75.9 -665.198
76 -650.094
76.1 -632.476
76.2 -609.531
76.3 -577.996
76.4 -534.534
76.5 -476.518
76.6 -402.989
76.7 -315.322
76.8 -217.283
76.9 -114.311
77 -12.2514
77.1 84.0466
77.2 171.747
77.3 250.323
77.4 321.041
77.5 385.866
77.6 446.211
77.7 501.957
77.8 551.071
77.9 589.903
78 614.029
78.1 619.396
78.2 603.461
78.3 566.091
78.4 510.049
78.5 440.977
78.6 366.832
78.7 296.791
78.8 239.718
78.9 202.415
79 187.985
79.1 194.745
79.2 216.069
79.3 241.4
79.4 258.353
79.5 255.528
79.6 225.358
79.7 166.25
79.8 83.3782
79.9 -12.1552
80 -105.661
80.1 -182.162
80.2 -229.837
80.3 -242.777
80.4 -222.411
80.5 -177.316
80.6 -121.53
80.7 -71.8103
80.8 -44.4815
80.9 -52.5052
81 -103.281
81.1 -197.467
81.2 -328.87
81.3 -485.305
81.4 -650.184
81.5 -804.574
81.6 -929.455
81.7 -1007.94
81.8 -1027.22
81.9 -980.03
82 -865.53
82.1 -689.431
82.2 -463.455
82.3 -204.167
82.4 68.6491
82.5 333.874
82.6 571.035
82.7 762.237
82.8 893.93
82.9 958.385
83 954.723
83.1 889.274
83.2 775.056
83.3 630.238
83.4 475.632
83.5 331.555
83.6 214.598
83.7 134.974
83.8 95.059
83.9 89.479
84 106.748
84.1 132.036
84.2 150.396
84.3 149.721
84.4 122.793
84.5 68.118
84.6 -10.4475
84.7 -104.968
84.8 -205.18
84.9 -300.259
85 -380.249
85.1 -437.038
85.2 -464.872
85.3 -460.499
85.4 -423.166
85.5 -354.568
85.6 -258.886
85.7 -142.746
85.8 -14.9901
85.9 113.682
86 231.611
86.1 327.383
86.2 391.233
86.3 416.486
86.4 400.412
86.5 344.695
86.6 255.24
86.7 141.312
86.8 14.359
86.9 -113.363
87 -230.158
87.1 -326.053
87.2 -393.737
87.3 -429.222
87.4 -432.195
87.5 -405.82
87.6 -356.107
87.7 -290.845
87.8 -218.245
87.9 -145.744
88 -79.0075
88.1 -21.4331
88.2 25.6813
88.3 62.6496
88.4 90.755
88.5 111.713
88.6 127.343
88.7 139.47
88.8 149.908
88.9 160.346
89 172.123
89.1 185.85
89.2 201.168
89.3 216.543
89.4 229.483
89.5 236.947
89.6 235.901
89.7 223.849
89.8 199.207
89.9 161.532
90 111.577
90.1 51.3161
90.2 -16.0659
90.3 -86.2534
90.4 -154.044
90.5 -213.774
90.6 -260.001
90.7 -288.253
90.8 -295.702
90.9 -281.556
91 -247.049
91.1 -195.092
91.2 -129.719
91.3 -55.4938
91.4 22.9137
91.5 100.983
91.6 174.449
91.7 239.359
91.8 292.174
91.9 329.962
92 350.614
92.1 353.011
92.2 337.083
92.3 303.737
92.4 254.714
92.5 192.431
92.6 119.873
92.7 40.5096
92.8 -41.7944
92.9 -122.955
93 -198.977
93.1 -266.319
93.2 -322.252
93.3 -365.102
93.4 -394.284
93.5 -410.135
93.6 -413.617
93.7 -405.957
93.8 -388.327
93.9 -361.666
94 -326.622
94.1 -283.603
94.2 -232.906
94.3 -174.894
94.4 -110.2
94.5 -39.9417
94.6 34.1068
94.7 109.427
94.8 182.819
94.9 250.633
95 309.15
95.1 355.044
95.2 385.82
95.3 400.11
95.4 397.8
95.5 379.956
95.6 348.594
95.7 306.404
95.8 256.445
95.9 201.918
96 145.976
96.1 91.5872
96.2 41.4359
96.3 -2.18447
96.4 -37.4802
96.5 -63.2654
96.6 -79.0639
96.7 -85.1928
96.8 -82.808
96.9 -73.8386
97 -60.8347
97.1 -46.6908
97.2 -34.2669
97.3 -25.9787
97.4 -23.4075
97.5 -27.0689
97.6 -36.3924
97.7 -49.8955
97.8 -65.5373
97.9 -81.1559
98 -94.8702
98.1 -105.384
98.2 -112.138
98.3 -115.284
98.4 -115.54
98.5 -113.995
98.6 -111.866
98.7 -110.278
98.8 -110.086
98.9 -111.729
99 -115.167
99.1 -119.892
99.2 -124.969
99.3 -129.155
99.4 -131.03
99.5 -129.15
99.6 -122.181
99.7 -109.029
99.8 -88.945
99.9 -61.6311
100 -27.3327
100.1 13.098
100.2 58.1645
100.3 105.776
100.4 153.346
100.5 197.981
100.6 236.728
100.7 266.848
100.8 286.1
100.9 292.986
101 286.921
101.1 268.312
101.2 238.534
101.3 199.812
101.4 155.016
101.5 107.409
101.6 60.3691
101.7 17.105
101.8 -19.6193
101.9 -47.7294
102 -66.0336
102.1 -74.3467
102.2 -73.5125
102.3 -65.32
102.4 0
102.5 0
102.6 0
102.7 0
102.8 0
102.9 0
103 0
103.1 0
103.2 0
103.3 0
103.4 0
103.5 0
103.6 0
103.7 0
103.8 0
103.9 0
104 0
104.1 0
104.2 0
104.3 0
104.4 0
104.5 0
104.6 0
104.7 0
104.8 0
104.9 0
105 0
105.1 0
105.2 0
105.3 0
105.4 0
105.5 0
105.6 0
105.7 0
105.8 0
105.9 0
106 0
106.1 0
106.2 0
106.3 0
106.4 0
106.5 0
106.6 0
106.7 0
106.8 0
106.9 0
107 0
107.1 0
107.2 0
107.3 0
107.4 0
107.5 0
107.6 0
107.7 0
107.8 0
107.9 0
108 0
108.1 0
108.2 0
108.3 0
108.4 0
108.5 0
108.6 0
108.7 0
108.8 0
108.9 0
109 0
109.1 0
109.2 0
109.3 0
109.4 0
109.5 0
109.6 0
109.7 0
109.8 0
109.9 0
110 0
110.1 0
110.2 0
110.3 0
110.4 0
110.5 0
110.6 0
110.7 0
110.8 0
110.9 0
111 0
111.1 0
111.2 0
111.3 0
111.4 0
111.5 0
111.6 0
111.7 0
111.8 0
111.9 0
112 0
112.1 0
112.2 0
112.3 0
112.4 0
112.5 0
112.6 0
112.7 0
112.8 0
112.9 0
113 0
113.1 0
113.2 0
113.3 0
113.4 0
113.5 0
113.6 0
113.7 0
113.8 0
113.9 0
114 0
114.1 0
114.2 0
114.3 0
114.4 0
114.5 0
114.6 0
114.7 0
114.8 0
114.9 0
115 0
115.1 0
115.2 0
115.3 0
115.4 0
115.5 0
115.6 0
115.7 0
115.8 0
115.9 0
116 0
116.1 0
116.2 0
116.3 0
116.4 0
116.5 0
116.6 0
116.7 0
116.8 0
116.9 0
117 0
117.1 0
117.2 0
117.3 0
117.4 0
117.5 0
117.6 0
117.7 0
117.8 0
117.9 0
118 0
118.1 0
118.2 0
118.3 0
118.4 0
118.5 0
118.6 0
118.7 0
118.8 0
118.9 0
119 0
119.1 0
119.2 0
119.3 0
119.4 0
119.5 0
119.6 0
119.7 0
119.8 0
119.9 0
120 0
120.1 0
120.2 0
120.3 0
120.4 0
120.5 0
120.6 0
120.7 0
120.8 0
120.9 0
121 0
121.1 0
121.2 0
121.3 0
121.4 0
121.5 0
121.6 0
121.7 0
121.8 0
121.9 0
122 0
122.1 0
122.2 0
122.3 0
122.4 0
122.5 0
122.6 0
122.7 0
122.8 0
122.9 0
123 0
123.1 0
123.2 0
123.3 0
123.4 0
123.5 0
123.6 0
123.7 0
123.8 0
123.9 0
124 0
124.1 0
124.2 0
124.3 0
124.4 0
124.5 0
124.6 0
124.7 0
124.8 0
124.9 0
125 0
125.1 0
125.2 0
125.3 0
125.4 0
125.5 0
125.6 0
125.7 0
125.8 0
125.9 0
126 0
126.1 0
126.2 0
126.3 0
126.4 0
126.5 0
126.6 0
126.7 0
126.8 0
126.9 0
127 0
127.1 0
127.2 0
127.3 0
127.4 0
127.5 0
127.6 0
127.7 0
127.8 0
127.9 0
128 0
128.1 0
128.2 0
128.3 0
128.4 0
128.5 0
128.6 0
128.7 0
128.8 0
128.9 0
129 0
129.1 0
129.2 0
129.3 0
129.4 0
129.5 0
129.6 0
129.7 0
129.8 0
129.9 0
130 0
130.1 0
130.2 0
130.3 0
130.4 0
130.5 0
130.6 0
130.7 0
130.8 0
130.9 0
131 0
131.1 0
131.2 0
131.3 0
131.4 0
131.5 0
131.6 0
131.7 0
131.8 0
131.9 0
132 0
132.1 0
132.2 0
132.3 0
132.4 0
132.5 0
132.6 0
132.7 0
132.8 0
132.9 0
133 0
133.1 0
133.2 0
133.3 0
133.4 0
133.5 0
133.6 0
133.7 0
133.8 0
133.9 0
134 0
134.1 0
134.2 0
134.3 0
134.4 0
134.5 0
134.6 0
134.7 0
134.8 0
134.9 0
135 0
135.1 0
135.2 0
135.3 0
135.4 0
135.5 0
135.6 0
135.7 0
135.8 0
135.9 0
136 0
136.1 0
136.2 0
136.3 0
136.4 0
136.5 0
136.6 0
136.7 0
136.8 0
136.9 0
137 0
137.1 0
137.2 0
137.3 0
137.4 0
137.5 0
137.6 0
137.7 0
137.8 0
137.9 0
138 0
138.1 0
138.2 0
138.3 0
138.4 0
138.5 0
138.6 0
138.7 0
138.8 0
138.9 0
139 0
139.1 0
139.2 0
139.3 0
139.4 0
139.5 0
139.6 0
139.7 0
139.8 0
139.9 0
140 0
140.1 0
140.2 0
140.3 0
140.4 0
140.5 0
140.6 0
140.7 0
140.8 0
140.9 0
141 0
141.1 0
141.2 0
141.3 0
141.4 0
141.5 0
141.6 0
141.7 0
141.8 0
141.9 0
142 0
142.1 0
142.2 0
142.3 0
142.4 0
142.5 0
142.6 0
142.7 0
142.8 0
142.9 0
143 0
143.1 0
143.2 0
143.3 0
143.4 0
143.5 0
143.6 0
143.7 0
143.8 0
143.9 0
144 0
144.1 0
144.2 0
144.3 0
144.4 0
144.5 0
144.6 0
144.7 0
144.8 0
144.9 0
145 0
145.1 0
145.2 0
145.3 0
145.4 0
145.5 0
145.6 0
145.7 0
145.8 0
145.9 0
146 0
146.1 0
146.2 0
146.3 0
146.4 0
146.5 0
146.6 0
146.7 0
146.8 0
146.9 0
147 0
147.1 0
147.2 0
147.3 0
147.4 0
147.5 0
147.6 0
147.7 0
147.8 0
147.9 0
148 0
148.1 0
148.2 0
148.3 0
148.4 0
148.5 0
148.6 0
148.7 0
148.8 0
148.9 0
149 0
149.1 0
149.2 0
149.3 0
149.4 0
149.5 0
149.6 0
149.7 0
149.8 0
149.9 0
150 0
150.1 0
150.2 0
150.3 0
150.4 0
150.5 0
150.6 0
150.7 0
150.8 0
150.9 0
151 0
151.1 0
151.2 0
151.3 0
151.4 0
151.5 0
151.6 0
151.7 0
151.8 0
151.9 0
152 0
152.1 0
152.2 0
152.3 0
152.4 0
152.5 0
152.6 0
152.7 0
152.8 0
152.9 0
153 0
153.1 0
153.2 0
153.3 0
153.4 0
153.5 0
153.6 0
153.7 0
153.8 0
153.9 0
154 0
154.1 0
154.2 0
154.3 0
154.4 0
154.5 0
154.6 0
154.7 0
154.8 0
154.9 0
155 0
155.1 0
155.2 0
155.3 0
155.4 0
155.5 0
155.6 0
155.7 0
155.8 0
155.9 0
156 0
156.1 0
156.2 0
156.3 0
156.4 0
156.5 0
156.6 0
156.7 0
156.8 0
156.9 0
157 0
157.1 0
157.2 0
157.3 0
157.4 0
157.5 0
157.6 0
157.7 0
157.8 0
157.9 0
158 0
158.1 0
158.2 0
158.3 0
158.4 0
158.5 0
158.6 0
158.7 0
158.8 0
158.9 0
159 0
159.1 0
159.2 0
159.3 0
159.4 0
159.5 0
159.6 0
159.7 0
159.8 0
159.9 0
160 0
160.1 0
160.2 0
160.3 0
160.4 0
160.5 0
160.6 0
160.7 0
160.8 0
160.9 0
161 0
161.1 0
161.2 0
161.3 0
161.4 0
161.5 0
161.6 0
161.7 0
161.8 0
161.9 0
162 0
162.1 0
162.2 0
162.3 0
162.4 0
162.5 0
162.6 0
162.7 0
162.8 0
162.9 0
163 0
163.1 0
163.2 0
163.3 0
163.4 0
163.5 0
163.6 0
163.7 0
163.8 0
163.9 0
164 0
164.1 0
164.2 0
164.3 0
164.4 0
164.5 0
164.6 0
164.7 0
164.8 0
164.9 0
165 0
165.1 0
165.2 0
165.3 0
165.4 0
165.5 0
165.6 0
165.7 0
165.8 0
165.9 0
166 0
166.1 0
166.2 0
166.3 0
166.4 0
166.5 0
166.6 0
166.7 0
166.8 0
166.9 0
167 0
167.1 0
167.2 0
167.3 0
167.4 0
167.5 0
167.6 0
167.7 0
167.8 0
167.9 0
168 0
168.1 0
168.2 0
168.3 0
168.4 0
168.5 0
168.6 0
168.7 0
168.8 0
168.9 0
169 0
169.1 0
169.2 0
169.3 0
169.4 0
169.5 0
169.6 0
169.7 0
169.8 0
169.9 0
170 0
170.1 0
170.2 0
170.3 0
170.4 0
170.5 0
170.6 0
170.7 0
170.8 0
170.9 0
171 0
171.1 0
171.2 0
171.3 0
171.4 0
171.5 0
171.6 0
171.7 0
171.8 0
171.9 0
172 0
172.1 0
172.2 0
172.3 0
172.4 0
172.5 0
172.6 0
172.7 0
172.8 0
172.9 0
173 0
173.1 0
173.2 0
173.3 0
173.4 0
173.5 0
173.6 0
173.7 0
173.8 0
173.9 0
174 0
174.1 0
174.2 0
174.3 0
174.4 0
174.5 0
174.6 0
174.7 0
174.8 0
174.9 0
175 0
175.1 0
175.2 0
175.3 0
175.4 0
175.5 0
175.6 0
175.7 0
175.8 0
175.9 0
176 0
176.1 0
176.2 0
176.3 0
176.4 0
176.5 0
176.6 0
176.7 0
176.8 0
176.9 0
177 0
177.1 0
177.2 0
177.3 0
177.4 0
177.5 0
177.6 0
177.7 0
177.8 0
177.9 0
178 0
178.1 0
178.2 0
178.3 0
178.4 0
178.5 0
178.6 0
178.7 0
178.8 0
178.9 0
179 0
179.1 0
179.2 0
179.3 0
179.4 0
179.5 0
179.6 0
179.7 0
179.8 0
179.9 0
180 0
180.1 0
180.2 0
180.3 0
180.4 0
180.5 0
180.6 0
180.7 0
180.8 0
180.9 0
181 0
181.1 0
181.2 0
181.3 0
181.4 0
181.5 0
181.6 0
181.7 0
181.8 0
181.9 0
182 0
182.1 0
182.2 0
182.3 0
182.4 0
182.5 0
182.6 0
182.7 0
182.8 0
182.9 0
183 0
183.1 0
183.2 0
183.3 0
183.4 0
183.5 0
183.6 0
183.7 0
183.8 0
183.9 0
184 0
184.1 0
184.2 0
184.3 0
184.4 0
184.5 0
184.6 0
184.7 0
184.8 0
184.9 0
185 0
185.1 0
185.2 0
185.3 0
185.4 0
185.5 0
185.6 0
185.7 0
185.8 0
185.9 0
186 0
186.1 0
186.2 0
186.3 0
186.4 0
186.5 0
186.6 0
186.7 0
186.8 0
186.9 0
187 0
187.1 0
187.2 0
187.3 0
187.4 0
187.5 0
187.6 0
187.7 0
187.8 0
187.9 0
188 0
188.1 0
188.2 0
188.3 0
188.4 0
188.5 0
188.6 0
188.7 0
188.8 0
188.9 0
189 0
189.1 0
189.2 0
189.3 0
189.4 0
189.5 0
189.6 0
189.7 0
189.8 0
189.9 0
190 0
190.1 0
190.2 0
190.3 0
190.4 0
190.5 0
190.6 0
190.7 0
190.8 0
190.9 0
191 0
191.1 0
191.2 0
191.3 0
191.4 0
191.5 0
191.6 0
191.7 0
191.8 0
191.9 0
192 0
192.1 0
192.2 0
192.3 0
192.4 0
192.5 0
192.6 0
192.7 0
192.8 0
192.9 0
193 0
193.1 0
193.2 0
193.3 0
193.4 0
193.5 0
193.6 0
193.7 0
193.8 0
193.9 0
194 0
194.1 0
194.2 0
194.3 0
194.4 0
194.5 0
194.6 0
194.7 0
194.8 0
194.9 0
195 0
195.1 0
195.2 0
195.3 0
195.4 0
195.5 0
195.6 0
195.7 0
195.8 0
195.9 0
196 0
196.1 0
196.2 0
196.3 0
196.4 0
196.5 0
196.6 0
196.7 0
196.8 0
196.9 0
197 0
197.1 0
197.2 0
197.3 0
197.4 0
197.5 0
197.6 0
197.7 0
197.8 0
197.9 0
198 0
198.1 0
198.2 0
198.3 0
198.4 0
198.5 0
198.6 0
198.7 0
198.8 0
198.9 0
199 0
199.1 0
199.2 0
199.3 0
199.4 0
199.5 0
199.6 0
199.7 0
199.8 0
199.9 0
200 0
200.1 0
200.2 0
200.3 0
200.4 0
200.5 0
200.6 0
200.7 0
200.8 0
200.9 0
201 0
201.1 0
201.2 0
201.3 0
201.4 0
201.5 0
201.6 0
201.7 0
201.8 0
201.9 0
202 0
202.1 0
202.2 0
202.3 0
202.4 0
202.5 0
202.6 0
202.7 0
202.8 0
202.9 0
203 0
203.1 0
203.2 0
203.3 0
203.4 0
203.5 0
203.6 0
203.7 0
203.8 0
203.9 0
204 0
204.1 0
204.2 0
204.3 0
204.4 0
204.5 0
204.6 0
204.7 0
