0 -76.9146
0.1 -108.943
0.2 -136.531
0.3 -153.929
0.4 -156.526
0.5 -142.428
0.6 -113.525
0.7 -75.6126
0.8 -37.3941
0.9 -8.56246
1 2.5846
1.1 -8.63876
1.2 -41.8788
1.3 -91.4936
1.4 -147.595
1.5 -198.159
1.6 -231.701
1.7 -239.907
1.8 -219.566
1.9 -173.346
2 -109.191
2.1 -38.4773
2.2 26.6582
2.3 76.1093
2.4 104.03
2.5 109.913
2.6 98.2386
2.7 76.8706
2.8 54.6949
2.9 39.2016
3 34.7353
3.1 41.8592
3.2 57.9164
3.3 78.5135
3.4 99.3398
3.5 117.711
3.6 133.344
3.7 148.134
3.8 165.081
3.9 186.736
4 213.69
4.1 243.611
4.2 271.156
4.3 288.784
4.4 288.337
4.5 262.945
4.6 208.811
4.7 126.453
4.8 21.0978
4.9 -97.8184
5 -217.985
5.1 -326.108
5.2 -410.034
5.3 -460.784
5.4 -474.113
5.5 -451.329
5.6 -399.131
5.7 -328.367
5.8 -251.859
5.9 -181.655
6 -126.331
6.1 -89.083
6.2 -67.1862
6.3 -53.1159
6.4 -37.071
6.5 -10.1615
6.6 32.731
6.7 91.3535
6.8 160.264
6.9 230.647
7 293.076
7.1 340.184
7.2 368.324
7.3 377.721
7.4 371.244
7.5 352.412
7.6 323.482
7.7 284.352
7.8 232.599
7.9 164.592
8 77.2433
8.1 -30.143
8.2 -154.37
8.3 -287.61
8.4 -417.57
8.5 -528.689
8.6 -604.336
8.7 -629.768
8.8 -595.363
8.9 -499.384
9 -349.386
9.1 -161.688
9.2 41.2759
9.3 235.156
9.4 398.324
9.5 515.613
9.6 580.134
9.7 592.798
9.8 560.044
9.9 490.85
10 394.223
10.1 278.014
10.2 149.154
10.3 14.7783
10.4 -116.657
10.5 -235.078
10.6 -329.614
10.7 -390.335
10.8 -410.277
10.9 -387.096
11 -323.91
11.1 -229.219
11.2 -116.046
11.3 -0.498622
11.4 100.109
11.5 169.534
11.6 195.156
11.7 170.479
11.8 96.9974
11.9 -15.2115
12 -148.643
12.1 -281.234
12.2 -390.332
12.3 -456.763
12.4 -467.953
12.5 -419.421
12.6 -314.609
12.7 -163.511
12.8 19.1581
12.9 215.673
13 406.723
13.1 572.767
13.2 695.687
13.3 760.904
13.4 759.731
13.5 691.295
13.6 563.327
13.7 391.322
13.8 196.134
13.9 0.585138
14 -174.043
14.1 -310.867
14.2 -399.171
14.3 -435.121
14.4 -421.661
14.5 -367.856
14.6 -287.738
14.7 -198.495
14.8 -117.922
14.9 -61.2861
15 -38.2043
15.1 -50.4216
15.2 -91.3321
15.3 -147.628
15.4 -202.76
15.5 -241.212
15.6 -252.307
15.7 -232.407
15.8 -185.004
15.9 -118.894
16 -45.2521
16.1 25.413
16.2 85.5976
16.3 132.022
16.4 165.699
16.5 191.066
16.6 214.424
16.7 241.918
16.8 277.323
16.9 320.046
17 363.935
17.1 397.519
17.2 406.08
17.3 375.385
17.4 296.238
17.5 168.496
17.6 3.08949
17.7 -178.911
17.8 -350.267
17.9 -483.604
18 -557.829
18.1 -563.068
18.2 -502.714
18.3 -392.12
18.4 -254.46
18.5 -115.035
18.6 4.36601
18.7 89.6838
18.8 136.523
18.9 149.64
19 140.387
19.1 122.926
19.2 110.188
19.3 110.528
19.4 125.843
19.5 151.567
19.6 178.529
19.7 196.169
19.8 196.181
19.9 175.476
20 137.486
20.1 91.2973
20.2 48.8137
20.3 20.8221
20.4 13.2516
20.5 24.9083
20.6 47.4868
20.7 67.9025
20.8 72.2031
20.9 49.8083
21 -3.24841
21.1 -83.0236
21.2 -178.594
21.3 -274.795
21.4 -355.85
21.5 -408.825
21.6 -426.028
21.7 -405.885
21.8 -352.319
21.9 -273.007
22 -177.113
22.1 -73.1354
22.2 32.612
22.3 136.547
22.4 237.276
22.5 334.126
22.6 425.177
22.7 505.45
22.8 565.979
22.9 594.365
23 577.029
23.1 502.809
23.2 366.989
23.3 174.516
23.4 -58.7891
23.5 -307.735
23.6 -541.835
23.7 -731.022
23.8 -851.457
23.9 -889.873
24 -845.346
24.1 -728.225
24.2 -556.807
24.3 -352.939
24.4 -137.83
24.5 70.9641
24.6 260.987
24.7 424.929
24.8 559.737
24.9 665.314
25 743.142
25.1 794.99
25.2 821.777
25.3 822.716
25.4 794.986
25.5 734.166
25.6 635.548
25.7 496.082
25.8 316.404
25.9 102.255
26 -135.307
26.1 -381.031
26.2 -617.617
26.3 -828.149
26.4 -998.038
26.5 -1116.01
26.6 -1174.09
26.7 -1167.19
26.8 -1092.72
26.9 -951.021
27 -746.446
27.1 -488.801
27.2 -194.327
27.3 114.527
27.4 410.955
27.5 667.18
27.6 858.741
27.7 968.705
27.8 990.798
27.9 930.65
28 804.775
28.1 637.419
28.2 455.865
28.3 285.168
28.4 143.482
28.5 39.0268
28.6 -30.5552
28.7 -76.2936
28.8 -113.938
28.9 -159.018
29 -222.248
29.1 -306.481
29.2 -405.91
29.3 -507.52
29.4 -594.161
29.5 -648.237
29.6 -655.053
29.7 -605.162
29.8 -495.52
29.9 -329.614
30 -116.893
30.1 128.242
30.2 387.771
30.3 641.667
30.4 869.736
30.5 1053.48
30.6 1177.64
30.7 1231.18
30.8 1207.46
30.9 1103.94
31 921.688
31.1 665.212
31.2 342.853
31.3 -32.4012
31.4 -442.127
31.5 -862.336
31.6 -1264.5
31.7 -1617.79
31.8 -1892.35
31.9 -2062.77
32 -2111.23
32.1 -2029.71
32.2 -1820.9
32.3 -1497.88
32.4 -1082.58
32.5 -603.315
32.6 -91.4749
32.7 422.063
32.8 910.39
32.9 1353.09
33 1737.21
33.1 2056.23
33.2 2307.4
33.3 2488.04
33.4 2592.18
33.5 2608.74
33.6 2521.96
33.7 2314.25
33.8 1970.73
33.9 1484.19
34 859.54
34.1 116.502
34.2 -709.559
34.3 -1568.85
34.4 -2400.15
34.5 -3135.42
34.6 -3705.96
34.7 -4049.85
34.8 -4120.01
34.9 -3891.88
35 -3369.04
35.1 -2585.26
35.2 -1602.01
35.3 -501.397
35.4 623.959
35.5 1682.03
35.6 2590.85
35.7 3284.58
35.8 3715.52
35.9 3853.12
36 3682.01
36.1 3201.35
36.2 2427.24
36.3 1398.23
36.4 182.292
36.5 -1117.73
36.6 -2364.01
36.7 -3391.92
36.8 -4027.82
36.9 -4115.58
37 -3548.05
37.1 -2297.69
37.2 -439.468
37.3 1840.54
37.4 4255.74
37.5 6450.23
37.6 8047.9
37.7 8712.75
37.8 8210.14
37.9 6457.37
38 3552.64
38.1 -224.912
38.2 -4446.2
38.3 -8590.17
38.4 -12119
38.5 -14557
38.6 -15559.6
38.7 -14960.4
38.8 -12788.9
38.9 -9258.81
39 -4731.83
39.1 335.607
39.2 5450.98
39.3 10141
39.4 13996.7
39.5 16705.2
39.6 18067.4
39.7 18004.4
39.8 16554.3
39.9 13861.7
40 10162.3
40.1 5762.25
40.2 1012.56
40.3 -3718.79
40.4 -8076.96
40.5 -11749.2
40.6 -14489.9
40.7 -16138.7
40.8 -16630.3
40.9 -15994.7
41 -14348.6
41.1 -11879.1
41.2 -8822.04
41.3 -5437.97
41.4 -1987.11
41.5 1293.36
41.6 4207.93
41.7 6615.52
41.8 8435.18
41.9 9644.46
42 10271.2
42.1 10380.3
42.2 10058.4
42.3 9398.88
42.4 8489.38
42.5 7404.22
42.6 6201.29
42.7 4923.1
42.8 3600.54
42.9 2257.47
43 915.06
43.1 -405.306
43.2 -1680.58
43.3 -2885.91
43.4 -3995.45
43.5 -4983.49
43.6 -5825.78
43.7 -6500.63
43.8 -6989.75
43.9 -7278.78
44 -7357.55
44.1 -7220.4
44.2 -6866.81
44.3 -6302.51
44.4 -5541.08
44.5 -4605.63
44.6 -3529.63
44.7 -2356.19
44.8 -1135.12
44.9 81.9749
45 1247.73
45.1 2324.6
45.2 3288.39
45.3 4128.64
45.4 4845.61
45.5 5445.05
45.6 5932
45.7 6305.83
45.8 6557.63
45.9 6670.56
46 6622.9
46.1 6392.73
46.2 5963.22
46.3 5327.35
46.4 4491.38
46.5 3476.55
46.6 2318.78
46.7 1066.28
46.8 -224.701
46.9 -1495.27
47 -2689.68
47.1 -3760.13
47.2 -4669.68
47.3 -5392.83
47.4 -5914.02
47.5 -6225.02
47.6 -6322.51
47.7 -6206.87
47.8 -5882.53
47.9 -5359.63
48 -4656.04
48.1 -3798.81
48.2 -2824.57
48.3 -1778.54
48.4 -712.739
48.5 316.648
48.6 1252.36
48.7 2040
48.8 2632.86
48.9 2997.54
49 3119.47
49.1 3006.88
49.2 2691.77
49.3 2226.75
49.4 1678.05
49.5 1115.75
49.6 603.671
49.7 191.078
49.8 -92.1348
49.9 -236.201
50 -248.869
50.1 -150.706
50.2 30.2794
50.3 263.708
50.4 521.112
50.5 779.337
50.6 1022.95
50.7 1245.37
50.8 1448.36
50.9 1639.54
51 1828.26
51.1 2020.63
51.2 2215.16
51.3 2400.19
51.4 2554
51.5 2647.57
51.6 2649.19
51.7 2529.54
51.8 2266.36
51.9 1847.84
52 1274.59
52.1 560.497
52.2 -267.484
52.3 -1170.64
52.4 -2101.04
52.5 -3005.56
52.6 -3831.08
52.7 -4530.11
52.8 -5065.84
52.9 -5415.29
53 -5570.14
53.1 -5535.32
53.2 -5326.01
53.3 -4964.27
53.4 -4476.12
53.5 -3889.42
53.6 -3232.4
53.7 -2532.39
53.8 -1814.22
53.9 -1098.44
54 -399.723
54.1 273.839
54.2 920.128
54.3 1541.06
54.4 2139.79
54.5 2718.03
54.6 3273.99
54.7 3801.64
54.8 4290.94
54.9 4728.78
55 5100
55.1 5388.29
55.2 5577.07
55.3 5650.41
55.4 5594.45
55.5 5399.12
55.6 5059.93
55.7 4579.34
55.8 3967.35
55.9 3241.03
56 2423.34
56.1 1541.41
56.2 624.929
56.3 -295.559
56.4 -1190.12
56.5 -2031.11
56.6 -2795.02
56.7 -3464.39
56.8 -4029.21
56.9 -4487.46
57 -4844.12
57.1 -5108.76
57.2 -5292.05
57.3 -5402
57.4 -5440.95
57.5 -5404.03
57.6 -5279.72
57.7 -5052.3
57.8 -4706
57.9 -4229.91
58 -3622.78
58.1 -2896.73
58.2 -2078.84
58.3 -1210.06
58.4 -341.103
58.5 474.359
58.6 1188
58.7 1765.18
58.8 2191.36
58.9 2474.95
59 2645.6
59.1 2748.1
59.2 2833.04
59.3 2946.36
59.4 3120.09
59.5 3366.29
59.6 3675.47
59.7 4019.39
59.8 4357.43
59.9 4644.69
60 4840.04
60.1 4912.43
60.2 4844.46
60.3 4632.74
60.4 4285.66
60.5 3819.23
60.6 3252.33
60.7 2602.59
60.8 1883.74
60.9 1105.31
61 274.44
61.1 -600.635
61.2 -1506.52
61.3 -2421.38
61.4 -3313.64
61.5 -4143.47
61.6 -4866.92
61.7 -5442.01
61.8 -5835.25
61.9 -6027.07
62 -6014.73
62.1 -5812.19
62.2 -5447.16
62.3 -4956.29
62.4 -4379.74
62.5 -3756.29
62.6 -3119.85
62.7 -2497.33
62.8 -1907.67
62.9 -1361.66
63 -862.157
63.1 -404.776
63.2 20.8007
63.3 428.634
63.4 833.508
63.5 1247.46
63.6 1676.59
63.7 2118.85
63.8 2563.61
63.9 2992.92
64 3384.3
64.1 3714.46
64.2 3962.98
64.3 4115.4
64.4 4165.3
64.5 4114.98
64.6 3975.02
64.7 3762.49
64.8 3498.27
64.9 3203.56
65 2896.3
65.1 2587.99
65.2 2281.81
65.3 1972.46
65.4 1648.11
65.5 1293.9
65.6 896.433
65.7 448.023
65.8 -50.2646
65.9 -587.474
66 -1143.79
66.1 -1693.41
66.2 -2208.65
66.3 -2664.36
66.4 -3041.81
66.5 -3331.25
66.6 -3532.67
66.7 -3654.47
66.8 -3710.38
66.9 -3715.21
67 -3680.52
67.1 -3611.38
67.2 -3505.28
67.3 -3353.46
67.4 -3144.48
67.5 -2868.87
67.6 -2523.28
67.7 -2112.97
67.8 -1651.58
67.9 -1158.62
68 -655.448
68.1 -161.211
68.2 309.906
68.3 749.528
68.4 1154.08
68.5 1522.69
68.6 1855.08
68.7 2150.19
68.8 2405.99
68.9 2620.17
69 2791.2
69.1 2919.14
69.2 3005.73
69.3 3053.79
69.4 3066.1
69.5 3044.23
69.6 2987.57
69.7 2893.02
69.8 2755.38
69.9 2568.51
70 2327.22
70.1 2029.48
70.2 1678.48
70.3 1283.9
70.4 861.665
70.5 431.971
70.6 15.7544
70.7 -369.525
70.8 -713.514
70.9 -1014.77
71 -1279.97
71.1 -1520.68
71.2 -1748.62
71.3 -1970.97
71.4 -2187.28
71.5 -2389
71.6 -2561.42
71.7 -2687.56
71.8 -2752.35
71.9 -2746
72 -2665.79
72.1 -2515.95
72.2 -2306.43
72.3 -2050.95
72.4 -1765.08
72.5 -1464.6
72.6 -1164.16
72.7 -876.07
72.8 -609.156
72.9 -367.94
73 -152.333
73.1 41.8503
73.2 221.528
73.3 394.434
73.4 567.16
73.5 743.7
73.6 924.801
73.7 1108.1
73.8 1288.75
73.9 1460.26
74 1615.06
74.1 1744.95
74.2 1841.45
74.3 1896.51
74.4 1903.48
74.5 1858.55
74.6 1762.09
74.7 1619.69
74.8 1442.17
74.9 1244.77
75 1045.2
75.1 861.156
75.2 707.532
75.3 593.936
75.4 522.75
75.5 488.248
75.6 476.896
75.7 469.191
75.8 442.685
75.9 375.852
76 252.669
76.1 66.2257
76.2 -179.084
76.3 -467.543
76.4 -774.802
76.5 -1072.03
76.6 -1331.43
76.7 -1531.61
76.8 -1661.04
76.9 -1719.42
77 -1716.3
77.1 -1667.59
77.2 -1591.1
77.3 -1502.38
77.4 -1411.75
77.5 -1323.17
77.6 -1235.34
77.7 -1143.92
77.8 -1044.14
77.9 -933.131
78 -810.503
78.1 -678.081
78.2 -538.755
78.3 -394.811
78.4 -246.957
78.5 -94.1819
78.6 65.449
78.7 233.485
78.8 409.812
78.9 591.894
79 774.837
79.1 952.041
79.2 1116.23
79.3 1260.25
79.4 1377.86
79.5 1463.93
79.6 1514.54
79.7 1527.08
79.8 1500.56
79.9 1435.97
80 1336.61
80.1 1208.07
80.2 1057.71
80.3 893.87
80.4 724.769
80.5 557.669
80.6 398.219
80.7 250.31
80.8 116.277
80.9 -2.83585
81 -106.994
81.1 -197.077
81.2 -274.811
81.3 -342.662
81.4 -403.56
81.5 -460.447
81.6 -515.75
81.7 -570.964
81.8 -626.404
81.9 -681.209
82 -733.595
82.1 -781.173
82.2 -821.253
82.3 -851.118
82.4 -868.266
82.5 -870.689
82.6 -857.212
82.7 -827.81
82.8 -783.8
82.9 -727.769
83 -663.152
83.1 -593.58
83.2 -522.135
83.3 -450.76
83.4 -379.994
83.5 -309.125
83.6 -236.715
83.7 -161.152
83.8 -81.2556
83.9 3.29175
84 91.8514
84.1 182.909
84.2 274.305
84.3 363.551
84.4 448.137
84.5 525.819
84.6 594.826
84.7 653.957
84.8 702.555
84.9 740.347
85 767.204
85.1 782.892
85.2 786.954
85.3 778.76
85.4 757.731
85.5 723.654
85.6 676.951
85.7 618.83
85.8 551.209
85.9 476.473
86 397.156
86.1 315.614
86.2 233.819
86.3 153.242
86.4 74.8129
86.5 -1.06046
86.6 -74.4412
86.7 -145.749
86.8 -215.561
86.9 -284.318
87 -351.989
87.1 -417.818
87.2 -480.232
87.3 -536.995
87.4 -585.574
87.5 -623.596
87.6 -649.265
87.7 -661.59
87.8 -660.376
87.9 -646.06
88 -619.487
88.1 -581.765
88.2 -534.238
88.3 -478.54
88.4 -416.681
88.5 -350.992
88.6 -283.91
88.7 -217.674
88.8 -154.001
88.9 -93.8888
89 -37.6054
89.1 15.1365
89.2 64.8843
89.3 112.19
89.4 157.428
89.5 200.734
89.6 242.004
89.7 280.922
89.8 316.943
89.9 349.264
90 376.851
90.1 398.558
90.2 413.346
90.3 420.562
90.4 420.158
90.5 412.762
90.6 399.542
90.7 381.92
90.8 361.226
90.9 338.424
91 314.015
91.1 288.11
91.2 260.61
91.3 231.396
91.4 200.445
91.5 167.835
91.6 133.682
91.7 98.0703
91.8 61.06
91.9 22.7403
92 -16.6782
92.1 -56.7893
92.2 -96.998
92.3 -136.608
92.4 -174.916
92.5 -211.276
92.6 -245.082
92.7 -275.706
92.8 -302.406
92.9 -324.317
93 -340.553
93.1 -350.372
93.2 -353.383
93.3 -349.669
93.4 -339.767
93.5 -324.521
93.6 -304.866
93.7 -281.618
93.8 -255.398
93.9 -226.647
94 -195.737
94.1 -163.095
94.2 -129.248
94.3 -94.8056
94.4 -60.3669
94.5 -26.4423
94.6 6.58231
94.7 38.4149
94.8 68.8079
94.9 97.5258
95 124.36
95.1 149.195
95.2 172.047
95.3 193.052
95.4 212.356
95.5 229.951
95.6 245.543
95.7 258.507
95.8 268.013
95.9 273.241
96 273.635
96.1 269.044
96.2 259.69
96.3 245.997
96.4 228.342
96.5 206.877
96.6 181.525
96.7 152.163
96.8 118.908
96.9 82.4052
97 43.9808
97.1 5.58624
97.2 -30.418
97.3 -61.5947
97.4 -85.7845
97.5 -101.421
97.6 -107.808
97.7 -105.367
97.8 -95.8075
97.9 -82.1795
98 -68.6818
98.1 -60.1455
98.2 -61.2414
98.3 -75.4654
98.4 -104.236
98.5 -146.331
98.6 -197.875
98.7 -252.931
98.8 -304.519
98.9 -345.81
99 -371.187
99.1 -376.946
99.2 -361.577
99.3 -325.677
99.4 -271.652
99.5 -203.32
99.6 -125.491
99.7 -43.5084
99.8 37.2504
99.9 111.91
100 176.592
100.1 228.762
100.2 267.305
100.3 292.332
100.4 304.793
100.5 306.04
100.6 297.521
100.7 280.677
100.8 257.018
100.9 228.277
101 196.491
101.1 163.909
101.2 132.753
101.3 104.898
101.4 81.6002
101.5 63.3506
101.6 49.8618
101.7 40.1345
101.8 32.5691
101.9 25.0876
102 15.3456
102.1 1.10949
102.2 -19.1832
102.3 -45.7523
102.4 0
102.5 0
102.6 0
102.7 0
102.8 0
102.9 0
103 0
103.1 0
103.2 0
103.3 0
103.4 0
103.5 0
103.6 0
103.7 0
103.8 0
103.9 0
104 0
104.1 0
104.2 0
104.3 0
104.4 0
104.5 0
104.6 0
104.7 0
104.8 0
104.9 0
105 0
105.1 0
105.2 0
105.3 0
105.4 0
105.5 0
105.6 0
105.7 0
105.8 0
105.9 0
106 0
106.1 0
106.2 0
106.3 0
106.4 0
106.5 0
106.6 0
106.7 0
106.8 0
106.9 0
107 0
107.1 0
107.2 0
107.3 0
107.4 0
107.5 0
107.6 0
107.7 0
107.8 0
107.9 0
108 0
108.1 0
108.2 0
108.3 0
108.4 0
108.5 0
108.6 0
108.7 0
108.8 0
108.9 0
109 0
109.1 0
109.2 0
109.3 0
109.4 0
109.5 0
109.6 0
109.7 0
109.8 0
109.9 0
110 0
110.1 0
110.2 0
110.3 0
110.4 0
110.5 0
110.6 0
110.7 0
110.8 0
110.9 0
111 0
111.1 0
111.2 0
111.3 0
111.4 0
111.5 0
111.6 0
111.7 0
111.8 0
111.9 0
112 0
112.1 0
112.2 0
112.3 0
112.4 0
112.5 0
112.6 0
112.7 0
112.8 0
112.9 0
113 0
113.1 0
113.2 0
113.3 0
113.4 0
113.5 0
113.6 0
113.7 0
113.8 0
113.9 0
114 0
114.1 0
114.2 0
114.3 0
114.4 0
114.5 0
114.6 0
114.7 0
114.8 0
114.9 0
115 0
115.1 0
115.2 0
115.3 0
115.4 0
115.5 0
115.6 0
115.7 0
115.8 0
115.9 0
116 0
116.1 0
116.2 0
116.3 0
116.4 0
116.5 0
116.6 0
116.7 0
116.8 0
116.9 0
117 0
117.1 0
117.2 0
117.3 0
117.4 0
117.5 0
117.6 0
117.7 0
117.8 0
117.9 0
118 0
118.1 0
118.2 0
118.3 0
118.4 0
118.5 0
118.6 0
118.7 0
118.8 0
118.9 0
119 0
119.1 0
119.2 0
119.3 0
119.4 0
119.5 0
119.6 0
119.7 0
119.8 0
119.9 0
120 0
120.1 0
120.2 0
120.3 0
120.4 0
120.5 0
120.6 0
120.7 0
120.8 0
120.9 0
121 0
121.1 0
121.2 0
121.3 0
121.4 0
121.5 0
121.6 0
121.7 0
121.8 0
121.9 0
122 0
122.1 0
122.2 0
122.3 0
122.4 0
122.5 0
122.6 0
122.7 0
122.8 0
122.9 0
123 0
123.1 0
123.2 0
123.3 0
123.4 0
123.5 0
123.6 0
123.7 0
123.8 0
123.9 0
124 0
124.1 0
124.2 0
124.3 0
124.4 0
124.5 0
124.6 0
124.7 0
124.8 0
124.9 0
125 0
125.1 0
125.2 0
125.3 0
125.4 0
125.5 0
125.6 0
125.7 0
125.8 0
125.9 0
126 0
126.1 0
126.2 0
126.3 0
126.4 0
126.5 0
126.6 0
126.7 0
126.8 0
126.9 0
127 0
127.1 0
127.2 0
127.3 0
127.4 0
127.5 0
127.6 0
127.7 0
127.8 0
127.9 0
128 0
128.1 0
128.2 0
128.3 0
128.4 0
128.5 0
128.6 0
128.7 0
128.8 0
128.9 0
129 0
129.1 0
129.2 0
129.3 0
129.4 0
129.5 0
129.6 0
129.7 0
129.8 0
129.9 0
130 0
130.1 0
130.2 0
130.3 0
130.4 0
130.5 0
130.6 0
130.7 0
130.8 0
130.9 0
131 0
131.1 0
131.2 0
131.3 0
131.4 0
131.5 0
131.6 0
131.7 0
131.8 0
131.9 0
132 0
132.1 0
132.2 0
132.3 0
132.4 0
132.5 0
132.6 0
132.7 0
132.8 0
132.9 0
133 0
133.1 0
133.2 0
133.3 0
133.4 0
133.5 0
133.6 0
133.7 0
133.8 0
133.9 0
134 0
134.1 0
134.2 0
134.3 0
134.4 0
134.5 0
134.6 0
134.7 0
134.8 0
134.9 0
135 0
135.1 0
135.2 0
135.3 0
135.4 0
135.5 0
135.6 0
135.7 0
135.8 0
135.9 0
136 0
136.1 0
136.2 0
136.3 0
136.4 0
136.5 0
136.6 0
136.7 0
136.8 0
136.9 0
137 0
137.1 0
137.2 0
137.3 0
137.4 0
137.5 0
137.6 0
137.7 0
137.8 0
137.9 0
138 0
138.1 0
138.2 0
138.3 0
138.4 0
138.5 0
138.6 0
138.7 0
138.8 0
138.9 0
139 0
139.1 0
139.2 0
139.3 0
139.4 0
139.5 0
139.6 0
139.7 0
139.8 0
139.9 0
140 0
140.1 0
140.2 0
140.3 0
140.4 0
140.5 0
140.6 0
140.7 0
140.8 0
140.9 0
141 0
141.1 0
141.2 0
141.3 0
141.4 0
141.5 0
141.6 0
141.7 0
141.8 0
141.9 0
142 0
142.1 0
142.2 0
142.3 0
142.4 0
142.5 0
142.6 0
142.7 0
142.8 0
142.9 0
143 0
143.1 0
143.2 0
143.3 0
143.4 0
143.5 0
143.6 0
143.7 0
143.8 0
143.9 0
144 0
144.1 0
144.2 0
144.3 0
144.4 0
144.5 0
144.6 0
144.7 0
144.8 0
144.9 0
145 0
145.1 0
145.2 0
145.3 0
145.4 0
145.5 0
145.6 0
145.7 0
145.8 0
145.9 0
146 0
146.1 0
146.2 0
146.3 0
146.4 0
146.5 0
146.6 0
146.7 0
146.8 0
146.9 0
147 0
147.1 0
147.2 0
147.3 0
147.4 0
147.5 0
147.6 0
147.7 0
147.8 0
147.9 0
148 0
148.1 0
148.2 0
148.3 0
148.4 0
148.5 0
148.6 0
148.7 0
148.8 0
148.9 0
149 0
149.1 0
149.2 0
149.3 0
149.4 0
149.5 0
149.6 0
149.7 0
149.8 0
149.9 0
150 0
150.1 0
150.2 0
150.3 0
150.4 0
150.5 0
150.6 0
150.7 0
150.8 0
150.9 0
151 0
151.1 0
151.2 0
151.3 0
151.4 0
151.5 0
151.6 0
151.7 0
151.8 0
151.9 0
152 0
152.1 0
152.2 0
152.3 0
152.4 0
152.5 0
152.6 0
152.7 0
152.8 0
152.9 0
153 0
153.1 0
153.2 0
153.3 0
153.4 0
153.5 0
153.6 0
153.7 0
153.8 0
153.9 0
154 0
154.1 0
154.2 0
154.3 0
154.4 0
154.5 0
154.6 0
154.7 0
154.8 0
154.9 0
155 0
155.1 0
155.2 0
155.3 0
155.4 0
155.5 0
155.6 0
155.7 0
155.8 0
155.9 0
156 0
156.1 0
156.2 0
156.3 0
156.4 0
156.5 0
156.6 0
156.7 0
156.8 0
156.9 0
157 0
157.1 0
157.2 0
157.3 0
157.4 0
157.5 0
157.6 0
157.7 0
157.8 0
157.9 0
158 0
158.1 0
158.2 0
158.3 0
158.4 0
158.5 0
158.6 0
158.7 0
158.8 0
158.9 0
159 0
159.1 0
159.2 0
159.3 0
159.4 0
159.5 0
159.6 0
159.7 0
159.8 0
159.9 0
160 0
160.1 0
160.2 0
160.3 0
160.4 0
160.5 0
160.6 0
160.7 0
160.8 0
160.9 0
161 0
161.1 0
161.2 0
161.3 0
161.4 0
161.5 0
161.6 0
161.7 0
161.8 0
161.9 0
162 0
162.1 0
162.2 0
162.3 0
162.4 0
162.5 0
162.6 0
162.7 0
162.8 0
162.9 0
163 0
163.1 0
163.2 0
163.3 0
163.4 0
163.5 0
163.6 0
163.7 0
163.8 0
163.9 0
164 0
164.1 0
164.2 0
164.3 0
164.4 0
164.5 0
164.6 0
164.7 0
164.8 0
164.9 0
165 0
165.1 0
165.2 0
165.3 0
165.4 0
165.5 0
165.6 0
165.7 0
165.8 0
165.9 0
166 0
166.1 0
166.2 0
166.3 0
166.4 0
166.5 0
166.6 0
166.7 0
166.8 0
166.9 0
167 0
167.1 0
167.2 0
167.3 0
167.4 0
167.5 0
167.6 0
167.7 0
167.8 0
167.9 0
168 0
168.1 0
168.2 0
168.3 0
168.4 0
168.5 0
168.6 0
168.7 0
168.8 0
168.9 0
169 0
169.1 0
169.2 0
169.3 0
169.4 0
169.5 0
169.6 0
169.7 0
169.8 0
169.9 0
170 0
170.1 0
170.2 0
170.3 0
170.4 0
170.5 0
170.6 0
170.7 0
170.8 0
170.9 0
171 0
171.1 0
171.2 0
171.3 0
171.4 0
171.5 0
171.6 0
171.7 0
171.8 0
171.9 0
172 0
172.1 0
172.2 0
172.3 0
172.4 0
172.5 0
172.6 0
172.7 0
172.8 0
172.9 0
173 0
173.1 0
173.2 0
173.3 0
173.4 0
173.5 0
173.6 0
173.7 0
173.8 0
173.9 0
174 0
174.1 0
174.2 0
174.3 0
174.4 0
174.5 0
174.6 0
174.7 0
174.8 0
174.9 0
175 0
175.1 0
175.2 0
175.3 0
175.4 0
175.5 0
175.6 0
175.7 0
175.8 0
175.9 0
176 0
176.1 0
176.2 0
176.3 0
176.4 0
176.5 0
176.6 0
176.7 0
176.8 0
176.9 0
177 0
177.1 0
177.2 0
177.3 0
177.4 0
177.5 0
177.6 0
177.7 0
177.8 0
177.9 0
178 0
178.1 0
178.2 0
178.3 0
178.4 0
178.5 0
178.6 0
178.7 0
178.8 0
178.9 0
179 0
179.1 0
179.2 0
179.3 0
179.4 0
179.5 0
179.6 0
179.7 0
179.8 0
179.9 0
180 0
180.1 0
180.2 0
180.3 0
180.4 0
180.5 0
180.6 0
180.7 0
180.8 0
180.9 0
181 0
181.1 0
181.2 0
181.3 0
181.4 0
181.5 0
181.6 0
181.7 0
181.8 0
181.9 0
182 0
182.1 0
182.2 0
182.3 0
182.4 0
182.5 0
182.6 0
182.7 0
182.8 0
182.9 0
183 0
183.1 0
183.2 0
183.3 0
183.4 0
183.5 0
183.6 0
183.7 0
183.8 0
183.9 0
184 0
184.1 0
184.2 0
184.3 0
184.4 0
184.5 0
184.6 0
184.7 0
184.8 0
184.9 0
185 0
185.1 0
185.2 0
185.3 0
185.4 0
185.5 0
185.6 0
185.7 0
185.8 0
185.9 0
186 0
186.1 0
186.2 0
186.3 0
186.4 0
186.5 0
186.6 0
186.7 0
186.8 0
186.9 0
187 0
187.1 0
187.2 0
187.3 0
187.4 0
187.5 0
187.6 0
187.7 0
187.8 0
187.9 0
188 0
188.1 0
188.2 0
188.3 0
188.4 0
188.5 0
188.6 0
188.7 0
188.8 0
188.9 0
189 0
189.1 0
189.2 0
189.3 0
189.4 0
189.5 0
189.6 0
189.7 0
189.8 0
189.9 0
190 0
190.1 0
190.2 0
190.3 0
190.4 0
190.5 0
190.6 0
190.7 0
190.8 0
190.9 0
191 0
191.1 0
191.2 0
191.3 0
191.4 0
191.5 0
191.6 0
191.7 0
191.8 0
191.9 0
192 0
192.1 0
192.2 0
192.3 0
192.4 0
192.5 0
192.6 0
192.7 0
192.8 0
192.9 0
193 0
193.1 0
193.2 0
193.3 0
193.4 0
193.5 0
193.6 0
193.7 0
193.8 0
193.9 0
194 0
194.1 0
194.2 0
194.3 0
194.4 0
194.5 0
194.6 0
194.7 0
194.8 0
194.9 0
195 0
195.1 0
195.2 0
195.3 0
195.4 0
195.5 0
195.6 0
195.7 0
195.8 0
195.9 0
196 0
196.1 0
196.2 0
196.3 0
196.4 0
196.5 0
196.6 0
196.7 0
196.8 0
196.9 0
197 0
197.1 0
197.2 0
197.3 0
197.4 0
197.5 0
197.6 0
197.7 0
197.8 0
197.9 0
198 0
198.1 0
198.2 0
198.3 0
198.4 0
198.5 0
198.6 0
198.7 0
198.8 0
198.9 0
199 0
199.1 0
199.2 0
199.3 0
199.4 0
199.5 0
199.6 0
199.7 0
199.8 0
199.9 0
200 0
200.1 0
200.2 0
200.3 0
200.4 0
200.5 0
200.6 0
200.7 0
200.8 0
200.9 0
201 0
201.1 0
201.2 0
201.3 0
201.4 0
201.5 0
201.6 0
201.7 0
201.8 0
201.9 0
202 0
202.1 0
202.2 0
202.3 0
202.4 0
202.5 0
202.6 0
202.7 0
202.8 0
202.9 0
203 0
203.1 0
203.2 0
203.3 0
203.4 0
203.5 0
203.6 0
203.7 0
203.8 0
203.9 0
204 0
204.1 0
204.2 0
204.3 0
204.4 0
204.5 0
204.6 0
204.7 0
