0 -0.103089
0.1 -0.101785
0.2 -0.0939463
0.3 -0.0747076
0.4 -0.0649506
0.5 -0.0575577
0.6 -0.0662896
0.7 -0.0718854
0.8 -0.0793995
0.9 -0.0707604
1 -0.0593299
1.1 -0.0401051
1.2 -0.0324798
1.3 -0.0306393
1.4 -0.0422513
1.5 -0.0510887
1.6 -0.0571297
1.7 -0.0495185
1.8 -0.0378062
1.9 -0.0246414
2 -0.0227584
2.1 -0.0313049
2.2 -0.0492201
2.3 -0.0656643
2.4 -0.0741857
2.5 -0.0716831
2.6 -0.0627357
2.7 -0.0562398
2.8 -0.0577926
2.9 -0.0695915
3 -0.0834047
3.1 -0.0924552
3.2 -0.0874558
3.3 -0.0718324
3.4 -0.0497148
3.5 -0.125191
3.6 -0.108459
3.7 -0.123555
3.8 -0.117514
3.9 -0.118498
4 -0.0965548
4.1 -0.0826701
4.2 -0.0614219
4.3 -0.0585149
4.4 -0.0544871
4.5 -0.0598446
4.6 -0.0524887
4.7 -0.0418232
4.8 -0.0193653
4.9 -0.00229369
5 0.00962166
5.1 0.00712919
5.2 -0.000790941
5.3 -0.00894189
5.4 -0.00716896
5.5 0.00579559
5.6 0.0244451
5.7 0.0401611
5.8 0.041935
5.9 0.0302179
6 0.00620908
6.1 -0.0482492
6.2 -0.0762739
6.3 -0.108527
6.4 -0.141128
6.5 -0.17866
6.6 -0.217378
6.7 -0.254652
6.8 -0.285421
6.9 -0.0810639
7 -0.157121
7.1 -0.161739
7.2 -0.217355
7.3 -0.251625
7.4 -0.318129
7.5 -0.361423
7.6 -0.40709
7.7 -0.420907
7.8 -0.592756
7.9 -0.554225
8 -0.585744
8.1 -0.597344
8.2 -0.628774
8.3 -0.622713
8.4 -0.591984
8.5 -0.527038
8.6 -0.455325
8.7 -0.398999
8.8 -0.36695
8.9 -0.36115
9 -0.349357
9.1 -0.322724
9.2 -0.255107
9.3 -0.174537
9.4 -0.0873593
9.5 -0.0389488
9.6 -0.019854
9.7 -0.0386795
9.8 -0.049039
9.9 -0.0435403
10 0.00561887
10.1 0.0689423
10.2 0.134222
10.3 0.161825
10.4 0.155917
10.5 0.120551
10.6 0.0924693
10.7 0.0888797
10.8 0.119355
10.9 0.162643
11 0.189947
11.1 0.178206
11.2 0.123435
11.3 0.0505852
11.4 -0.0131356
11.5 -0.0382959
11.6 -0.0321669
11.7 -0.010336
11.8 -0.014718
11.9 -0.057931
12 -0.146737
12.1 -0.244215
12.2 -0.325224
12.3 -0.357442
12.4 -0.353806
12.5 -0.331758
12.6 -0.332461
12.7 -0.365861
12.8 -0.430008
12.9 -0.487908
13 -0.510741
13.1 -0.478636
13.2 -0.407787
13.3 -0.331078
13.4 -0.285363
13.5 -0.285604
13.6 -0.31476
13.7 -0.337099
13.8 -0.312386
13.9 -0.230455
14 -0.105015
14.1 0.0185037
14.2 0.107401
14.3 0.141599
14.4 0.146335
14.5 0.154383
14.6 0.208084
14.7 0.309563
14.8 0.441051
14.9 0.552072
15 0.611017
15.1 0.603791
15.2 0.561884
15.3 0.52672
15.4 0.540461
15.5 0.607515
15.6 0.702417
15.7 0.776461
15.8 0.792509
15.9 0.744116
16 0.660111
16.1 0.589338
16.2 0.566843
16.3 0.599295
16.4 0.651679
16.5 0.678929
16.6 0.640314
16.7 0.538413
16.8 0.40274
16.9 0.289062
17 0.229159
17.1 0.229077
17.2 0.247199
17.3 0.235639
17.4 0.151155
17.5 -0.00299113
17.6 -0.193545
17.7 -0.361556
17.8 -0.467875
17.9 -0.502973
18 -0.499444
18.1 -0.503455
18.2 -0.551613
18.3 -0.645644
18.4 -0.752993
18.5 -0.827427
18.6 -0.834069
18.7 -0.77459
18.8 -0.679187
18.9 -0.595943
19 -0.552057
19.1 -0.548573
19.2 -0.548467
19.3 -0.51321
19.4 -0.414258
19.5 -0.266643
19.6 -0.108054
19.7 0.00766361
19.8 0.0559984
19.9 0.0434367
20 0.0179851
20.1 0.0304539
20.2 0.116341
20.3 0.265067
20.4 0.433051
20.5 0.560355
20.6 0.608907
20.7 0.579999
20.8 0.515484
20.9 0.474585
21 0.499967
21.1 0.598021
21.2 0.731436
21.3 0.846584
21.4 0.895285
21.5 0.868716
21.6 0.789923
21.7 0.70876
21.8 0.66032
21.9 0.655851
22 0.66425
22.1 0.64268
22.2 0.550061
22.3 0.383746
22.4 0.171435
22.5 -0.0323222
22.6 -0.185635
22.7 -0.273618
22.8 -0.324481
22.9 -0.387205
23 -0.508365
23.1 -0.699903
23.2 -0.930539
23.3 -1.13684
23.4 -1.25233
23.5 -1.24249
23.6 -1.11949
23.7 -0.942829
23.8 -0.786342
23.9 -0.71215
24 -0.73599
24.1 -0.833396
24.2 -0.946875
24.3 -1.02811
24.4 -1.05222
24.5 -1.03858
24.6 -1.02511
24.7 -1.05278
24.8 -1.12749
24.9 -1.22106
25 -1.27321
25.1 -1.23029
25.2 -1.06757
25.3 -0.812008
25.4 -0.526979
25.5 -0.286255
25.6 -0.134012
25.7 -0.0627789
25.8 -0.0164846
25.9 0.0804924
26 0.276989
26.1 0.56463
26.2 0.865925
26.3 1.06898
26.4 1.07149
26.5 0.841419
26.6 0.434275
26.7 -0.0103397
26.8 -0.330121
26.9 -0.396778
27 -0.182355
27.1 0.232984
27.2 0.677197
27.3 0.958404
27.4 0.92699
27.5 0.537703
27.6 -0.143107
27.7 -0.956494
27.8 -1.71098
27.9 -2.23807
28 -2.44055
28.1 -2.30759
28.2 -1.90524
28.3 -1.34847
28.4 -0.765856
28.5 -0.274284
28.6 0.0438302
28.7 0.144602
28.8 0.03235
28.9 -0.248896
29 -0.613284
29.1 -0.954746
29.2 -1.15809
29.3 -1.13428
29.4 -0.83553
29.5 -0.281799
29.6 0.447176
29.7 1.2181
29.8 1.88346
29.9 2.31082
30 2.42526
30.1 2.22452
30.2 1.78693
30.3 1.24668
30.4 0.759671
30.5 0.454961
30.6 0.39546
30.7 0.555742
30.8 0.826712
30.9 1.0517
31 1.07596
31.1 0.805621
31.2 0.239385
31.3 -0.519949
31.4 -1.30235
31.5 -1.91808
31.6 -2.22688
31.7 -2.1744
31.8 -1.81425
31.9 -1.27694
32 -0.731095
32.1 -0.319751
32.2 -0.126271
32.3 -0.149513
32.4 -0.322685
32.5 -0.538865
32.6 -0.696112
32.7 -0.724951
32.8 -0.608619
32.9 -0.377762
33 -0.0949588
33.1 0.17085
33.2 0.368613
33.3 0.479764
33.4 0.524819
33.5 0.551381
33.6 0.620349
33.7 0.778095
33.8 1.04267
33.9 1.38596
34 1.74241
34.1 2.01481
34.2 2.1046
34.3 1.92858
34.4 1.44941
34.5 0.682762
34.6 -0.288949
34.7 -1.32932
34.8 -2.25866
34.9 -2.89143
35 -3.072
35.1 -2.72431
35.2 -1.88175
35.3 -0.698614
35.4 0.580966
35.5 1.68608
35.6 2.40233
35.7 2.64505
35.8 2.4887
35.9 2.14146
36 1.85958
36.1 1.84606
36.2 2.15896
36.3 2.68895
36.4 3.19695
36.5 3.42063
36.6 3.17907
36.7 2.45562
36.8 1.3963
36.9 0.254079
37 -0.719765
37.1 -1.35944
37.2 -1.63257
37.3 -1.6125
37.4 -1.41993
37.5 -1.15087
37.6 -0.848294
37.7 -0.514459
37.8 -0.161409
37.9 0.147234
38 0.29124
38.1 0.13989
38.2 -0.370456
38.3 -1.17465
38.4 -2.06621
38.5 -2.76174
38.6 -3.00628
38.7 -2.68778
38.8 -1.88588
38.9 -0.847925
39 0.121797
39.1 0.78514
39.2 1.07144
39.3 1.08391
39.4 1.03462
39.5 1.11664
39.6 1.40143
39.7 1.78895
39.8 2.05588
39.9 1.95759
40 1.35251
40.1 0.274935
40.2 -1.06223
40.3 -2.34286
40.4 -3.2575
40.5 -3.60418
40.6 -3.34137
40.7 -2.57938
40.8 -1.53063
40.9 -0.438756
41 0.474546
41.1 1.04812
41.2 1.19061
41.3 0.89122
41.4 0.216184
41.5 -0.687551
41.6 -1.61698
41.7 -2.34703
41.8 -2.69703
41.9 -2.58442
42 -2.06661
42.1 -1.32513
42.2 -0.613588
42.3 -0.165806
42.4 -0.11819
42.5 -0.461345
42.6 -1.05393
42.7 -1.67963
42.8 -2.12997
42.9 -2.27234
43 -2.08027
43.1 -1.62007
43.2 -1.00374
43.3 -0.340523
43.4 0.2997
43.5 0.887356
43.6 1.41962
43.7 1.89012
43.8 2.27921
43.9 2.55084
44 2.6762
44.1 2.64675
44.2 2.48892
44.3 2.24826
44.4 1.97267
44.5 1.68226
44.6 1.36354
44.7 0.973193
44.8 0.469631
44.9 -0.158709
45 -0.868131
45.1 -1.56363
45.2 -2.12374
45.3 -2.44505
45.4 -2.48476
45.5 -2.28462
45.6 -1.96677
45.7 -1.69658
45.8 -1.63233
45.9 -1.8693
46 -2.41031
46.1 -3.15735
46.2 -3.94289
46.3 -4.57088
46.4 -4.87394
46.5 -4.7494
46.6 -4.1884
46.7 -3.27054
46.8 -2.15068
46.9 -1.01856
47 -0.0602961
47.1 0.59276
47.2 0.897475
47.3 0.921475
47.4 0.826981
47.5 0.826518
47.6 1.10728
47.7 1.7561
47.8 2.70943
47.9 3.75779
48 4.61194
48.1 5.00906
48.2 4.82293
48.3 4.1213
48.4 3.14997
48.5 2.23122
48.6 1.63221
48.7 1.44533
48.8 1.5557
48.9 1.69529
49 1.58094
49.1 1.05097
49.2 0.154368
49.3 -0.873666
49.4 -1.71973
49.5 -2.15103
49.6 -2.12762
49.7 -1.82788
49.8 -1.55785
49.9 -1.60272
50 -2.08402
50.1 -2.90414
50.2 -3.80008
50.3 -4.48304
50.4 -4.79085
50.5 -4.77398
50.6 -4.67397
50.7 -4.79839
50.8 -5.3626
50.9 -6.36573
51 -7.57377
51.1 -8.60206
51.2 -9.07281
51.3 -8.756
51.4 -7.65064
51.5 -5.95767
51.6 -3.98637
51.7 -2.024
51.8 -0.247267
51.9 1.31208
52 2.72757
52.1 4.11199
52.2 5.54506
52.3 7.03789
52.4 8.52778
52.5 9.90451
52.6 11.0427
52.7 11.8342
52.8 12.2114
52.9 12.1634
53 11.7431
53.1 11.056
53.2 10.2319
53.3 9.37286
53.4 8.5051
53.5 7.54638
53.6 6.32707
53.7 4.65149
53.8 2.39806
53.9 -0.402992
54 -3.53424
54.1 -6.64047
54.2 -9.32752
54.3 -11.2888
54.4 -12.3857
54.5 -12.667
54.6 -12.308
54.7 -11.5214
54.8 -10.4757
54.9 -9.27015
55 -7.96267
55.1 -6.62791
55.2 -5.39583
55.3 -4.43891
55.4 -3.90789
55.5 -3.84629
55.6 -4.13996
55.7 -4.53067
55.8 -4.70744
55.9 -4.42627
56 -3.61641
56.1 -2.4081
56.2 -1.08528
56.3 0.0306702
56.4 0.694026
56.5 0.815605
56.6 0.465906
56.7 -0.168127
56.8 -0.858691
56.9 -1.38923
57 -1.58377
57.1 -1.30392
57.2 -0.45106
57.3 1.02097
57.4 3.07232
57.5 5.55223
57.6 8.20435
57.7 10.7198
57.8 12.8246
57.9 14.3633
58 15.3401
58.1 15.8884
58.2 16.1861
58.3 16.3494
58.4 16.3686
58.5 16.1063
58.6 15.3738
58.7 14.0279
58.8 12.0559
58.9 9.58409
59 6.82634
59.1 3.98197
59.2 1.15575
59.3 -1.67544
59.4 -4.61782
59.5 -7.77963
59.6 -11.1855
59.7 -14.7445
59.8 -18.2765
59.9 -21.5883
60 -24.5485
60.1 -27.1248
60.2 -29.3589
60.3 -31.2958
60.4 -32.9078
60.5 -34.0503
60.6 -34.4825
60.7 -33.933
60.8 -32.1916
60.9 -29.1691
61 -24.9145
61.1 -19.5708
61.2 -13.3146
61.3 -6.29529
61.4 1.37574
61.5 9.59994
61.6 18.2288
61.7 27.0158
61.8 35.5957
61.9 43.5209
62 50.3296
62.1 55.6294
62.2 59.1512
62.3 60.7579
62.4 60.4011
62.5 58.0513
62.6 53.6361
62.7 47.0246
62.8 38.0809
62.9 26.7788
63 13.3483
63.1 -1.60593
63.2 -17.0605
63.3 -31.654
63.4 -43.8814
63.5 -52.382
63.6 -56.2314
63.7 -55.1739
63.8 -49.704
63.9 -40.9844
64 -30.5973
64.1 -20.2124
64.2 -11.2428
64.3 -4.59562
64.4 -0.561516
64.5 1.12925
64.6 1.12927
64.7 0.230175
64.8 -0.863673
64.9 -1.69042
65 -2.0805
65.1 -2.10912
65.2 -1.98474
65.3 -1.91818
65.4 -2.02101
65.5 -2.25455
65.6 -2.44597
65.7 -2.34698
65.8 -1.72272
65.9 -0.4266
66 1.54601
66.1 4.05437
66.2 6.83902
66.3 9.58463
66.4 11.9815
66.5 13.7875
66.6 14.861
66.7 15.1769
66.8 14.8146
66.9 13.9367
67 12.7528
67.1 11.484
67.2 10.322
67.3 9.39573
67.4 8.74349
67.5 8.30453
67.6 7.9331
67.7 7.43662
67.8 6.63462
67.9 5.4183
68 3.79955
68.1 1.92236
68.2 0.0400761
68.3 -1.55055
68.4 -2.58591
68.5 -2.91496
68.6 -2.54036
68.7 -1.62603
68.8 -0.452526
68.9 0.646542
69 1.36382
69.1 1.47317
69.2 0.864228
69.3 -0.461594
69.4 -2.40964
69.5 -4.82479
69.6 -7.51508
69.7 -10.271
69.8 -12.8758
69.9 -15.1192
70 -16.8161
70.1 -17.8301
70.2 -18.0949
70.3 -17.6201
70.4 -16.4811
70.5 -14.7868
70.6 -12.6488
70.7 -10.1551
70.8 -7.3732
70.9 -4.36667
71 -1.22807
71.1 1.90869
71.2 4.87372
71.3 7.50356
71.4 9.68586
71.5 11.3992
71.6 12.7082
71.7 13.7257
71.8 14.5442
71.9 15.1807
72 15.556
72.1 15.5303
72.2 14.9741
72.3 13.8449
72.4 12.2273
72.5 10.3159
72.6 8.34669
72.7 6.51024
72.8 4.89387
72.9 3.47611
73 2.18305
73.1 0.964315
73.2 -0.143544
73.3 -1.01652
73.4 -1.49495
73.5 -1.47681
73.6 -0.987171
73.7 -0.20115
73.8 0.610986
73.9 1.17505
74 1.31206
74.1 0.98273
74.2 0.273576
74.3 -0.675104
74.4 -1.74512
74.5 -2.88845
74.6 -4.11574
74.7 -5.4439
74.8 -6.83394
74.9 -8.16238
75 -9.24655
75.1 -9.91158
75.2 -10.0666
75.3 -9.74327
75.4 -9.08071
75.5 -8.25583
75.6 -7.40405
75.7 -6.55954
75.8 -5.65714
75.9 -4.57804
76 -3.22902
76.1 -1.59887
76.2 0.217567
76.3 2.05055
76.4 3.70492
76.5 5.01673
76.6 5.87827
76.7 6.24282
76.8 6.10796
76.9 5.50865
77 4.52042
77.1 3.27635
77.2 1.9739
77.3 0.857582
77.4 0.169623
77.5 0.0813905
77.6 0.635257
77.7 1.72014
77.8 3.10179
77.9 4.49102
78 5.63403
78.1 6.37865
78.2 6.70591
78.3 6.70448
78.4 6.51846
78.5 6.27617
78.6 6.04407
78.7 5.8036
78.8 5.47163
78.9 4.93658
79 4.11114
79.1 2.96881
79.2 1.567
79.3 0.0377051
79.4 -1.44027
79.5 -2.68901
79.6 -3.5772
79.7 -4.05486
79.8 -4.16216
79.9 -4.01079
80 -3.74671
80.1 -3.5057
80.2 -3.38409
80.3 -3.42596
80.4 -3.63522
80.5 -3.98953
80.6 -4.45615
80.7 -4.98767
80.8 -5.51834
80.9 -5.95649
81 -6.20358
81.1 -6.18325
81.2 -5.88529
81.3 -5.38315
81.4 -4.82218
81.5 -4.35898
81.6 -4.08798
81.7 -3.97749
81.8 -3.86382
81.9 -3.50621
82 -2.69367
82.1 -1.35134
82.2 0.400794
82.3 2.27182
82.4 3.90243
82.5 5.002
82.6 5.46498
82.7 5.40881
82.8 5.12507
82.9 4.95631
83 5.16377
83.1 5.82783
83.2 6.83145
83.3 7.91009
83.4 8.75514
83.5 9.10956
83.6 8.83864
83.7 7.94364
83.8 6.54383
83.9 4.82968
84 3.02241
84.1 1.33462
84.2 -0.0537135
84.3 -1.01921
84.4 -1.50879
84.5 -1.54756
84.6 -1.22952
84.7 -0.694746
84.8 -0.0986048
84.9 0.416344
85 0.733598
85.1 0.766709
85.2 0.455515
85.3 -0.223704
85.4 -1.24131
85.5 -2.4863
85.6 -3.76229
85.7 -4.8107
85.8 -5.38276
85.9 -5.32369
86 -4.6499
86.1 -3.56225
86.2 -2.39458
86.3 -1.49444
86.4 -1.09811
86.5 -1.2399
86.6 -1.7503
86.7 -2.33282
86.8 -2.69411
86.9 -2.65906
87 -2.22603
87.1 -1.5373
87.2 -0.788993
87.3 -0.130293
87.4 0.39788
87.5 0.853521
87.6 1.331
87.7 1.87768
87.8 2.44814
87.9 2.9115
88 3.1204
88.1 2.99016
88.2 2.55966
88.3 1.98534
88.4 1.4863
88.5 1.25068
88.6 1.36406
88.7 1.77519
88.8 2.326
88.9 2.81256
89 3.06081
89.1 2.97366
89.2 2.5483
89.3 1.85803
89.4 1.02351
89.5 0.183002
89.6 -0.527573
89.7 -0.989375
89.8 -1.11771
89.9 -0.880623
90 -0.318019
90.1 0.45776
90.2 1.27932
90.3 1.96952
90.4 2.38742
90.5 2.46935
90.6 2.23283
90.7 1.75784
90.8 1.1407
90.9 0.460863
91 -0.238815
91.1 -0.934712
91.2 -1.59744
91.3 -2.16366
91.4 -2.54069
91.5 -2.63418
91.6 -2.39974
91.7 -1.88124
91.8 -1.22104
91.9 -0.623457
92 -0.287063
92.1 -0.329403
92.2 -0.736821
92.3 -1.36292
92.4 -1.97408
92.5 -2.33037
92.6 -2.26367
92.7 -1.73481
92.8 -0.841004
92.9 0.212155
93 1.17518
93.1 1.81844
93.2 1.99426
93.3 1.66689
93.4 0.924429
93.5 -0.0456882
93.6 -0.995376
93.7 -1.68003
93.8 -1.9195
93.9 -1.65593
94 -0.97542
94.1 -0.0928858
94.2 0.712553
94.3 1.18703
94.4 1.19274
94.5 0.760674
94.6 0.0827007
94.7 -0.558809
94.8 -0.901638
94.9 -0.806114
95 -0.312155
95.1 0.38402
95.2 1.01554
95.3 1.36904
95.4 1.37956
95.5 1.1673
95.6 0.982213
95.7 1.09464
95.8 1.66183
95.9 2.64542
96 3.7995
96.1 4.75255
96.2 5.13441
96.3 4.71294
96.4 3.47395
96.5 1.63011
96.6 -0.450418
96.7 -2.35438
96.8 -3.73908
96.9 -4.4111
97 -4.35469
97.1 -3.71155
97.2 -2.72787
97.3 -1.69184
97.4 -0.870144
97.5 -0.459323
97.6 -0.545002
97.7 -1.08602
97.8 -1.91558
97.9 -2.78077
98 -3.40121
98.1 -3.55147
98.2 -3.12466
98.3 -2.17114
98.4 -0.877279
98.5 0.493506
98.6 1.69323
98.7 2.56341
98.8 3.07652
98.9 3.31588
99 3.41722
99.1 3.48939
99.2 3.55868
99.3 3.55465
99.4 3.34658
99.5 2.81024
99.6 1.894
99.7 0.656988
99.8 -0.7407
99.9 -2.08312
100 -3.16653
100.1 -3.85102
100.2 -4.08888
100.3 -3.90982
100.4 -3.39193
100.5 -2.62149
100.6 -1.6798
100.7 -0.64437
100.8 0.383962
100.9 1.26763
101 1.83295
101.1 1.9124
101.2 1.40163
101.3 0.322981
101.4 -1.14957
101.5 -2.71146
101.6 -4.00533
101.7 -4.72258
101.8 -4.69653
101.9 -3.94612
102 -2.65436
102.1 -1.09298
102.2 0.475522
102.3 1.87007
102.4 0
102.5 0
102.6 0
102.7 0
102.8 0
102.9 0
103 0
103.1 0
103.2 0
103.3 0
103.4 0
103.5 0
103.6 0
103.7 0
103.8 0
103.9 0
104 0
104.1 0
104.2 0
104.3 0
104.4 0
104.5 0
104.6 0
104.7 0
104.8 0
104.9 0
105 0
105.1 0
105.2 0
105.3 0
105.4 0
105.5 0
105.6 0
105.7 0
105.8 0
105.9 0
106 0
106.1 0
106.2 0
106.3 0
106.4 0
106.5 0
106.6 0
106.7 0
106.8 0
106.9 0
107 0
107.1 0
107.2 0
107.3 0
107.4 0
107.5 0
107.6 0
107.7 0
107.8 0
107.9 0
108 0
108.1 0
108.2 0
108.3 0
108.4 0
108.5 0
108.6 0
108.7 0
108.8 0
108.9 0
109 0
109.1 0
109.2 0
109.3 0
109.4 0
109.5 0
109.6 0
109.7 0
109.8 0
109.9 0
110 0
110.1 0
110.2 0
110.3 0
110.4 0
110.5 0
110.6 0
110.7 0
110.8 0
110.9 0
111 0
111.1 0
111.2 0
111.3 0
111.4 0
111.5 0
111.6 0
111.7 0
111.8 0
111.9 0
112 0
112.1 0
112.2 0
112.3 0
112.4 0
112.5 0
112.6 0
112.7 0
112.8 0
112.9 0
113 0
113.1 0
113.2 0
113.3 0
113.4 0
113.5 0
113.6 0
113.7 0
113.8 0
113.9 0
114 0
114.1 0
114.2 0
114.3 0
114.4 0
114.5 0
114.6 0
114.7 0
114.8 0
114.9 0
115 0
115.1 0
115.2 0
115.3 0
115.4 0
115.5 0
115.6 0
115.7 0
115.8 0
115.9 0
116 0
116.1 0
116.2 0
116.3 0
116.4 0
116.5 0
116.6 0
116.7 0
116.8 0
116.9 0
117 0
117.1 0
117.2 0
117.3 0
117.4 0
117.5 0
117.6 0
117.7 0
117.8 0
117.9 0
118 0
118.1 0
118.2 0
118.3 0
118.4 0
118.5 0
118.6 0
118.7 0
118.8 0
118.9 0
119 0
119.1 0
119.2 0
119.3 0
119.4 0
119.5 0
119.6 0
119.7 0
119.8 0
119.9 0
120 0
120.1 0
120.2 0
120.3 0
120.4 0
120.5 0
120.6 0
120.7 0
120.8 0
120.9 0
121 0
121.1 0
121.2 0
121.3 0
121.4 0
121.5 0
121.6 0
121.7 0
121.8 0
121.9 0
122 0
122.1 0
122.2 0
122.3 0
122.4 0
122.5 0
122.6 0
122.7 0
122.8 0
122.9 0
123 0
123.1 0
123.2 0
123.3 0
123.4 0
123.5 0
123.6 0
123.7 0
123.8 0
123.9 0
124 0
124.1 0
124.2 0
124.3 0
124.4 0
124.5 0
124.6 0
124.7 0
124.8 0
124.9 0
125 0
125.1 0
125.2 0
125.3 0
125.4 0
125.5 0
125.6 0
125.7 0
125.8 0
125.9 0
126 0
126.1 0
126.2 0
126.3 0
126.4 0
126.5 0
126.6 0
126.7 0
126.8 0
126.9 0
127 0
127.1 0
127.2 0
127.3 0
127.4 0
127.5 0
127.6 0
127.7 0
127.8 0
127.9 0
128 0
128.1 0
128.2 0
128.3 0
128.4 0
128.5 0
128.6 0
128.7 0
128.8 0
128.9 0
129 0
129.1 0
129.2 0
129.3 0
129.4 0
129.5 0
129.6 0
129.7 0
129.8 0
129.9 0
130 0
130.1 0
130.2 0
130.3 0
130.4 0
130.5 0
130.6 0
130.7 0
130.8 0
130.9 0
131 0
131.1 0
131.2 0
131.3 0
131.4 0
131.5 0
131.6 0
131.7 0
131.8 0
131.9 0
132 0
132.1 0
132.2 0
132.3 0
132.4 0
132.5 0
132.6 0
132.7 0
132.8 0
132.9 0
133 0
133.1 0
133.2 0
133.3 0
133.4 0
133.5 0
133.6 0
133.7 0
133.8 0
133.9 0
134 0
134.1 0
134.2 0
134.3 0
134.4 0
134.5 0
134.6 0
134.7 0
134.8 0
134.9 0
135 0
135.1 0
135.2 0
135.3 0
135.4 0
135.5 0
135.6 0
135.7 0
135.8 0
135.9 0
136 0
136.1 0
136.2 0
136.3 0
136.4 0
136.5 0
136.6 0
136.7 0
136.8 0
136.9 0
137 0
137.1 0
137.2 0
137.3 0
137.4 0
137.5 0
137.6 0
137.7 0
137.8 0
137.9 0
138 0
138.1 0
138.2 0
138.3 0
138.4 0
138.5 0
138.6 0
138.7 0
138.8 0
138.9 0
139 0
139.1 0
139.2 0
139.3 0
139.4 0
139.5 0
139.6 0
139.7 0
139.8 0
139.9 0
140 0
140.1 0
140.2 0
140.3 0
140.4 0
140.5 0
140.6 0
140.7 0
140.8 0
140.9 0
141 0
141.1 0
141.2 0
141.3 0
141.4 0
141.5 0
141.6 0
141.7 0
141.8 0
141.9 0
142 0
142.1 0
142.2 0
142.3 0
142.4 0
142.5 0
142.6 0
142.7 0
142.8 0
142.9 0
143 0
143.1 0
143.2 0
143.3 0
143.4 0
143.5 0
143.6 0
143.7 0
143.8 0
143.9 0
144 0
144.1 0
144.2 0
144.3 0
144.4 0
144.5 0
144.6 0
144.7 0
144.8 0
144.9 0
145 0
145.1 0
145.2 0
145.3 0
145.4 0
145.5 0
145.6 0
145.7 0
145.8 0
145.9 0
146 0
146.1 0
146.2 0
146.3 0
146.4 0
146.5 0
146.6 0
146.7 0
146.8 0
146.9 0
147 0
147.1 0
147.2 0
147.3 0
147.4 0
147.5 0
147.6 0
147.7 0
147.8 0
147.9 0
148 0
148.1 0
148.2 0
148.3 0
148.4 0
148.5 0
148.6 0
148.7 0
148.8 0
148.9 0
149 0
149.1 0
149.2 0
149.3 0
149.4 0
149.5 0
149.6 0
149.7 0
149.8 0
149.9 0
150 0
150.1 0
150.2 0
150.3 0
150.4 0
150.5 0
150.6 0
150.7 0
150.8 0
150.9 0
151 0
151.1 0
151.2 0
151.3 0
151.4 0
151.5 0
151.6 0
151.7 0
151.8 0
151.9 0
152 0
152.1 0
152.2 0
152.3 0
152.4 0
152.5 0
152.6 0
152.7 0
152.8 0
152.9 0
153 0
153.1 0
153.2 0
153.3 0
153.4 0
153.5 0
153.6 0
153.7 0
153.8 0
153.9 0
154 0
154.1 0
154.2 0
154.3 0
154.4 0
154.5 0
154.6 0
154.7 0
154.8 0
154.9 0
155 0
155.1 0
155.2 0
155.3 0
155.4 0
155.5 0
155.6 0
155.7 0
155.8 0
155.9 0
156 0
156.1 0
156.2 0
156.3 0
156.4 0
156.5 0
156.6 0
156.7 0
156.8 0
156.9 0
157 0
157.1 0
157.2 0
157.3 0
157.4 0
157.5 0
157.6 0
157.7 0
157.8 0
157.9 0
158 0
158.1 0
158.2 0
158.3 0
158.4 0
158.5 0
158.6 0
158.7 0
158.8 0
158.9 0
159 0
159.1 0
159.2 0
159.3 0
159.4 0
159.5 0
159.6 0
159.7 0
159.8 0
159.9 0
160 0
160.1 0
160.2 0
160.3 0
160.4 0
160.5 0
160.6 0
160.7 0
160.8 0
160.9 0
161 0
161.1 0
161.2 0
161.3 0
161.4 0
161.5 0
161.6 0
161.7 0
161.8 0
161.9 0
162 0
162.1 0
162.2 0
162.3 0
162.4 0
162.5 0
162.6 0
162.7 0
162.8 0
162.9 0
163 0
163.1 0
163.2 0
163.3 0
163.4 0
163.5 0
163.6 0
163.7 0
163.8 0
163.9 0
164 0
164.1 0
164.2 0
164.3 0
164.4 0
164.5 0
164.6 0
164.7 0
164.8 0
164.9 0
165 0
165.1 0
165.2 0
165.3 0
165.4 0
165.5 0
165.6 0
165.7 0
165.8 0
165.9 0
166 0
166.1 0
166.2 0
166.3 0
166.4 0
166.5 0
166.6 0
166.7 0
166.8 0
166.9 0
167 0
167.1 0
167.2 0
167.3 0
167.4 0
167.5 0
167.6 0
167.7 0
167.8 0
167.9 0
168 0
168.1 0
168.2 0
168.3 0
168.4 0
168.5 0
168.6 0
168.7 0
168.8 0
168.9 0
169 0
169.1 0
169.2 0
169.3 0
169.4 0
169.5 0
169.6 0
169.7 0
169.8 0
169.9 0
170 0
170.1 0
170.2 0
170.3 0
170.4 0
170.5 0
170.6 0
170.7 0
170.8 0
170.9 0
171 0
171.1 0
171.2 0
171.3 0
171.4 0
171.5 0
171.6 0
171.7 0
171.8 0
171.9 0
172 0
172.1 0
172.2 0
172.3 0
172.4 0
172.5 0
172.6 0
172.7 0
172.8 0
172.9 0
173 0
173.1 0
173.2 0
173.3 0
173.4 0
173.5 0
173.6 0
173.7 0
173.8 0
173.9 0
174 0
174.1 0
174.2 0
174.3 0
174.4 0
174.5 0
174.6 0
174.7 0
174.8 0
174.9 0
175 0
175.1 0
175.2 0
175.3 0
175.4 0
175.5 0
175.6 0
175.7 0
175.8 0
175.9 0
176 0
176.1 0
176.2 0
176.3 0
176.4 0
176.5 0
176.6 0
176.7 0
176.8 0
176.9 0
177 0
177.1 0
177.2 0
177.3 0
177.4 0
177.5 0
177.6 0
177.7 0
177.8 0
177.9 0
178 0
178.1 0
178.2 0
178.3 0
178.4 0
178.5 0
178.6 0
178.7 0
178.8 0
178.9 0
179 0
179.1 0
179.2 0
179.3 0
179.4 0
179.5 0
179.6 0
179.7 0
179.8 0
179.9 0
180 0
180.1 0
180.2 0
180.3 0
180.4 0
180.5 0
180.6 0
180.7 0
180.8 0
180.9 0
181 0
181.1 0
181.2 0
181.3 0
181.4 0
181.5 0
181.6 0
181.7 0
181.8 0
181.9 0
182 0
182.1 0
182.2 0
182.3 0
182.4 0
182.5 0
182.6 0
182.7 0
182.8 0
182.9 0
183 0
183.1 0
183.2 0
183.3 0
183.4 0
183.5 0
183.6 0
183.7 0
183.8 0
183.9 0
184 0
184.1 0
184.2 0
184.3 0
184.4 0
184.5 0
184.6 0
184.7 0
184.8 0
184.9 0
185 0
185.1 0
185.2 0
185.3 0
185.4 0
185.5 0
185.6 0
185.7 0
185.8 0
185.9 0
186 0
186.1 0
186.2 0
186.3 0
186.4 0
186.5 0
186.6 0
186.7 0
186.8 0
186.9 0
187 0
187.1 0
187.2 0
187.3 0
187.4 0
187.5 0
187.6 0
187.7 0
187.8 0
187.9 0
188 0
188.1 0
188.2 0
188.3 0
188.4 0
188.5 0
188.6 0
188.7 0
188.8 0
188.9 0
189 0
189.1 0
189.2 0
189.3 0
189.4 0
189.5 0
189.6 0
189.7 0
189.8 0
189.9 0
190 0
190.1 0
190.2 0
190.3 0
190.4 0
190.5 0
190.6 0
190.7 0
190.8 0
190.9 0
191 0
191.1 0
191.2 0
191.3 0
191.4 0
191.5 0
191.6 0
191.7 0
191.8 0
191.9 0
192 0
192.1 0
192.2 0
192.3 0
192.4 0
192.5 0
192.6 0
192.7 0
192.8 0
192.9 0
193 0
193.1 0
193.2 0
193.3 0
193.4 0
193.5 0
193.6 0
193.7 0
193.8 0
193.9 0
194 0
194.1 0
194.2 0
194.3 0
194.4 0
194.5 0
194.6 0
194.7 0
194.8 0
194.9 0
195 0
195.1 0
195.2 0
195.3 0
195.4 0
195.5 0
195.6 0
195.7 0
195.8 0
195.9 0
196 0
196.1 0
196.2 0
196.3 0
196.4 0
196.5 0
196.6 0
196.7 0
196.8 0
196.9 0
197 0
197.1 0
197.2 0
197.3 0
197.4 0
197.5 0
197.6 0
197.7 0
197.8 0
197.9 0
198 0
198.1 0
198.2 0
198.3 0
198.4 0
198.5 0
198.6 0
198.7 0
198.8 0
198.9 0
199 0
199.1 0
199.2 0
199.3 0
199.4 0
199.5 0
199.6 0
199.7 0
199.8 0
199.9 0
200 0
200.1 0
200.2 0
200.3 0
200.4 0
200.5 0
200.6 0
200.7 0
200.8 0
200.9 0
201 0
201.1 0
201.2 0
201.3 0
201.4 0
201.5 0
201.6 0
201.7 0
201.8 0
201.9 0
202 0
202.1 0
202.2 0
202.3 0
202.4 0
202.5 0
202.6 0
202.7 0
202.8 0
202.9 0
203 0
203.1 0
203.2 0
203.3 0
203.4 0
203.5 0
203.6 0
203.7 0
203.8 0
203.9 0
204 0
204.1 0
204.2 0
204.3 0
204.4 0
204.5 0
204.6 0
204.7 0
