0 -0.0542939
0.1 -0.0397116
0.2 -0.0985749
0.3 -0.0886331
0.4 -0.0731941
0.5 -0.129449
0.6 -0.105893
0.7 -0.0829948
0.8 -0.123291
0.9 -0.0805861
1 -0.0516394
1.1 -0.0150001
1.2 0.0109262
1.3 0.0423317
1.4 0.0638319
1.5 0.0894674
1.6 0.105373
1.7 0.124225
1.8 0.134114
1.9 0.024964
2 0.0342736
2.1 0.0260991
2.2 0.0750684
2.3 0.0701961
2.4 0.0824211
2.5 0.087104
2.6 0.0947397
2.7 0.0127499
2.8 0.00847434
2.9 -0.00951062
3 -0.0299956
3.1 -0.0498152
3.2 -0.0681053
3.3 -0.0778434
3.4 -0.0864278
3.5 -0.0869966
3.6 -0.0899937
3.7 -0.0864995
3.8 -0.086178
3.9 -0.0789997
4 -0.0746314
4.1 -0.0641584
4.2 -0.074468
4.3 -0.0614218
4.4 -0.0465905
4.5 -0.0188848
4.6 0.0105274
4.7 0.041689
4.8 0.0614826
4.9 0.0711108
5 0.0931835
5.1 0.0960231
5.2 0.105809
5.3 0.125474
5.4 0.153234
5.5 0.182061
5.6 0.206063
5.7 0.221754
5.8 0.233824
5.9 0.247716
6 0.271183
6.1 0.302329
6.2 0.342137
6.3 0.323258
6.4 0.310384
6.5 0.260365
6.6 0.180151
6.7 0.0827832
6.8 -0.00040688
6.9 -0.0501424
7 0.0308755
7.1 0.000591303
7.2 0.00247974
7.3 0.00776744
7.4 0.0245534
7.5 0.0332956
7.6 0.0494309
7.7 0.0635835
7.8 0.105461
7.9 0.0259298
8 0.0402489
8.1 0.030755
8.2 0.0246825
8.3 0.00371771
8.4 -0.0019169
8.5 -0.00744396
8.6 0.00809971
8.7 0.0234714
8.8 0.0496649
8.9 0.0670331
9 0.087826
9.1 0.102561
9.2 0.126409
9.3 0.154378
9.4 0.195289
9.5 0.239982
9.6 0.286949
9.7 0.323672
9.8 0.343687
9.9 0.338289
10 0.304885
10.1 0.246826
10.2 0.172787
10.3 0.100502
10.4 0.0454609
10.5 0.025657
10.6 0.0436662
10.7 0.0976901
10.8 0.167254
10.9 0.0388284
11 0.131417
11.1 0.194728
11.2 0.186722
11.3 0.157335
11.4 0.136792
11.5 0.12324
11.6 0.134564
11.7 0.156747
11.8 0.192811
11.9 0.231745
12 0.282183
12.1 0.347851
12.2 0.441513
12.3 0.565559
12.4 0.717551
12.5 0.884614
12.6 1.04951
12.7 1.19629
12.8 1.31151
12.9 1.39068
13 1.43039
13.1 1.43424
13.2 1.40162
13.3 1.33712
13.4 1.23958
13.5 1.11328
13.6 0.95617
13.7 0.771459
13.8 0.557839
13.9 0.32343
14 0.0785009
14.1 -0.153803
14.2 -0.350318
14.3 -0.487456
14.4 -0.558298
14.5 -0.571745
14.6 -0.556539
14.7 -0.546077
14.8 -0.567679
14.9 -0.627526
15 -0.710089
15.1 -0.785714
15.2 -0.827277
15.3 -0.825809
15.4 -0.794767
15.5 -0.837359
15.6 -0.842874
15.7 -0.898718
15.8 -0.954252
15.9 -0.986217
16 -0.935263
16.1 -0.791879
16.2 -0.555483
16.3 -0.274486
16.4 0.00977915
16.5 0.252317
16.6 0.446019
16.7 0.596763
16.8 0.728963
16.9 0.851612
17 0.961434
17.1 1.03712
17.2 1.06175
17.3 1.03461
17.4 0.979203
17.5 0.933774
17.6 0.928589
17.7 0.970439
17.8 1.03126
17.9 1.0682
18 1.04128
18.1 0.946812
18.2 0.81525
18.3 0.706786
18.4 0.669357
18.5 0.718995
18.6 0.81569
18.7 0.887627
18.8 0.854239
18.9 0.673329
19 0.351965
19.1 -0.0513732
19.2 -0.465122
19.3 -0.834317
19.4 -1.15029
19.5 -1.44288
19.6 -1.75847
19.7 -2.12268
19.8 -2.52012
19.9 -2.8961
20 -3.18249
20.1 -3.33294
20.2 -3.3435
20.3 -3.25284
20.4 -3.11225
20.5 -2.95463
20.6 -2.76588
20.7 -2.49305
20.8 -2.06755
20.9 -1.45245
21 -0.667657
21.1 0.198594
21.2 1.0213
21.3 1.6762
21.4 2.0885
21.5 2.24981
21.6 2.21907
21.7 2.09083
21.8 1.96536
21.9 1.91756
22 1.98832
22.1 2.18385
22.2 2.48614
22.3 2.85867
22.4 3.25003
22.5 3.59585
22.6 3.8243
22.7 3.87118
22.8 3.69585
22.9 3.29822
23 2.71796
23.1 2.02489
23.2 1.29109
23.3 0.570621
23.4 -0.118452
23.5 -0.786546
23.6 -1.4604
23.7 -2.15745
23.8 -2.87637
23.9 -3.59174
24 -4.2693
24.1 -4.87662
24.2 -5.39564
24.3 -5.81727
24.4 -6.13304
24.5 -6.32041
24.6 -6.34024
24.7 -6.14365
24.8 -5.69159
24.9 -4.97499
25 -4.0269
25.1 -2.92076
25.2 -1.75228
25.3 -0.616139
25.4 0.419116
25.5 1.32179
25.6 2.0994
25.7 2.78371
25.8 3.41602
25.9 4.0264
26 4.62548
26.1 5.19707
26.2 5.70607
26.3 6.10511
26.4 6.35133
26.5 6.41558
26.6 6.29371
26.7 6.00482
26.8 5.58734
26.9 5.08502
27 4.53614
27.1 3.96341
27.2 3.37325
27.3 2.75982
27.4 2.11285
27.5 1.42389
27.6 0.687542
27.7 -0.0988823
27.8 -0.937845
27.9 -1.82688
28 -2.75311
28.1 -3.68275
28.2 -4.56152
28.3 -5.32107
28.4 -5.9021
28.5 -6.27529
28.6 -6.46002
28.7 -6.5189
28.8 -6.53797
28.9 -6.58891
29 -6.70054
29.1 -6.84426
29.2 -6.95021
29.3 -6.9389
29.4 -6.75935
29.5 -6.40776
29.6 -5.92133
29.7 -5.34635
29.8 -4.70056
29.9 -3.94956
30 -3.01262
30.1 -1.79833
30.2 -0.25145
30.3 1.60884
30.4 3.68349
30.5 5.81867
30.6 7.85539
30.7 9.67205
30.8 11.2076
30.9 12.4482
31 13.3962
31.1 14.0347
31.2 14.3159
31.3 14.1759
31.4 13.5738
31.5 12.5258
31.6 11.1211
31.7 9.49855
31.8 7.80119
31.9 6.12206
32 4.4748
32.1 2.7997
32.2 1.00667
32.3 -0.966986
32.4 -3.11067
32.5 -5.32757
32.6 -7.46153
32.7 -9.34769
32.8 -10.8666
32.9 -11.9742
33 -12.7018
33.1 -13.126
33.2 -13.3312
33.3 -13.3779
33.4 -13.2941
33.5 -13.0816
33.6 -12.7359
33.7 -12.2561
33.8 -11.6486
33.9 -10.9179
34 -10.0609
34.1 -9.06801
34.2 -7.93866
34.3 -6.69928
34.4 -5.41489
34.5 -4.17911
34.6 -3.08395
34.7 -2.17717
34.8 -1.42777
34.9 -0.717592
35 0.133455
35.1 1.31362
35.2 2.95996
35.3 5.114
35.4 7.71401
35.5 10.6207
35.6 13.6682
35.7 16.7109
35.8 19.6514
35.9 22.4331
36 25.0107
36.1 27.3102
36.2 29.2045
36.3 30.5141
36.4 31.0373
36.5 30.5942
36.6 29.0708
36.7 26.4439
36.8 22.7833
36.9 18.2322
37 12.9775
37.1 7.22024
37.2 1.15347
37.3 -5.05055
37.4 -11.2463
37.5 -17.3156
37.6 -23.1662
37.7 -28.7253
37.8 -33.932
37.9 -38.7262
38 -43.0433
38.1 -46.8114
38.2 -49.9567
38.3 -52.4061
38.4 -54.0847
38.5 -54.8982
38.6 -54.7087
38.7 -53.3083
38.8 -50.4147
38.9 -45.6935
39 -38.816
39.1 -29.5339
39.2 -17.7535
39.3 -3.58476
39.4 12.6423
39.5 30.387
39.6 48.9145
39.7 67.3022
39.8 84.4349
39.9 99.0132
40 109.61
40.1 114.811
40.2 113.445
40.3 104.863
40.4 89.1944
40.5 67.4807
40.6 41.6256
40.7 14.134
40.8 -12.2991
40.9 -35.2532
41 -52.9699
41.1 -64.5716
41.2 -70.0668
41.3 -70.1774
41.4 -66.0618
41.5 -59.0328
41.6 -50.3386
41.7 -41.0413
41.8 -31.976
41.9 -23.7569
42 -16.7933
42.1 -11.2998
42.2 -7.30487
42.3 -4.67486
42.4 -3.16371
42.5 -2.48213
42.6 -2.36645
42.7 -2.61899
42.8 -3.10865
42.9 -3.73339
43 -4.37366
43.1 -4.86187
43.2 -4.99375
43.3 -4.57469
43.4 -3.48562
43.5 -1.73085
43.6 0.550857
43.7 3.12403
43.8 5.72218
43.9 8.11889
44 10.1723
44.1 11.8344
44.2 13.1259
44.3 14.0987
44.4 14.8033
44.5 15.2757
44.6 15.5418
44.7 15.628
44.8 15.5656
44.9 15.3815
45 15.0797
45.1 14.6254
45.2 13.9456
45.3 12.9486
45.4 11.5618
45.5 9.76763
45.6 7.6247
45.7 5.25974
45.8 2.83499
45.9 0.498831
46 -1.65544
46.1 -3.61086
46.2 -5.41403
46.3 -7.13816
46.4 -8.83213
46.5 -10.4802
46.6 -11.9845
46.7 -13.1818
46.8 -13.8855
46.9 -13.9404
47 -13.2722
47.1 -11.915
47.2 -10.0112
47.3 -7.78613
47.4 -5.50763
47.5 -3.44112
47.6 -1.81209
47.7 -0.777367
47.8 -0.409526
47.9 -0.689239
48 -1.51053
48.1 -2.69598
48.2 -4.02841
48.3 -5.29103
48.4 -6.3127
48.5 -6.99923
48.6 -7.343
48.7 -7.40016
48.8 -7.24698
48.9 -6.92878
49 -6.42805
49.1 -5.6646
49.2 -4.53231
49.3 -2.95443
49.4 -0.933639
49.5 1.42898
49.6 3.95537
49.7 6.44296
49.8 8.72404
49.9 10.7032
50 12.3582
50.1 13.7056
50.2 14.7554
50.3 15.4781
50.4 15.8069
50.5 15.6708
50.6 15.0417
50.7 13.9653
50.8 12.5586
50.9 10.9698
51 9.32335
51.1 7.6749
51.2 6.00437
51.3 4.24725
51.4 2.35125
51.5 0.324994
51.6 -1.74394
51.7 -3.71371
51.8 -5.44039
51.9 -6.83224
52 -7.87802
52.1 -8.63778
52.2 -9.20407
52.3 -9.65578
52.4 -10.0301
52.5 -10.323
52.6 -10.515
52.7 -10.6001
52.8 -10.6016
52.9 -10.5595
53 -10.5027
53.1 -10.4181
53.2 -10.241
53.3 -9.87278
53.4 -9.22182
53.5 -8.24446
53.6 -6.97037
53.7 -5.49571
53.8 -3.95192
53.9 -2.46165
54 -1.10459
54.1 0.0972183
54.2 1.17026
54.3 2.16722
54.4 3.14209
54.5 4.13242
54.6 5.15082
54.7 6.18226
54.8 7.18483
54.9 8.09154
55 8.81837
55.1 9.2787
55.2 9.40622
55.3 9.1759
55.4 8.61723
55.5 7.80806
55.6 6.85422
55.7 5.85959
55.8 4.9046
55.9 4.03876
56 3.29205
56.1 2.69101
56.2 2.26933
56.3 2.05925
56.4 2.06904
56.5 2.25693
56.6 2.52212
56.7 2.72227
56.8 2.71651
56.9 2.41488
57 1.81105
57.1 0.980693
57.2 0.0439912
57.3 -0.889251
57.4 -1.76654
57.5 -2.60667
57.6 -3.47683
57.7 -4.44268
57.8 -5.52083
57.9 -6.65456
58 -7.72803
58.1 -8.60698
58.2 -9.18881
58.3 -9.43403
58.4 -9.37045
58.5 -9.06803
58.6 -8.60416
58.7 -8.03348
58.8 -7.37763
58.9 -6.63168
59 -5.78081
59.1 -4.81402
59.2 -3.73087
59.3 -2.54148
59.4 -1.26677
59.5 0.0573689
59.6 1.37402
59.7 2.60382
59.8 3.65662
59.9 4.45492
60 4.96258
60.1 5.20158
60.2 5.24791
60.3 5.20205
60.4 5.14972
60.5 5.12884
60.6 5.12396
60.7 5.08792
60.8 4.98265
60.9 4.81228
61 4.63177
61.1 4.5206
61.2 4.53728
61.3 4.67585
61.4 4.85217
61.5 4.92751
61.6 4.76211
61.7 4.27203
61.8 3.46369
61.9 2.42997
62 1.31278
62.1 0.252303
62.2 -0.653262
62.3 -1.36072
62.4 -1.87025
62.5 -2.20128
62.6 -2.37605
62.7 -2.41788
62.8 -2.36341
62.9 -2.27169
63 -2.22048
63.1 -2.28219
63.2 -2.49401
63.3 -2.83637
63.4 -3.23871
63.5 -3.60985
63.6 -3.8822
63.7 -4.04269
63.8 -4.13523
63.9 -4.22893
64 -4.37101
64.1 -4.5489
64.2 -4.68578
64.3 -4.6734
64.4 -4.42704
64.5 -3.93342
64.6 -3.26476
64.7 -2.5509
64.8 -1.92101
64.9 -1.44619
65 -1.10968
65.1 -0.821495
65.2 -0.466271
65.3 0.0380219
65.4 0.703199
65.5 1.46918
65.6 2.23871
65.7 2.92431
65.8 3.48597
65.9 3.93828
66 4.32999
66.1 4.70675
66.2 5.08097
66.3 5.42072
66.4 5.66274
66.5 5.7381
66.6 5.59774
66.7 5.22604
66.8 4.64147
66.9 3.88937
67 3.03426
67.1 2.15555
67.2 1.34244
67.3 0.683906
67.4 0.248458
67.5 0.0606199
67.6 0.0823149
67.7 0.214466
67.8 0.320705
67.9 0.270741
68 -0.0167272
68.1 -0.546375
68.2 -1.24969
68.3 -2.01405
68.4 -2.7271
68.5 -3.31302
68.6 -3.74909
68.7 -4.05555
68.8 -4.27048
68.9 -4.42215
69 -4.51397
69.1 -4.52491
69.2 -4.42192
69.3 -4.17429
69.4 -3.76294
69.5 -3.18364
69.6 -2.44757
69.7 -1.58526
69.8 -0.652723
69.9 0.263965
70 1.05646
70.1 1.61614
70.2 1.86899
70.3 1.80625
70.4 1.49792
70.5 1.07481
70.6 0.686256
70.7 0.446587
70.8 0.39748
70.9 0.500577
71 0.666806
71.1 0.804814
71.2 0.867071
71.3 0.868854
71.4 0.874135
71.5 0.956091
71.6 1.15544
71.7 1.45768
71.8 1.80007
71.9 2.10227
72 2.30168
72.1 2.37503
72.2 2.33518
72.3 2.21057
72.4 2.02097
72.5 1.76885
72.6 1.4495
72.7 1.07522
72.8 0.692456
72.9 0.379446
73 0.21682
73.1 0.246946
73.2 0.440767
73.3 0.696268
73.4 0.871372
73.5 0.841952
73.6 0.555553
73.7 0.0569834
73.8 -0.529861
73.9 -1.05428
74 -1.40218
74.1 -1.53995
74.2 -1.52023
74.3 -1.44927
74.4 -1.43364
74.5 -1.53368
74.6 -1.74311
74.7 -2.00225
74.8 -2.23165
74.9 -2.36878
75 -2.38747
75.1 -2.29683
75.2 -2.12293
75.3 -1.89043
75.4 -1.61215
75.5 -1.29349
75.6 -0.941698
75.7 -0.573393
75.8 -0.210377
75.9 0.131125
76 0.451769
76.1 0.767991
76.2 1.09769
76.3 1.43722
76.4 1.74553
76.5 1.94723
76.6 1.95882
76.7 1.72784
76.8 1.26547
76.9 0.654396
77 0.0238383
77.1 -0.497677
77.2 -0.831271
77.3 -0.97245
77.4 -0.981278
77.5 -0.940804
77.6 -0.908383
77.7 -0.882983
77.8 -0.808976
77.9 -0.611115
78 -0.24453
78.1 0.271326
78.2 0.851281
78.3 1.38059
78.4 1.76714
78.5 1.98413
78.6 2.07723
78.7 2.13309
78.8 2.22355
78.9 2.35672
79 2.46111
79.1 2.4141
79.2 2.10224
79.3 1.48362
79.4 0.621692
79.5 -0.328163
79.6 -1.17254
79.7 -1.751
79.8 -1.98995
79.9 -1.91867
80 -1.64177
80.1 -1.28798
80.2 -0.959163
80.3 -0.705843
80.4 -0.532528
80.5 -0.426106
80.6 -0.382932
80.7 -0.420015
80.8 -0.561559
80.9 -0.813891
81 -1.14439
81.1 -1.48267
81.2 -1.74493
81.3 -1.87151
81.4 -1.85585
81.5 -1.74865
81.6 -1.63209
81.7 -1.57631
81.8 -1.60016
81.9 -1.65646
82 -1.65104
82.1 -1.48576
82.2 -1.10638
82.3 -0.530181
82.4 0.156933
82.5 0.834309
82.6 1.39178
82.7 1.76856
82.8 1.96682
82.9 2.04059
83 2.06562
83.1 2.10899
83.2 2.2077
83.3 2.36432
83.4 2.55265
83.5 2.72861
83.6 2.8379
83.7 2.82221
83.8 2.62627
83.9 2.21077
84 1.56967
84.1 0.745347
84.2 -0.168076
84.3 -1.04025
84.4 -1.73617
84.5 -2.15435
84.6 -2.2543
84.7 -2.06345
84.8 -1.65902
84.9 -1.13704
85 -0.581644
85.1 -0.0519131
85.2 0.413044
85.3 0.775358
85.4 0.98527
85.5 0.983727
85.6 0.727235
85.7 0.220801
85.8 -0.457487
85.9 -1.16118
86 -1.71245
86.1 -1.96202
86.2 -1.84566
86.3 -1.41249
86.4 -0.809396
86.5 -0.227009
86.6 0.170249
86.7 0.300117
86.8 0.180472
86.9 -0.0949471
87 -0.409913
87.1 -0.679158
87.2 -0.878354
87.3 -1.03604
87.4 -1.19763
87.5 -1.3805
87.6 -1.54841
87.7 -1.6171
87.8 -1.49209
87.9 -1.11665
88 -0.508416
88.1 0.237569
88.2 0.979327
88.3 1.5809
88.4 1.96088
88.5 2.1166
88.6 2.1118
88.7 2.03702
88.8 1.96149
88.9 1.90125
89 1.81803
89.1 1.64854
89.2 1.34928
89.3 0.93283
89.4 0.477916
89.5 0.105035
89.6 -0.0705769
89.7 0.0101225
89.8 0.320714
89.9 0.752827
90 1.15449
90.1 1.3843
90.2 1.36179
90.3 1.09032
90.4 0.64788
90.5 0.148639
90.6 -0.303137
90.7 -0.6495
90.8 -0.888401
90.9 -1.05783
91 -1.20301
91.1 -1.34622
91.2 -1.47266
91.3 -1.53947
91.4 -1.50108
91.5 -1.33715
91.6 -1.0683
91.7 -0.750799
91.8 -0.453697
91.9 -0.228542
92 -0.0881242
92.1 -0.00252245
92.2 0.0838604
92.3 0.225531
92.4 0.449706
92.5 0.745679
92.6 1.07049
92.7 1.36961
92.8 1.59811
92.9 1.7348
93 1.7803
93.1 1.74521
93.2 1.63415
93.3 1.43874
93.4 1.1426
93.5 0.738445
93.6 0.246231
93.7 -0.27759
93.8 -0.74837
93.9 -1.07805
94 -1.2075
94.1 -1.1327
94.2 -0.911375
94.3 -0.646186
94.4 -0.447702
94.5 -0.392759
94.6 -0.492457
94.7 -0.685409
94.8 -0.856984
94.9 -0.880754
95 -0.663675
95.1 -0.181632
95.2 0.510584
95.3 1.29409
95.4 2.02203
95.5 2.55963
95.6 2.81716
95.7 2.76297
95.8 2.41872
95.9 1.84067
96 1.09995
96.1 0.269021
96.2 -0.581262
96.3 -1.3782
96.4 -2.04459
96.5 -2.50376
96.6 -2.69449
96.7 -2.58999
96.8 -2.21284
96.9 -1.63505
97 -0.961921
97.1 -0.301824
97.2 0.263717
97.3 0.700087
97.4 1.01825
97.5 1.25648
97.6 1.45118
97.7 1.61452
97.8 1.72642
97.9 1.74799
98 1.64607
98.1 1.41937
98.2 1.1099
98.3 0.795507
98.4 0.563731
98.5 0.479656
98.6 0.55973
98.7 0.763097
98.8 1.00274
98.9 1.17177
99 1.1753
99.1 0.956867
99.2 0.51353
99.3 -0.104177
99.4 -0.80375
99.5 -1.47205
99.6 -1.99905
99.7 -2.30213
99.8 -2.34267
99.9 -2.13372
100 -1.7324
100.1 -1.22165
100.2 -0.683351
100.3 -0.175908
100.4 0.277802
100.5 0.6839
100.6 1.05854
100.7 1.40375
100.8 1.69371
100.9 1.87807
101 1.90388
101.1 1.74433
101.2 1.41966
101.3 0.997095
101.4 0.567548
101.5 0.209533
101.6 -0.0424833
101.7 -0.207448
101.8 -0.340533
101.9 -0.495804
102 -0.690526
102.1 -0.88827
102.2 -1.01381
102.3 -0.990376
102.4 0
102.5 0
102.6 0
102.7 0
102.8 0
102.9 0
103 0
103.1 0
103.2 0
103.3 0
103.4 0
103.5 0
103.6 0
103.7 0
103.8 0
103.9 0
104 0
104.1 0
104.2 0
104.3 0
104.4 0
104.5 0
104.6 0
104.7 0
104.8 0
104.9 0
105 0
105.1 0
105.2 0
105.3 0
105.4 0
105.5 0
105.6 0
105.7 0
105.8 0
105.9 0
106 0
106.1 0
106.2 0
106.3 0
106.4 0
106.5 0
106.6 0
106.7 0
106.8 0
106.9 0
107 0
107.1 0
107.2 0
107.3 0
107.4 0
107.5 0
107.6 0
107.7 0
107.8 0
107.9 0
108 0
108.1 0
108.2 0
108.3 0
108.4 0
108.5 0
108.6 0
108.7 0
108.8 0
108.9 0
109 0
109.1 0
109.2 0
109.3 0
109.4 0
109.5 0
109.6 0
109.7 0
109.8 0
109.9 0
110 0
110.1 0
110.2 0
110.3 0
110.4 0
110.5 0
110.6 0
110.7 0
110.8 0
110.9 0
111 0
111.1 0
111.2 0
111.3 0
111.4 0
111.5 0
111.6 0
111.7 0
111.8 0
111.9 0
112 0
112.1 0
112.2 0
112.3 0
112.4 0
112.5 0
112.6 0
112.7 0
112.8 0
112.9 0
113 0
113.1 0
113.2 0
113.3 0
113.4 0
113.5 0
113.6 0
113.7 0
113.8 0
113.9 0
114 0
114.1 0
114.2 0
114.3 0
114.4 0
114.5 0
114.6 0
114.7 0
114.8 0
114.9 0
115 0
115.1 0
115.2 0
115.3 0
115.4 0
115.5 0
115.6 0
115.7 0
115.8 0
115.9 0
116 0
116.1 0
116.2 0
116.3 0
116.4 0
116.5 0
116.6 0
116.7 0
116.8 0
116.9 0
117 0
117.1 0
117.2 0
117.3 0
117.4 0
117.5 0
117.6 0
117.7 0
117.8 0
117.9 0
118 0
118.1 0
118.2 0
118.3 0
118.4 0
118.5 0
118.6 0
118.7 0
118.8 0
118.9 0
119 0
119.1 0
119.2 0
119.3 0
119.4 0
119.5 0
119.6 0
119.7 0
119.8 0
119.9 0
120 0
120.1 0
120.2 0
120.3 0
120.4 0
120.5 0
120.6 0
120.7 0
120.8 0
120.9 0
121 0
121.1 0
121.2 0
121.3 0
121.4 0
121.5 0
121.6 0
121.7 0
121.8 0
121.9 0
122 0
122.1 0
122.2 0
122.3 0
122.4 0
122.5 0
122.6 0
122.7 0
122.8 0
122.9 0
123 0
123.1 0
123.2 0
123.3 0
123.4 0
123.5 0
123.6 0
123.7 0
123.8 0
123.9 0
124 0
124.1 0
124.2 0
124.3 0
124.4 0
124.5 0
124.6 0
124.7 0
124.8 0
124.9 0
125 0
125.1 0
125.2 0
125.3 0
125.4 0
125.5 0
125.6 0
125.7 0
125.8 0
125.9 0
126 0
126.1 0
126.2 0
126.3 0
126.4 0
126.5 0
126.6 0
126.7 0
126.8 0
126.9 0
127 0
127.1 0
127.2 0
127.3 0
127.4 0
127.5 0
127.6 0
127.7 0
127.8 0
127.9 0
128 0
128.1 0
128.2 0
128.3 0
128.4 0
128.5 0
128.6 0
128.7 0
128.8 0
128.9 0
129 0
129.1 0
129.2 0
129.3 0
129.4 0
129.5 0
129.6 0
129.7 0
129.8 0
129.9 0
130 0
130.1 0
130.2 0
130.3 0
130.4 0
130.5 0
130.6 0
130.7 0
130.8 0
130.9 0
131 0
131.1 0
131.2 0
131.3 0
131.4 0
131.5 0
131.6 0
131.7 0
131.8 0
131.9 0
132 0
132.1 0
132.2 0
132.3 0
132.4 0
132.5 0
132.6 0
132.7 0
132.8 0
132.9 0
133 0
133.1 0
133.2 0
133.3 0
133.4 0
133.5 0
133.6 0
133.7 0
133.8 0
133.9 0
134 0
134.1 0
134.2 0
134.3 0
134.4 0
134.5 0
134.6 0
134.7 0
134.8 0
134.9 0
135 0
135.1 0
135.2 0
135.3 0
135.4 0
135.5 0
135.6 0
135.7 0
135.8 0
135.9 0
136 0
136.1 0
136.2 0
136.3 0
136.4 0
136.5 0
136.6 0
136.7 0
136.8 0
136.9 0
137 0
137.1 0
137.2 0
137.3 0
137.4 0
137.5 0
137.6 0
137.7 0
137.8 0
137.9 0
138 0
138.1 0
138.2 0
138.3 0
138.4 0
138.5 0
138.6 0
138.7 0
138.8 0
138.9 0
139 0
139.1 0
139.2 0
139.3 0
139.4 0
139.5 0
139.6 0
139.7 0
139.8 0
139.9 0
140 0
140.1 0
140.2 0
140.3 0
140.4 0
140.5 0
140.6 0
140.7 0
140.8 0
140.9 0
141 0
141.1 0
141.2 0
141.3 0
141.4 0
141.5 0
141.6 0
141.7 0
141.8 0
141.9 0
142 0
142.1 0
142.2 0
142.3 0
142.4 0
142.5 0
142.6 0
142.7 0
142.8 0
142.9 0
143 0
143.1 0
143.2 0
143.3 0
143.4 0
143.5 0
143.6 0
143.7 0
143.8 0
143.9 0
144 0
144.1 0
144.2 0
144.3 0
144.4 0
144.5 0
144.6 0
144.7 0
144.8 0
144.9 0
145 0
145.1 0
145.2 0
145.3 0
145.4 0
145.5 0
145.6 0
145.7 0
145.8 0
145.9 0
146 0
146.1 0
146.2 0
146.3 0
146.4 0
146.5 0
146.6 0
146.7 0
146.8 0
146.9 0
147 0
147.1 0
147.2 0
147.3 0
147.4 0
147.5 0
147.6 0
147.7 0
147.8 0
147.9 0
148 0
148.1 0
148.2 0
148.3 0
148.4 0
148.5 0
148.6 0
148.7 0
148.8 0
148.9 0
149 0
149.1 0
149.2 0
149.3 0
149.4 0
149.5 0
149.6 0
149.7 0
149.8 0
149.9 0
150 0
150.1 0
150.2 0
150.3 0
150.4 0
150.5 0
150.6 0
150.7 0
150.8 0
150.9 0
151 0
151.1 0
151.2 0
151.3 0
151.4 0
151.5 0
151.6 0
151.7 0
151.8 0
151.9 0
152 0
152.1 0
152.2 0
152.3 0
152.4 0
152.5 0
152.6 0
152.7 0
152.8 0
152.9 0
153 0
153.1 0
153.2 0
153.3 0
153.4 0
153.5 0
153.6 0
153.7 0
153.8 0
153.9 0
154 0
154.1 0
154.2 0
154.3 0
154.4 0
154.5 0
154.6 0
154.7 0
154.8 0
154.9 0
155 0
155.1 0
155.2 0
155.3 0
155.4 0
155.5 0
155.6 0
155.7 0
155.8 0
155.9 0
156 0
156.1 0
156.2 0
156.3 0
156.4 0
156.5 0
156.6 0
156.7 0
156.8 0
156.9 0
157 0
157.1 0
157.2 0
157.3 0
157.4 0
157.5 0
157.6 0
157.7 0
157.8 0
157.9 0
158 0
158.1 0
158.2 0
158.3 0
158.4 0
158.5 0
158.6 0
158.7 0
158.8 0
158.9 0
159 0
159.1 0
159.2 0
159.3 0
159.4 0
159.5 0
159.6 0
159.7 0
159.8 0
159.9 0
160 0
160.1 0
160.2 0
160.3 0
160.4 0
160.5 0
160.6 0
160.7 0
160.8 0
160.9 0
161 0
161.1 0
161.2 0
161.3 0
161.4 0
161.5 0
161.6 0
161.7 0
161.8 0
161.9 0
162 0
162.1 0
162.2 0
162.3 0
162.4 0
162.5 0
162.6 0
162.7 0
162.8 0
162.9 0
163 0
163.1 0
163.2 0
163.3 0
163.4 0
163.5 0
163.6 0
163.7 0
163.8 0
163.9 0
164 0
164.1 0
164.2 0
164.3 0
164.4 0
164.5 0
164.6 0
164.7 0
164.8 0
164.9 0
165 0
165.1 0
165.2 0
165.3 0
165.4 0
165.5 0
165.6 0
165.7 0
165.8 0
165.9 0
166 0
166.1 0
166.2 0
166.3 0
166.4 0
166.5 0
166.6 0
166.7 0
166.8 0
166.9 0
167 0
167.1 0
167.2 0
167.3 0
167.4 0
167.5 0
167.6 0
167.7 0
167.8 0
167.9 0
168 0
168.1 0
168.2 0
168.3 0
168.4 0
168.5 0
168.6 0
168.7 0
168.8 0
168.9 0
169 0
169.1 0
169.2 0
169.3 0
169.4 0
169.5 0
169.6 0
169.7 0
169.8 0
169.9 0
170 0
170.1 0
170.2 0
170.3 0
170.4 0
170.5 0
170.6 0
170.7 0
170.8 0
170.9 0
171 0
171.1 0
171.2 0
171.3 0
171.4 0
171.5 0
171.6 0
171.7 0
171.8 0
171.9 0
172 0
172.1 0
172.2 0
172.3 0
172.4 0
172.5 0
172.6 0
172.7 0
172.8 0
172.9 0
173 0
173.1 0
173.2 0
173.3 0
173.4 0
173.5 0
173.6 0
173.7 0
173.8 0
173.9 0
174 0
174.1 0
174.2 0
174.3 0
174.4 0
174.5 0
174.6 0
174.7 0
174.8 0
174.9 0
175 0
175.1 0
175.2 0
175.3 0
175.4 0
175.5 0
175.6 0
175.7 0
175.8 0
175.9 0
176 0
176.1 0
176.2 0
176.3 0
176.4 0
176.5 0
176.6 0
176.7 0
176.8 0
176.9 0
177 0
177.1 0
177.2 0
177.3 0
177.4 0
177.5 0
177.6 0
177.7 0
177.8 0
177.9 0
178 0
178.1 0
178.2 0
178.3 0
178.4 0
178.5 0
178.6 0
178.7 0
178.8 0
178.9 0
179 0
179.1 0
179.2 0
179.3 0
179.4 0
179.5 0
179.6 0
179.7 0
179.8 0
179.9 0
180 0
180.1 0
180.2 0
180.3 0
180.4 0
180.5 0
180.6 0
180.7 0
180.8 0
180.9 0
181 0
181.1 0
181.2 0
181.3 0
181.4 0
181.5 0
181.6 0
181.7 0
181.8 0
181.9 0
182 0
182.1 0
182.2 0
182.3 0
182.4 0
182.5 0
182.6 0
182.7 0
182.8 0
182.9 0
183 0
183.1 0
183.2 0
183.3 0
183.4 0
183.5 0
183.6 0
183.7 0
183.8 0
183.9 0
184 0
184.1 0
184.2 0
184.3 0
184.4 0
184.5 0
184.6 0
184.7 0
184.8 0
184.9 0
185 0
185.1 0
185.2 0
185.3 0
185.4 0
185.5 0
185.6 0
185.7 0
185.8 0
185.9 0
186 0
186.1 0
186.2 0
186.3 0
186.4 0
186.5 0
186.6 0
186.7 0
186.8 0
186.9 0
187 0
187.1 0
187.2 0
187.3 0
187.4 0
187.5 0
187.6 0
187.7 0
187.8 0
187.9 0
188 0
188.1 0
188.2 0
188.3 0
188.4 0
188.5 0
188.6 0
188.7 0
188.8 0
188.9 0
189 0
189.1 0
189.2 0
189.3 0
189.4 0
189.5 0
189.6 0
189.7 0
189.8 0
189.9 0
190 0
190.1 0
190.2 0
190.3 0
190.4 0
190.5 0
190.6 0
190.7 0
190.8 0
190.9 0
191 0
191.1 0
191.2 0
191.3 0
191.4 0
191.5 0
191.6 0
191.7 0
191.8 0
191.9 0
192 0
192.1 0
192.2 0
192.3 0
192.4 0
192.5 0
192.6 0
192.7 0
192.8 0
192.9 0
193 0
193.1 0
193.2 0
193.3 0
193.4 0
193.5 0
193.6 0
193.7 0
193.8 0
193.9 0
194 0
194.1 0
194.2 0
194.3 0
194.4 0
194.5 0
194.6 0
194.7 0
194.8 0
194.9 0
195 0
195.1 0
195.2 0
195.3 0
195.4 0
195.5 0
195.6 0
195.7 0
195.8 0
195.9 0
196 0
196.1 0
196.2 0
196.3 0
196.4 0
196.5 0
196.6 0
196.7 0
196.8 0
196.9 0
197 0
197.1 0
197.2 0
197.3 0
197.4 0
197.5 0
197.6 0
197.7 0
197.8 0
197.9 0
198 0
198.1 0
198.2 0
198.3 0
198.4 0
198.5 0
198.6 0
198.7 0
198.8 0
198.9 0
199 0
199.1 0
199.2 0
199.3 0
199.4 0
199.5 0
199.6 0
199.7 0
199.8 0
199.9 0
200 0
200.1 0
200.2 0
200.3 0
200.4 0
200.5 0
200.6 0
200.7 0
200.8 0
200.9 0
201 0
201.1 0
201.2 0
201.3 0
201.4 0
201.5 0
201.6 0
201.7 0
201.8 0
201.9 0
202 0
202.1 0
202.2 0
202.3 0
202.4 0
202.5 0
202.6 0
202.7 0
202.8 0
202.9 0
203 0
203.1 0
203.2 0
203.3 0
203.4 0
203.5 0
203.6 0
203.7 0
203.8 0
203.9 0
204 0
204.1 0
204.2 0
204.3 0
204.4 0
204.5 0
204.6 0
204.7 0
